0515999109099999999199919999999909999999911999999999999990000010007111010000000000452131300
0525999139112919399999929999399919999999290099299999299990000010007012110000000000435121754
0525999999999990992999909999999090292992999909999999299090000000000002900000000000345211659
0515999991299124499949202292099992992999102999019099910940000000107011010000000000351241982
0515999109999992909922999919199992199192499999099209420090000000000001900000000000453122222
0535999999939190919999993999999999910933009991319199099990000000000003900000000000432511789
0534991009939099909939999999999991309390990999999939999990000010002013210010000100342512454
0535999499913999993999949999999993949991999999399993919120000010105023120010100000134522403
0505909999009299992999999929999990999990992999999999999990000010007010210000000000534121133
0515940209091949449042113229242940490321193040999293932220000000000001900000000000351244029
0505920294294329134999942211123402921944093309199094341210000000000000900000000000523143085
0505309993443909990099399399999999999999999990999993999990000000000000900000000000541231665
0535999999949921909993913499992933394999290299999929929990000000000003900000000000431522262
0505909119101990190999199999999999999999919909919999999990000000014100900000000000542311984
0505499999091991999099999999999999099999199090999499999910000001005010410000000000521341727
0505909999999099999999990499999999999999999999909999409991000100007010410000000000531241253
0515029099939199249039999019322931993303944299919139939990000001008011010000000000351422094
0515909099999199399339999019333991993939999999919139999990000001002011010000000000351422358
0505299992933314431912090112344990901103424419399921334240000000104010410000000000542312250
0525929299421940092994999999999992199999999999999999999990000000000002900000000000345122199
0525199909114939430993921232903999999003009439940234920930000000102012110000000000125343940
0535999949939492109399993992190999939992999299999999399990000100103023020110000000412531785
0525992990199990949099113213939902499219131394919299990010000000000002900000000000435212315
0525999919920999499924949990299999944492999999249999999990000100010012110000000000345211906
0524999999929999999920999999299999999992999999299999999990000010010012110100001000345211574
0535939992399299992999999999999999999939929939999932299990000000000003900000000000243511589
0534903999999999999933399939994999094499999999999949999990000010007013110100001000123541646
0535903999999999999933399939994999094499999999999949999990000000000003900000000000123542262
0545949394992999202333239949993999939499429299999929999990000001009014310010000000123451979
0545949499999999939999999999999949999993999999999934949920000000000004900000000000214351202
0515919199999929993299299109399299929919339912299299990920000000000001900000000000154232736
0525919299291999992919193999999999999939299999999929999910000001012112110000000000245312394
0505999999999921992999222909109992999909909992999999099290000010008010210000000000523142260
0505309992999939399099999999992999999399099909099999999990000000000000900000000000514231342
0545042999923230112344201300010911109302330221142413232010000000000004900000000000123452721
0535992332999999999999939999999993239999999999999999999990000000000003900000000000214531865
0525999199999912992999999299999929999999999992999999919990000010007012110000000000245131375
0524944999999999404999949294999999042442949922999900940990000100008012110100001000235141827
0525944999999999404999949294999999042942949922999940994990000001007012010000000000235141779
0545922021091919209991022393930929323411229429949499999410000001012014311010000000213453603
0545922229091999299999022399993999329433229429949499999490000010012014110011000000213453400
0505999999999999999999999090999910099999999999990999999990000000104010110000000000542312000
0505999999990229499909992999939490999999900999923999929220000010101020220001100000523142304
0514994499199994499119999999999944199999499999999199999990000100005011310001100010251341503
0545939939399440999399929999393993924294230092399942999090000001002014310000000000213452889
0525992349299434994922939993999993394349999939394499392990000000000002900000000000215432547
0545999999991392409994999929402999999999019490992923191040000011008024020111000000234153833
0544999999999092499994999929402999999999219490992991991040000000109014310001000010234153645
0525929999999949299999299999999999999299929999999999991190000000107012110000000000435121266
0505941909349014434931049999139999404999994319934390999190000000000000900000000000521342719
0505909999994493999099990399999999999949349309099999999990000000000000900000000000521431080
0525999299999929999999999929999999999929999399929999999990000000000002900000000000145231067
0545939999993999999939999399999949999949499939994993994990000001004014310000000000213451881
0525999999931914019992942992900999999931299394992349499190000110009022020100100000215341759
0525999999910914099992992992919999999999299994992449499990000001008012110000000000215341625
0525999999992291919949992999991999099999499929992949999990000000014102900000000000235142360
0505999199999499999909999490491991999999014910190119999910000000000000900000000000543211708
0505399009992331119399990429239999399112921990999999044340000000000000900000000000532141366
0505990999344929919993999993232909329999299290900234439910000100004110410111000000521434960
0535944192934104013129492400422919931999400123214994131400000010007013210000000000321541869
0535999299934994013299991490491999932999904093994999931990000100009013210000000000321541180
0535999499934999993499991490991999931999904093994999931990000000000003900000000000321541667
0525999992990900999929992929999990999999999999999299999990000000104012010000000000415321230
0525999219919949999192499219999999129994194199921999499990000000103012110000000000245131389
0525999214199299999993929943393999999999993923439239939990000000014102900000000000145233671
0535999999999239492119993949322999994999999999993939299990000000110013110010000000231542443
0535999921199911123193293999999999999999999999232939991920000000000003900000000000134522124
0504999999999999929999992990929909990999909929999999990990000100007010110110001000543121569
0525999992999999919191929999999991999119922999929999991190000000000002900000000000435211881
0524392999993999999993992323399929939999239999999993999990000001008012011000010000245131359
0525392999993999999993992323399929939999239999999993999990000000000002900000000000245131546
0525992999339990190299293919390919299299199001999109319190000001005012110000000000325411544
0545199420903994300990291339912942490399041399929929930010000000000004900000000000314252372
0545999900934339991994991319911999949994339194999999399990000000104014310000000000142351947
0534992399994392929919239923992929999224999291999942939990000010008013111010010000142533396
0535999931191191919999091999910999319999999193939399999190000000014103900000000000324513000
0525999419194904999999929994999992490294099999209499999290000000000002900000000000235143158
0545292109901001339492999131322991949900104399990910423430000011007024220001000000432152918
0544991109909901339491999939930991949910194399990919403430000010010014210011000100432152472
0545991999999991339491999919993991949910194399990909400430000100004014310000000000432152619
0545999949010040909991999242999992999990999999949999940990000000000004900000000000243153267
0515999999919313999209919009309993900929931992099130209990000100008011311000000000452313721
0515999999910332999199991333392999999991999999999190999990000100103021321000000000254311403
0515990999999923939999909999992999999999219999199991191990000010008011311000000000354211346
0535993190229900992229911991199921031299019291033993920990000000000003900000000000234512621
0535991999199992999939399299399999939992922999999993999990000000101013210000000000243511640
0504990499994990999999944994909994999999999909949099999990000001009010210010100100521341732
0545992099110940911999099941929999099991290909242940429120000000000004900000000000423153147
0505999941224919199991992092494949990099420999419109999990000010001010410000000000542133309
0545999922299099299199924092999949499992949999999949999190000000000004900000000000234152226
0525993999992019199922924990909999992440499999999909991990000001005012110000000000245132799
0525991991999999999212949929991949999991294999929991999190000000000002900000000000245132084
0545949999093990999999999949999949994999999999999439939990000100004014310000000000413251282
0534999999319999999399999399199999991399999999991999939190000001008013210010000100142531354
0535999999319999999399999399199999991399999999991999939190000000000003900000000000142531409
0535999930999999293993999939999939999999999992999999999990000000000003900000000000143521572
0514999291393332992939993191999999913929999999299991999990000001107021021000010000254312644
0505999999990399999999099990929993909099399999999999999990000000000000900000000000523411680
0505999999099999990999929992099999099999992999990992299390000000000000900000000000523411392
0535020109999999942334999949994994999994999193349939099990000010007113110010000000243513392
0515999099999992102999194929999199229299994292299199991990000000000001900000000000153242357
0515999991099990999192113902999099299992999999921909209290000000000001900000000000453123170
0525994929499999149429999999499929999499494939429999992990000000000002900000000000245132802
0515994421392999932949239299944934913919319429143993499990000000000001900000000000254313284
0505190909929490990911942191999999912449099299999929249190000000000000900000000000543122242
0525999903099334239990999933499909009999904299223940994290000000000002900000000000415323624
0525091213039494909144193903300923139410909992313223104000000001013112110000000000135244924
0515999499999344191993999994199994199999919999949993993440000010007011410000000000251432297
0505999999999993949093903990994990934439499999993930399990000001004010410000000000521431705
0544992994199941299429991999199949999999199999999199999490000001011014110011000010243151523
0545999994199949199419991999999949999999199999999999999490000000000004900000000000243151804
0515229999419449999999999243339999999943129921299199913390000000000001900000000000153242423
0544991299999999191491412149999999991499299499919999199920000100012014111010010000243152050
0545299993999399099499994999999999999999992949999994994930000010009014310000000000413251077
0545999999999299999499994999999999999999990949999994994990000000000004900000000000413251076
0545999099999999999499999999999999999999999944499999994990000000000004900000000000314251739
0505993049043234414993902934122990390193121999949249922990000000000000900000000000524134259
0545999344999249299993499199999999114139333999999999999210000100007014210001000000123452249
0535990999102103909939199299399929999991902090929119033990000000000003900000000000234513737
0515991999999993999999931991999999999999919999999999999190000000000001900000000000153421346
0545999994999999999999999999999999999999009994949949499990000000000004900000000000143251014
0545199092499919919909999999999994999414919949999999999990000010002014210000000000432152039
0545091099909149999044949293191191999992122129399101949290000000104014310000000000243153273
0515929929999199999002999929999299090912199999112292999990000000000001900000000000354122711
0505999990999939999999909990099999939990992992999999939990000000109010310000000000523411524
0514991999999999999999999199999999999999191991999999939990000010010011011000010000351421393
0545990949044243900999992913019999199233329190011112141920000100101024320000000000412352687
0535999149902424902413994923411943192902413992239142010140000000000003900000000000234513837
0544999419119999999909499099990999949991149199999999994990000001003014210010000100243151839
0545999999499499994449999999999099999099999999999999999990000000000004900000000000324152000
0505999909999939999993993990999999999099999909390399999990000000000000900000000000541321500
0505929903999911229999399929299900911292191309092999939210000000014100900000000000531423981
0545939391312949409399023291910939191919949931994029991411000100011014010111000000132453637
0545939399912949419399191191991939191999949931994329999490000001008014310000000000132453500
0515991999999994949911914999999999921999999999949994949990000001003011410000000000251431292
0545949199100209924999419901193999999999909949234299329300000000000004900000000000132453953
0504933339039992049999903929993329943329909999494929999090000010011010410111001000523413759
0515993999999931999993999999933919999499939999999114194990000000000001900000000000152341832
0525999999939939999932932919949399939932929491999993329990000100003012110000000000125342549
0544994299999499999999999999999999499499499999999999999990000010008014310001000010314251628
0545929993299920993944299999209992499999999992299449992990000000000004900000000000214352661
0525999999932999992999999999999999992999999992999999932990000000000002900000000000145321400
0535404904914040119409994032414949002132221102304923132010000000000003900000000000324513672
0515919999193999999999999992999919999999999991991999999990000000000001900000000000452131587
0515929942919429992919499129929999991919999999992999999990000000102011410000000000154232191
0515994994101044092499921999290942944190922902294199999990000000000001900000000000253143525
0535993999924422999399999949429944949999923949499392993990000000000003900000000000123542832
0545949029909994999999242929999940999990990909900299949990000000000004900000000000413252714
0515999999991999299909299001999919999992919990999991999990001000107011211000000000453122173
0535999993993990999999990999339999993999999999999999999990000000000003900000000000431521409
0535919999999999993999991339999999999999999939939999999910000000000003900000000000243511644
0535993493499919399994994099499919999999999993999390919190000100004013110000000000431522563
0525442199949129941191949294499991999949994292949999939990000000000002900000000000145233419
0545199393493220019999204939990999913403991999994024131030000001103024220001000000214352170
0515942412299424999294999999199929244242999091421299199490000010007011010000000000153242414
0525029299999942999993999993009399233244909990099903449990000000000002900000000000215342249
0525999993229999999999329999999999929929999999993999999990000000000002900000000000215432000
0505999999099449119119419214044929100999091919194299999990010001009010410010000000543213253
0545949499909009991049999090499909999999999999999490999990000000000004900000000000412352525
0535943999399999999993949999999999999399939999999999999990000010005013410000000000132541376
0535291099912999099919931401991931999132219239999993999910000000105013210000000000123542056
0535999939999919219133999919999993999991919239919999999990000000014103900000000000134522964
0505930990994999999999909999999993999949030993999999999390000000000000900000000000512342329
0504999019940092922999994942999999929499949999999990909290000010008010310001100010523142372
0525999949999994499992249949499990229999099999002499909990000000000002900000000000235142156
0525119012902944940929133424091990110339240490091943034010000000000002900000000000425313479
0505999919999999999990991999999099099199999999990909999990000000000000900000000000541321214
0505349431940222219991404333413999999330121399904902241410000010003010410000000000514232747
0505999992999999999900999990992999929999099299999999990990000000000000900000000000512341202
0505999999999992299999999999999999090992990999909909999990000000000000900000000000514321714
0505990992999999499999199999999990922202290999909999999990000000000000900000000000534211742
0525999299149299939999934999943999929999999922999999999390000000000002900000000000215341061
0525392123323304109310011243344910413244140014999130100040000000000002900000000000145233149
0525992099299009909909999901999999999092229999999990999090000000000002900000000000345122590
0545103941419191999399901904399919099919939999390999494990000000104014310000000000231453536
0525999192299991439221119000004909291394141499999194991130000000000002900000000000315241532
0525929992999993904999994993099499994999092092999294909990000000000002900000000000215341910
0525999299299299099990999999999999099992999999992999999990000001010112010000000000315241557
0544949904999999999994999999999999999990949949999909999290000010007014310001000010213451492
0545949904999999999994999999999999999999949949999909999990000000000004900000000000213451618
0544999299999992999999249999949994999999999999924229294990000001010014310001000010413251882
0545999299999992999999249999949994999999999999924229294990000000000004900000000000413251938
0515999999209999299919299999999219990999199919199209990990000000000001900000000000451231569
0525999299992999992999994994999992949992949999999999999990000001004012410000000000125341190
0525939939999399999239929999999999999999999992999992293990000000000002900000000000125341868
0545999994444999919919999999999999999999999999499999999990000000000004900000000000341252000
0535999999944309993399999493999999990999949943999999499990000000000003900000000000421531953
0535991999099904490993430093014993993999149909999909191190000001008013110000000000421531830
0535994999099949499993430093949993993999999999999909999990000010101023020000000000421531935
0545029993299912231000143300201421104134033322113402321300000000000004900000000000234154601
0545194999920423900240929919992029922931949390992904992930000000000004900000000000413252858
0505909299999939999999999900999999999929999399999009999930000010007010310000000000523411657
0505999390999093999399999393999999999999999993099039099990000000000000900000000000523411778
0505199004121229429991990194322904494392099499999139929930000000000000900000000000512341624
0545999994349399999499499999999939949999399999999999099390000101004024321000000000213451476
0545992110149991099999999949999929491491421099991909199310000000108014310000000000123452656
0535920999912219921211033910904999092003423310919992999990000000111013411110000000432513888
0545999949999039999994999499999999399499999099949999999990000000000004900000000000123451758
0545999349994999999439419919911999399949999999999990099910000100003014310000000000312451809
0545949999994499999999999999990994999099999949999999999990000000000004900000000000413251202
0545994990029943939999949099999299900949093999099994939930000000000004900000000000412352842
0515999929129912992929292999999999999991999999999199199990000011008021220000000000253411980
0525044994492911911099221999999149901299999999999499929940000010008012110000000000145232810
0525942199914919319419042919299999991991949399999943292430000000000002900000000000235143212
0525939299929909003399992999999933399909299993299939993990000000000002900000000000325412483
0505999199919194999499499994349991909193399004991900914940000000000000900000000000531422542
0515999999291090099991992999999999109999919999999991299990000000000001900000000000452312418
0535139429109241009213031141024999930024244409499129341400000010001013210000000000243512397
0515991921924212999999999491999949999494199499999999999990000010004011410000000000152342433
0535029193031312949999299012949991000110231409994932442940000101002023220000000000142533611
0525392923299999999299991399399999911993999999999939991290000000000002900000000000145322395
0535993399110111409030949099010993913494101444999994910400000000014103900000000000132543962
0545999999499999191949199494999999911199999999411999199990000000102014110000000000341251773
0545992299099094990999402294292999999999299992249999949990000001008014010010000000234152427
0535139929192439249911999003110099993941214999319910224400000001003013210000000000214532605
0545991999942999199992991992999949999949929919149949999990000001001014210000000000234152139
0545999999993941999294299994200949992323213039999993949100000000000004900000000000123452563
0505999999409999999494909994499922909299402990992229949990000000000000900000000000524132453
0524999499999929449929999999999992999999999992999299999990000010008012110100001000235141206