1015312141404324224100213440230133444010211200324323013030000000000001000000000000452133170
1025133033104303110201230214301224214432014421204140324400000000000002000000000000425312148
1025993344302214309191221434343909130012203499222343211041001100102022120000000000435122432
1025993344342214309199221434343919931912203499222393211040000011004022020100000000435122366
1025339249032440432921200030430411292032314111144124234030000101005022120000000000345211965
1025339299032440092921200040439411292092313111194129234030000100104022421100000000345211890
1025919299002990992929219903099311292092939111999929293090000010007012110000000000345211755
1015942201214134334143303322000912033122132491412423410440000101101031020000000000351243162
1015420102342032030332004410142102114132430412431331023440000000000001000000000000453122931
1015391104293314039210404134312920220911023392231394142340000000101011010000000000354122698
1035441410234211423123003104142330042133022230310101204440000000000003400000000000432512367
1035431043430412041132314022140311300304011234120234024220000000000003100000000000342512321
1035413434103002103913413000244993002041013419322123142140000001001013210000000000134521579
1015940209091149449042113229242940490321193040111293132220000101005021321000100000351242957
1005404031441202330033314431241939412020042990131232012230000000101010410000000000541231960
1035143240041212013030242323201943021341134130423112400040000001001013210000000000124532151
1005144420034131213004322131323040023244143040130431212220000000000000900000000000521341948
1005301310134023429301310324434910141432243290002123201220000011101030420000000000531241802
1015021204343132241030011414322141332344404233010132024200000000000001400000000000351422623
1025492390421140443339300214143930231032141022120422143040000110004022120000000000425311880
1025992390421190443399900219143930291032441022320422943040000010003012110000000000425311961
1025324212421041302014343221033932110442333349201140044000000000102012110000000000345121935
1035124200132122412433404113201331210431102243330002400440000000000003900000000000124532094
1035292214930022009339943941090913334994192142139390329940000000105013210000000000412531763
1025342420130300241002134214134212313214143320041203440010000000000002300000000000435212436
1025440414023101434221203131201913234432003492201002434300000001101022120000000000345212206
1035090434433329109342104114940933241023440493212101039000000010001013210000000000243511905
1015233341231243022041321444044120032011032131401243230400000000000001300000000000351422865
1035093421432401143102112144412930330304121034033012440020000101001023220000000000234511472
1035493231403102029334122100310942130349300093241401944140000110001023220000000000143521550
1035933913994401042294109449190923324313920493994930031220000000104013210000000000234511415
1035133294343004142322322240404999299930040133194432210140000100104023120010000000243511377
1035933992323199992399329999999999999939919933299232291990000011004023220000000000243511270
1035933992323299992399399999999999999939929933999932299990000000103013210000000000243511224
1035091001030214143332103221100943401044230143231244134240000101001023220000000000234512019
1035023131101024043233321231440312241440400032043041221120000000000003400000000000123541828
1045142324321001022031230240123444433410401103413222101300000000000004300000000000123452612
1045041442220203319094942214331949104001111099901234341030000010005014310000000000214351734
1025011214290404332912133443140913229430213199422929014000000000108012110000000000245311679
1025419299291949992942193994999999229934291999922929419910000011103032120000000000245311365
1005203012349241112439343202101924343102900302011341049440000000111010310100100000523142921
1005104223041012219034024323211933393310042404019204111330000101005020420001000000514231570
1005304223091022219039029393211933993310042404049204911330000110007020420011000000514231478
1015003013430344244111231034340141322343222202131122000440000000000001300000000000251431800
1015010420319410220120229333043912141994243294310423311040000101008021020000000000352142166
1015010420219919320190949333440912191994499294910423911940000100109021020000100000352142041
1045244010012041004214304210302934102313432294332212411130000001101024320000000000312451800
1045042444423230112344201300010911104302330221142413232010000001001014310000000000123452132
1035929420423411123904399934291234141339349149301421131920000101009023020110000000123542146
1025990194123132042111414230300922441440030342214321432030000100004022020100100000245131664
1025041293224149333920013243900492042432144022134110430330000100004012110000000000235141878
1045202021021412209901023111330924323431200429440433443410000010102024320010000000213453683
1005242114430241214330314224122993243001132340200000133110010001002010410000000000513242478
1015990400191324009119139112443924192922233019499134929030000110007021020001100000251341352
1015313214311444003412342431022910313142300042414332202200000001001011010000000000251342299
1015220130203432423412303411200943191944191024114330223020010001011011010011100000152433142
1015223132203432429412303411200943191944191094114330223020000010101021020000000000152433585
1045234931034440109394301204113923024244230020332141231010000110003024220001000000213452961
1045234939324440909394919904193923024144230020339241231010100010008014310000000000213452655
1045032994290342402224413020402934003119314413203113113041000100009014310000000000234153606
1025322430302331213124204033013912343244421490411011024040000001101022020100000000435122381
1025024140441013331022224401303212422431433324410003310010000000000002400000000000235142639
1005141002234043434431043141223030402342122211034310120230000000000000100000000000521342623
1005232201339322449001034931124900933214912233490004391100000001104020420000000000531421911
1005404933344491999090000393491922043949119303004319919990000100003010410000000000521431686
1025924244249123339993992920494991319320340329921924310301000100008012010100000000145231592
1025924294249129999993992923493991919329949329929924319390000000105012110000000000145231510
1045994149949991991019491499999941091999099044094094901990000000000004900000000000341251714
1045220242342223023344141300331412043013300114403422011110000000000004100000000000213452086
1045323442312111204204130039220940300240410133394432114120000010010014310000000000213451671
1045323449300392294204939099290943390249490239394490994990000010005014210001000000213451655
1025314244002231130244302102123914041431003024232440310330000001001012110000000000235142436
1015311300234344441311420223203311000243240211931202340440000000103011010000000000453121347
1005909999919900999099049922099909912991119940009299919190000011003020220000100000523141175
1005909999999900999099049919099909912999219940009299999190000001009010210000100000523141118
1005140339441024213933091103214904329040242290400241132110000100005010410000000000521432075
1035190432034122004433041410021903334401212133420130221410000101001023220000000000123541723
1025199293949114434333224232441923923294431039922904400010000000103012110000000000425311880
1025122211321231340902213044244003403004131490023134123440000010002012110000000000425312190
1025314230134342400142431210013222424300130112024041033430000000000002100000000000245132068
1035991394910239022143943410320913394121240030193434249200000000000003900000000000231541924
1035443424112140043103023224020931323101011242032330104140000001001013210000000000134521997
1035431131033401004003343220000942434222212493113011142410000001101023220000000000134521887
1004909999912099919909932200911209390999200929999132990990000001008010410000100001543122050
1004909999919099919909922200919909290999200929999999990990000100008010310001000010543121568
1025404442134020332113123400230241401043322112121003341040000000000002000000000000435213202
1025412100130441332341202123300224131404203014423120434030000000000002100000000000245132226
1025922909333210400291293212310909239299090444109102019110000001009012411100000000325411691
1045949939499101219949939901422994999999919949449404091990000100003014310000000000321451335
1045192420401344200221113334212942400313041340122433120010000101001024320000000000314252022
1005342410233440210921111330133991043000402490122124442130000110002020320000100000514232008
1005342410993440210911939330133991043000402490999124442130000000103030230001100000514231810
1045041210204233111144003022300411140234332244412033321020000000000004000000000000142351880
1045143490129909993139004220319934914194934130190409413400000101008124320000000000241353125
1035242331104320222343134423002911193124142034002140134000000010005013110010000000142532247
1035913131230121949190404999914910324239991193933349399100000100012113210000000000324513872
1025104342132310330223220100344999234130421022041444131100010001003012110000000000345211653
1025922313302100311012909034441909913023142232233102441040010001004012110000000000235411804
1025942034191200034999929404403942004213093342202491409220000001001012110000000000235142305
1025191223040240339123413142304144312404330392241021120340000110101032020100000000345122758
1025021021044213042231301331444212132341023400434240003130000000000002100000000000345122764
1015922293414940400939299993119911019212244091121329942040000000108011010000000000254312012
1015922299312944990999999999119911319212944091121329942200000010003011010000000000254311727
1005929401310032130910923034444211202032143202023311444121100110005020420000000000541231904
1045942449010042909941911242999992099990949992949992440900010001010014111010000000243151804
1015991919210413342209912000204913100929431300019133229990000000000001900000000000452313030
1025322223199903991100322310210999424113940012139923131000000010010012010100000000145231570
1025322223199901991103322390299999421913990012199923119090000001007012110000000000145231752
1025322223199900999103322390299999421919999092199923119090000010101022120000000000145231749
1015329229913432941133401030494999221011033419091120243240000000104011010000000000254312003
1015390092193044931931239032140920330932210010122991141440000011107031421000000000354212113
1014990092193033931931239092100920330932210910122991191990000010009011411000100001354212269
1015992092193033931931239092100990330932210919122991191990000101002021020000000000354212000
1015990999199923931991229399100999390999212919102991191990100010010011010000000000354211380
1035413140240340042221424234140321031200041231033313124100000000000003200000000000234512768
1035433242491420409321119333000990310310144099230093444410000001102023220000000000234511602
1035030210044344100439331420322911032210142200131433441420000010004013210000000000243512361
1005290112143200419934021342401991992042120209140029999210010001005010410000000000521342297
1045342012233113012204004411203400244143302121343142033120000000000004000000000000413252942
1025394302932340109222924000440920142143314392042331331040000110101032120000000000245131962
1025011041032313331202100322404244302430204314124114423030000000000002100000000000245133270
1005990999920933399099233999999999903299999900900029990990001000110010210001000000523411135
1015941334111110204499921444043404430302201233300310223130000010002041231001100000451233893
1045340922323091012094204249121049424210940102943433210130000001003014310000000000413252323
1035999933304400209310141312420911444340232234900400133120000100002013210000000000142532249
1035092130293144243233104339140933193091921492922149192990000001008013210000000000143521397
1035999930993999193933119339991933293199929992992129991990000001004013210000000000143521279
1035193144420104144103224202004933030304321111223431031400000101001023220000000000324512306
1015099929399990991331219911299911912939999999311999929990000000107011010000000000254311403
1014999929399993991331219911299911912999999999311999999990000001008011011000010000254311267
1015999929399992991931219911999911912999999999311999999990000010002011310000000000254311211
1005499333430319349904019940149991104001399299009130222220101010102020220001100000523412061
1005990999029093490329939943004923099920992490290993392420000001007010410000000000523411725
1005999392999999490909099939099909990099422909999290049390000000102010410000000000514321111
1035020102114014042331042911944992334302094093313039241300000001002013210000000000243511694
1015990421013340221140113334402090299114234299401901200430000101005021421000000000453121730
1025992313202391142242193240104929903229931439931934034100000001004012110000000000425311699
1025421923011423009932212494943901423301900992302219100390000010001012110000000000135421649
1045043342144000109334019101212942120921404422942029992100000010003014310000000000143252339
1025390422431143109024033222040929444314010000423433212330000001003012110000000000245132270
1035923441203142223929124130340923941949109039391134422300100010004013210000000000123541557
1035993991993999293999199939342943999999949439399934499390000100009013210000000000123541234
1035993994993999993999499939399943999999999939399934499390000000000003900000000000123541459
1015331000313244121423330343144914110320113292422240242400000001101021020000000000251432786
1005202900923241229014903430144930144233211442301430113020000100003010410000000000521431824
1015202921323330402091112344330014434144232341114030104220000110003021020000000000352142434
1045321440130100130420424313420992042032310241323134214310010001002014210001000000413251554
1045399230333320010424212241930910120042191144440310244110000100002014310000000000314252187
1005993040043234414993002034122990390193121999940240922990101010103020220001100000524132356
1045242430041140232334421004303441220400311131110022312320000000000004100000000000143252147
1045041244103240122143414201212914124122330193003433200000000001101024320000000000123452175
1035290430940042203333314400042914399311401231031999141040000001005013210000000000142531530
1035999143009009499999399930149093341304934933943911119040000000000003900000000000341521286
1035044310222222421393993431044110313431420230440410031200000000000003900000000000341522748
1015911933943324409991949301422939311432200419911331240440000100103021020000000000352411519
1035030442102143449231413200321924423332400401101110133400000011001023220000000000234513247
1015411030092243001203901411944922232191414029233033034140000010011011211001100000153422608
1015911933092243001229931311994992992191919029299933034140010001005011010000000000153422453
1045043134121210232941119204033931134012220244340340400200100010007014310000000000143251412
1045949194099929292941199994909999994999229244949949499990010001004014210000000000143251345
1045300093492913939209192439311944041404910244094012122090000000000004900000000000432151887
1015929021492199999024199909922419010912199999114292929190000010001011010000000000354122462
1035999131399049111222249922014933333999999939299399243900001000105013110010000000234511921
1015919199991199099091099939399999919909999919919199991990000000103011010001000000352411241
1015011433004240420341424120224131403322141411303203332200000000000001300000000000351422001
1045900441044243220939440213011194104233320133010122143120000010104024320000000000412352712
1035431140312424102413200323440303112402413132230042010140000000000003200000000000234513369
1045999241499490994442001094932104110202433099209049912290000010109024320000000000324152065
1045999241499499994440901094999104010202490099299049929990000010005014210000000000324151927
1005231202330441249031114030134913312000424302220341242130000011001020420000000000541322066
1005429903301011229103342241222900944112431300092941032410000011004020420000000000531421286
1005929903309011229903399929299900911292131300092999039210000000014100900000000000531423947
1045134390312140409349020212120934132224241031414003100410000110004024320000000000132452348
1045934391312941409349023291910934132924941031414029990410000010011014210001000000132452334
1045934391312941409349023291910934191914949931494029990410000001005014310000000000132452481
1015411400032342249211413402004922431222312013431333441030000011001021020000000000251431604
1015411409092302249911913492004994431022312012421393941030000010109021421000000000251431475
1015411499092302249911913492004994431022312019221393941030000100004011010000000000251431460
1045241044100203324113413031120193442021102049224043322010000001102024320000000000132451757
1005933339032121049999901919494119943323003200494329901000000110005020220001100000523413740
1015914991999931991934999999933913999419939999991114194990010001005011410000000000152341377
1045994223193499239042900093131920440423423342303994399490000010009014110011000000314251842
1045994223293499299942900093233920440493493942003994399490000010002014310000000000314251926
1045123403221100313244342200101432430134313202214441002310000000000004200000000000214352546
1035999132449999113322239329999939999999299932132393292990000110007023120010000000214531412
1015440211443103430211003221302102114024332243144034002330000000000001000000000000452132266
1035404904314040119403334032414949002132221102304323132010000101003023220000000000324512783
1015410124110202440903931023343912220114332341001032443420100010005011010000000000452131631
1015432924401034341924131941403921040002329312921132031430000100003011010000000000254312031
1015394114101433032332321012210942144100402033244142243300000101001021020000000000253143442
1045124423049940113344413003302229432231010331123242040111000100009014210001000000213451961
1045924423949949119344493003302299439131000393923042040110000000103014310000000000213451785
1035133144001412203344420010402342201120023141423301233120000000000003300000000000123543451
1045143334000024319992242111112940340423023309300314141410000000102014310000000000413252747
1015394044311421329441044401342910099202313410012231233230000110001021020000000000453122334
1005990990990449199919249919994900004400999999991209999941000100004010410000000000543121493
1035110342204014143433300042400320111133134203422044221210000000000003000000000000432512229
1015009414341413231124121232034910930340030021212432424030000001004011010000000000254131680
1035132214102404003004393010112992414343402433329341121200000100002013210000000000123541755
1035011122401242443911340334410913310430122239933900400420000010002013210000000000243511848
1034993113190304393044994099499910944999943933199390311190000010009013210010000100431522147
1045041424301220311221023441010921230233341009434042413010000000102014310000000000124352611
1045134143413312301024230310113442233224310140242140220000000000000004200000000000214352144
1045091303431220019144204321331912413403031043244024121030000111001034220001000000214351795
1025121213299942933030999421003499243204030091322203440330000100008012110000000000215342204
1024992993229399999949429999999924923929299999223399999990000100003012011000010000215431574
1005101009094224139119419234044920400221031433404191919390000000109010310000100000543212102
1005909009099449119119419244044920100291091919104199999990000100102020420000000000543212373
1045044422203220321340012131433913140300221144412410103230000001001014310000000000412351617
1035243093310440229143114404220921931330031034314022401200000101004023220000000000132541874
1035492333409102029349324031212934321443400130090219024400000100108023220000000000123541271
1035492333499192029349324039212939321443410130490209024400000100007013110010000000123541199
1035099333999999299399399139292939311413999939999499929990000010003013210000000000123541129
1035292499412422099413334404401931931032201231031323101940000101004023220100000000123541860
1035992140911224419393103420104933399131422030923314240000000100001013210000000000124531260
1035403432440020049033104112134933234222010431211011310240000011001023220000000000134521556
1005930990494901329999909999991934000213010293994209942231000100009010410000000000512341796
1025342241433304300422231041100923223443430002402110113410000001001012110000000000235141619
1025432201003344302211404444400932122134103020211213330140000001001012110000000000245311792
1025112012202944940229133424091920110339240490091243034010000010104022321100100000425312107
1005240142203324333100024131223011044211342230310404124340000000000000100000000000541321878
1005343432340222219041404333413900113130121390004102241410000011101030220001100000514232179
1005309191342223124900340210211244924123033324102401100130000101004020420000000000512342364
1005200922393191140992442149131392020231240409909302290310000100007010410000000000514321466
1005200999393991140999492219919392020491240409909302290190000100009010410000000000514321408
1005900999392992290999499999949399020492920409909902990990000001010010410000000000514321270
1005900999992992290999399999949999020492920909909902990990000001001010410000000000514321301
1025402320203409239409349041930994120032223393292393119000000001002012110000000000345122473
1045222443411301100340412224302919042911433130333012404320010001007014210101000000231452908
1005200300031442319919199322431100441339014409294919014330000001008010310000100000523141436
1025191229293299402044999319993931490212004312342400024930000000000002900000000000315242066
1045244014032120133324241031010994010101441344330331222220010001002014310000000000213451813
1045314231121331323231344130442404401220000100324103214220000000000004000000000000413252643
1015299943202034344214000143403311343112132219142241223340000000102011010000000000451231664
1025004999412203314022432222003909944301110349923920143430000100004012110000000000135242321
1025019949301029192239421330901999944133209122999922210010000100005012010100000000125341886
1034933339140310903309991443109919940949941943099919039940000100005013210010000100421531546
1035933339140310903399991493999999940999941943099919439940000010003013110000000000421531634
1045344003021493919349139992492941291432941291449012200230100010009014311100000000432151575
1005390410001014299014341342232944334410312190414100332930000010012110310000100000541234449
1005349990049133099009991990923299999302999390999093409390000000107010410000000000534121798
1045144241420423130243111909212029423231140340303204901330000010010014310000000000413251896
1045144943420423130243211909912029423231140340903204902330000100103024120011000000413252088
1015311003231023101420034123243120024423134401244401332400000000000001400000000000253143267
1005203330339233349109911900424900099914993492944001129240000000000000900000000000523412087
1005990290909093999399999333999932993999099992003032009990000010003010310000000000523412207
1005900911199011321223919019992909992909003921909094223240000100008010310000100000543121867
1005199004121229429991900194322904494392099400009139929930000100005010410000000000512341202
1045141234243211303442420101120424341013002031323040332210000000000004400000000000213451807
1045040310042310123444432123312943312022301094114343002110000001101024220001000000312451555
1045992120149930209421433340491921441491431099412032291020001000102014310000000000123452130
1035920933412211421221033410344931032003423310911402104420000100103023020110000000432513481
1045100244013030102434430420112433321421122040243312031120000000000004100000000000123451928
1045199342434001314430403012112913399442320099200442112131001100102024320000000000312451440
1045242942244433220401032101031934204310311344003312120110000100003014310000000000413251745
1045144490330141234900242194313222930240133349002334911210000010109024220001000000412352061
1045044490320941934990249294993209930249093349099994931330000110007024320000000000412352137
1045044490320941934990249294993299900249093349099994931330000001002014310000000000412352172
1015433244104010202322413033244901344041320412129109193120001000110011010010100000253413246
1025044294492111911099221099999149041299999922229499929940000000000002900000000000145232558
1025342012430304304314002431231222120110144314403043212030000000000002400000000000235143303
1025139242424014143392212113100933310204210433243040004210000010003012110000000000325412418
1005432102222444323101433043411003204401334110002232321110000000000000300000000000513422039
1005291330242031230319200210121900113421303490312243234440000010004010410000000000521341902
1004999144319304999309191914349991901403309004011900914940000000109010210011100100531422170
1015091199091999909919990991999919999019999991119999999990000000000001900000000000254311126
1035233400102241001213131141024333230024244403401122341400000000000003100000000000243511824
1015941921904213292999341491094922934010192219994911404220000001104021020000000000152342102
1035044203031312423123231012444311000410231102104332442020000000000003100000000000142533585
1025324043324042042330414112414910323040203422311031201010000001001012110000000000325412917
1015919492429419449990911394203999913991192091490390911240000110008021321000100000352411474
1035913343110111224030041033010443313424201444999930910200000000109113210000000000132544012
1045244999494190300440190434122910111222439331432921210000000100007014310000000000341252115
1045941122442999194912941992999144291949929919249949999990000000000004900000000000234152037
1045949941199929999194999499991949199999194144929999449990000001005014210000000000234151303
1045994191040990999490499499999999404490001999949999499290000001003014210000000000423151422
1045142232213140304324010124201443240321210033312403140100000000000004000000000000123452650
1005322349100043132114902994339932001204301440201223114930000110005020420000000000524132717
1005322149100043132194902994339922001209101440901224914930000010103020320000100000524132828
1005191094313441229421040233321901942204431210403092004310000000107010410000000000531422026
1005999099299921399991010921399909999902931290909099002910000000000000900000000000531421067
1005100349922333219090991193991909902001114290049999929220000000101010410000000000512341187
1005230022002133410011241043143931031442334192404031223220000001101020420000000000531241901
1015911199103132091229239219210911999399934033999239903401000100007011010000000000254311703
1014911199129132991229239919213911999399934233999939939990000010008011011000010000254311664
1015911199129132991929239919219911999399939429999939939990000010102021320000100000254311915
1045240324310033430992419949419999922120149223413313124430100010010014010111000000342153340
1025121433314024302424334403101242014020003312311230424100000000000002400000000000235142809
1015040020104334202231111303443949919142402011123034022340000000000001900000000000354213348