0615999109099999999199910999999909999999911999999990919990000100011111010000000000452131417
0625991900099991999200210299999929999999099991209999929190000000000002900000000000425311970
0625993339342919309199921434303919991919293499229393211040000000000002900000000000435122215
0624999999999990992999909999999090292992999909999929299090000100001012110100001000345211530
0615999199992912909919209194999909999991994999999094192990000001103021221000100000354121917
0635999999234211429193093199142991904133042291319101004440000010003013210000000000432512228
0604902999009112212299011919919910299990992999921299992990000000107010410000100001534121650
0605902999009192212299011919919990299990992999991299992990000000104010210000000000534121596
0604309993443909990099399399999999999999099990999993999990000100009010110101101000541231413
0635999999990999009930999303099993999399430999999499999990000000000003900000000000124531985
0605909990949099999999990499999999999999999999909999409990000001004010410000000000531241269
0615029099939199249039391014322931993304944299919132034200000001004011010000000000351422327
0625992999990494499999909299499999991992990922929999999990000000000002900000000000425311139
0625199401414939430994921232901999293003003413340234920310000000000002900000000000125344283
0625992990199930249099113213134902499219143394919299990010000000110012010100000000435211849
0625992990199990249099113213939902499219131394919299990010000100010012411100000000435212022
0625949919021909494924909990299949944492999999249092999940000000107012110000000000345212296
0635991939193999999399999999999939999999999993999999939990000000000003900000000000243511660
0615993939931999999931301944049990999011394199909993993990000100101021421000000000351422869
0635999999939999993999999999919999399391999939939911999990000000000003900000000000234511233
0635999999939999993939449999949993999999939999939999999990000000000003900000000000234511168
0634903991999994099933391939440990011499999999193419494190000000104013210010000100123541486
0645949324390991020031239240913999933420401192413222000300000100002014310000000000123452253
0645949499999999939999999999999949994993999999999934949920000000104014310000000000214351155
0605309992099939399099999999992999999399099909099999999990000100004010310000000000514231247
0615999019909994444999441093393191092499929499191909999490000000000001900000000000251431356
0615910420219999299190949494940912191994499299990409999990000000000001900000000000352141898
0645949999992949994994999299999999999239493999999922499990000101004024320000000000312451594
0635992332999993499999939999994993239999999999999999999990000010007013410010000000214531539
0634992332999993999999939999999993239999999999999999999990000010008013410010100001214531669
0634999999223299993992399939999932999939999999999999299990000100104023420010100001123541415
0625999199999942992991914299999922199449191992919499949940000100002012110000000000245131338
0645922021091919209991022391330929323411223429949499949410000010009014310010000000213453588
0605999999999999990999999090999910099999999999910999999990000000000000900000000000542311740
0605999992990229499200992999939490999999900929923999929220000000102010410000000000523142103
0615993494199994499119999919999934199999449999999199999990000000108011310000100000251342348
0615919919991999999919339999999999919999999999919939999990000000000001900000000000251341258
0615223132093332429412309419200943991949991094194330923020000000000001900000000000152434116
0645939939399440999394929999293923924294230023399942930090000000000004900000000000213452760
0624992349299434994922939993299993394349999939394499392990000000110012411001010000215432400
0625929940092949219194299999914919999294929999999119494191000100007012010100000000435122050
0605999301999919999901939939999990939119999999999003991900000000000000900000000000531422615
0605909999994493999099900399999999999949349309099999999990000001005010410000000000521431042
0645999949949991999909491499999999999999099099094094901990000100003014110000000000341251537
0645939499993999999939999399999949399949499939994993994990000000000004900000000000213451841
0625999999992291919949992999991999099999499929292949999990000010005112111000000000235142316
0605999199099499999909999490491991999999014910190119999910000010005010410000000000543211559
0605909999999990999099019919099909919999999999999199999990000000000000900000000000523141424
0605990939344929919993099993232909329999299290900244439910000100011110410000000000521434938
0635999939934999999993999999949999399999999933999999999990000000000003900000000000123541098
0625999992990900999922992929999993999990999999909299990990000100002012010000000000415322103
0625914219919949991142499219999999429994144112424991499990000000000002900000000000245132119
0625992214199299999993929943393999999999993923439239939990000010003112110000000000145233517
0635999921199911123193293999999999993999999999232939991920010001005013110010000000134521661
0635939999993429004199349429090994434022912493913111129010000110103033020110000000134522190
0605909999929999919999922990919909990999909929999999990990000000000000900000000000543121617
0624999992999999919191929999299991999119922999929999991190000010007012011100010000435211826
0625392999991939999991992023330929939933239999999923999990000010004012110000000000245131485
0625992999339210190299293919390909219299099001199109319191000100008012010100000000325411687
0645999990493199291999999402231499099919433102903422949220000001109024320000000000324153413
0604942420993940999933939330499994043999909990999224449230000101010020120111101000514232579
0645143990199919993139004229119939914994939130190409492900000101007124320110000000241354073
0635992392994392929319239423992929199224999091999942939990000000000003900000000000142533364
0635993931191191919999091999910999319999999193939399999190000010004113010100000000324513000
0625993010239994311919911314994942492999939990221234449440000000000002900000000000415234294
0624939932132319993929299191999999999199321929199999999990000000105012111000010000345211700
0625939912912319993929299191999999999999321929999999999990000100007012110000000000345211678
0625999992932919999929299199999999999999321929999999999990000110001022120000000000345211557
0625929999302939993032999991199909939021199299993192993990000010008012010100000000235412530
0625929999302939993032999991199909939129199299993192993990000001009012010100000000235412603
0624929999312999993332999991999939939129199299993192999990000100010012011100010000235412105
0625929999392999993332999991999939939929199299993192999990000001107022120000000000235412142
0625999419194904999999929994999992490294099999209499999220000000109012010100000000235142563
0625191921049240339193410142104144312409993499949029124990000100108022321100100000345122988
0625099929194214099999999931999942992344023499999240009190000100105022020100100000345122505
0615999999919929999999999999919911999999999991129299992990000000000001900000000000254311557
0605999909919043990990999949999999999091199909999199149990000000107010410000000000541231155
0605999909919039990990999999999999999091999909999999119990000000000000900000000000541231295
0615929299913232999133321333392999999911299999099190999990000001007011010000000000254312099
0615990999999923939991929399992999990999219999193991191990000000000001900000000000354211690
0635993190229900992229911991199921031299019291033393920990000010005013210000000000234512233
0635090999119944999939399491392991231292242209931993949290000010009013110010000000243511620
0635992999119944999939399499399999931292222219931993949990000001003013210000000000243511850
0604990499944900999999942992904992999994999909949029999990000010008010310001100010521342296
0645992999233339922204024409209909299943300993949942993990000000000004900000000000413252793
0605492921234413334392192042324949920099320191414309999040001000111010410000000000542134244
0645999922299099299199924092999949499992944999999949999190000000109014110010000000234151597
0625991991199999909202949929991949192910204999129194999490010001007012010100000000245131941
0624991991999999999212949929991949992991294999929991999190000001004012111000010000245131783
0605990999920933399099233999999999903299999900999929999990000000000000900000000000523411472
0615941334199990204499921444043404430302201233300310223130000000000001900000000000451234366
0635999993319999209311149399099999944319992291990499939120000010009013210100000000142532020
0635999993319999299319199399199999944319999999994999939120000010004013210000000000142532129
0635199149900909014103901902904993039902329111243499931900000100109023421110000000324512713
0614992391390332902209300191939990010329903999310921999930000010009011010000100001254312935
0615992391390332902209300191939999010329903999310921999930000010003011010000000000254313219
0605999999990399999999099990929993909099399999999990999990000000107010310000000000523411346
0605999999099999990999929992009999099999992999990992299390000001008010310000000000523411332
0635020109999994942331940949994994999994999193319439199390000000014103900000000000243513431
0624992393292993992299993999999929999999999999999939939990000100007012011000010000425311342
0625992393292993992299993999999929999999999999999939939990000000000002900000000000425311665
0645949949949929199914999999999999299929499499992199999990000000000004900000000000143252169
0625999903099334239990999933429909009999904299223940994290100010007012311000100000415323122
0635999994999999999999999939399943999999999999399934499390000000000003900000000000123541939
0615999299319444141992993994199994199999919399429993993440000010005011410000000000251432639
0605909999999993949033903990994990344439499922993930399990000000000000900000000000521432771
0615992991099990999099119999992919999199999991999990999290000000000001900000000000352141739
0644992994199441299429991999199949999999119999999199999490000010008014310001000010243151502
0645991049999999191491412142999999991499299499919999199120000000000004900000000000243152433
0645299942399399099429994909999999999399990949999994994930000000103014310000000000413251190
0644999099199999999499999999919999999999991944499999944990000000108014210010000100314251493
0625399999030910999229399992299990909992919992933300919990000000000002900000000000135422740
0645292429099149239994499924393941220910119131119222919321000100009014110011000000143251927
0645999344919240122993494292212999124129330199919933930001000100009014210101000000123451984
0645999344919249199993494299292999114139333999999999999210000000104014210001000000123452075
0635999999911999993333319999999999999919199939991999919990000100002013110000000000142531021
0615991993999999999999999391999999311993999999991991999990000000000001900000000000352411758
0635990999102103909939199299399929993991902090929119033990000000105013210000000000234513372
0644999994999999999991999994909999999999019994949949499990100010005014111010000100143251069
0645199092492919919209999499999994999414919949999999999990000010007014210000000000432152231
0605999990999929999909909990099999939390992992999999339990000100001010310000000000523411884
0615991999099999999991999100999999999999191991999999939900000010001011010000000000351421471
0645900949044243900999490213011999199233329133011112143120000010003014310000000000412352922
0635999149302424902413994923411943192902413992239142010140000001005013210000000000234513176
0645999419129992099909419299990990949991149199999294994990000100007014210000000000243151868
0645999249499499994449999999999099999099999999999999999990000010007014210000000000324151483
0644999949499499994449999999999099999099999999999999999990000100003014210010000100324151618
0604999909999939999993993090999999999099999909390399999990000000107010110101001000541321421
0605929903999911229909399929299900911292191309092999939210000000014100900000000000531423987
0645934391312941409399023291910939191919949931994029990410000000000004900000000000132453771
0605933339039992049999903929493119943323909290494929999090000000000000900000000000523414640
0625999399939939999912932219944399939932329191999993429990000001007012110000000000125342552
0645994299399499999999999393999999499493499999999994999990000000103014310000000000314251809
0645929993299920993944249999209992499999999992299449992990000100004014310000000000214352374
0615904002209134339922029013104994021420233409244099211430000100108021421011000000453214266
0624999999932999992999999929999999992999999992999999932990000010008012110100001000145321362
0615949091444199999919909991299999914000999299144099999990000000000001900000000000452132589
0614999999991999999929199999999991999999999999991199991990000110004021420000100001254312000
0615994994101044092499921999210942944190922902294199999990000001010011211000100000253143280
0635993999924422999399999949429944949999923949499392933990001000107013410010000000123542597
0615999999919099999199929099999999101999099999909199190990000011003021020000000000453211519
0615999999991999299909299001999919999992919910999921999990000000000001900000000000453122117
0605990999999949999999929949999900009990999999999299999990000000000000900000000000543121973
0635999993993990999999990999339999993399999999999999999990000000000003900000000000431521344
0635999909999911999933399999999999119939939103901990909110000000000003900000000000432512505
0615999299291999291192991999999919999999999991299999999990000000000001900000000000254131654
0605999009999999991100999999999999999999991910199999099190000000000000900000000000542131776
0645940994901210919299909949019999992909149999994992491990000011005024120010000000124351866
0645914299429319991929931933199942939924312199249949999920000010008014310000000000214351757
0645994999429999999999999993399942999994992999949949999990000001005014310000000000214351414
0645199303493220019149204939991992913403011091294024131030000100002014310000000000214352404
0615942412294004099294992419199929244200999091421292199490000010005011010000000000153242575
0625999993229999999999329999999999929929999999293999999990000000000002900000000000215431852
0605909999099449119119419244044929100291091919194199999990000000000000900000000000543213211
0635243099391440929943119444020999999399039099329999409920010001009013210000000000132541621
0635243099390490929943119444040999999399939999329999409900000100010013210000000000132541577
0635943499399999999943449499999999999399939999349999949990000000000003900000000000132541724
0635999939999919219133999919999993939991919239919999999990000001007113110010000000134522950
0605199039940092922999994433293999929344923109999390901290000000000000900000000000523141973
0615091120233344409123302400244901922230230491139204433040000001004111411011000000253414995
0615091120233344909123302400249901922230239491139204433490000101012121020000000000253414995
0605999113993999999990094399933099014491999999390404314490000000104010410000000000541321716
0604909992999999929900999920293999929999099399999999990990000100009010410000100001512341222
0605909992999999929900999920293999929999099399999999990990000000000000900000000000512341336
0605990292929999349429239999299910931102240192903129999090000100111020120011100000534212023
0605990292929999349929229999299910941102240199909929999090000010102020320000100000534211644
0604990992929999249999129999999990941102240199909929999090000010011010310001100010534211459
0605990992999999499999199999999990922202290999909999999090000000107010410000000000534211617
0625999299149299939999934999943999929999299922999999999390000001009012110000000000215341056
0624929992999993904999994903329499994949302092999294909090000100010012110100001000215341732
0625929992999993904999994993029499994999092092999294909990100010011012010000000000215341746
0624999299299299099990999999999990099292099999992999999990000010008112010000100001315241618
0645949934999929239994990999999999999990449349999909999020000100007014310000000000213451305
0645994399992920929999349999949994999999399999924223294990000000000004900000000000413252249
0635991999099904490993030093014343943019149909999119191190000000000003900000000000421532124
0635990299133322211442119093912903199990999920391090029010000000014103900000000000421533891
0644949929299499929949999999992991999999949999449999999990000000107014111010010000432151726
0605390419001094299944999949332994339439399190414409314930000000014100900000000000541234875
0605999990099499099909999990999299999994999999999099999990000000014100900000000000534121454
0605209320939139939199931900999999999912999393999009999930000000000000900000000000523412565
0604999390999093999399999393999999999999999993099039009990000010009010210011000100523411687
0605999911999999999292919019992999999909009999909092212290000000000000900000000000543122614
0645992110149931209499990949999929491491431099991922199010000000000004900000000000123452343
0635920939912219921211033910944999092003423310919992990990000001003013210000000000432513940
0625044294492111911099221099999149041299999999999499929940000000000002900000000000145232707
0624939299929909003399992999999933399909290993293909993290000000109012110100001000325412208
0625939299929909003399992999999933399909299993299939993290000000105012010000000000325412190
0605919999999299999901999029999099909409299999099999299990000101003020220000100000513421647
0604919999999999999909999099999099909109999999099999999990000010004010210010000100513421569
0635999999999999993993909994994399399099994939939949999940000000000003900000000000341521715
0605999199919194999499499994349991909193309004991900914940000100009010110001100000531422252
0615999999291090099991992999999999109999919999999991219990000000104011010000000000452311844
0615991921924212999999929491499942999494199419993999999990000000000001900000000000152342306
0635021213031312429993291012444911000410231109924932442020000000000003900000000000142533599
0615919494999999449999911499990999914991990999990990991990000010004011010000000000352411662
0635993393110111409030949099010993913494101444999994910400000100007113110000100000132543942
0645949999499999191949199494999999911199999991411999199990000000000004900000000000341251815
0645992299099094990949402294292999999990299992249999949990000000000004900000000000234152319
0645991992942999199992991992999144991949929919249949999990000000000004900000000000234152074
0645994999999999999499999999999999494990099999949999499990000000000004900000000000423151327
0645999922293941999224299994200949993323213039992493949101000100009014210001000000123452254
0645999999993941999294299994200949992323213039999493949100000000105014310000000000123451968
0605920099399934439309909239999990990939949939399399999990000000000000900000000000523413541
0605239099902923410919941093143931021429934192102922993220000000000000900000000000531242044
0644949029199991490999919949919999922929149229992291114490000010104024320001000010342153338
0625999193999129319929339343991992919921441312993299491930000010004012110000000000235141734