0525999999931093919999990999992999993910002291319399192920000000000002900000000000432513987
0525492009121393419009990439292903999919112400931999091430000001009012411100000000542313399
0535992994119999939999949399913949191319939999919991999990000001112023420110000000153243665
0535922999993399292929939999293999949929999329999499941290000100011013410110000000154233033
0534991929999923199129923939999999993999993991991999929190010001010013111010010000435212416
0525940404211149911992909290992990994099999290090099999991000100007112111000000000532141830
0525940909211149990992909290992990990099999299090999999990000100013112110000000000532141928
0545999923022341342022999003211990003002401320339993334240000000000004900000000000435124795
0515999299129199199299929991944999999999942999999299991990000000000001900000000000425312099
0514929242220090199999999099199999229140499999249901449010000000111011311001100010325143562
0524999919921119929999919910299991999999092999299999399990000000110012411100100001352412635
0515930029139909942992249190949999991990990000990199999910000100011011411000000000523414530
0525901099201939929990991990999990392219990991999919999200000000000002900000000000352413776
0545099922429039209939992401144993999013912493992909300990000100008014210001000000134524365
0545999922499939999939992491944993999319992493992929919991000100007114310000000000134521767
0525931992999902029994423303031999999929911393919949090030000000000002900000000000342154034
0515993391334040003999924999012299991993919499391293999030000000000001900000000000423513321
0545993911192990399339444299099939319029099910991394124920000010009134030111000000341523880
0505994332919949099393903402921949290919412194192342940290000000104010410000000000213454661
0505999099399039999999999999939990999990909999999999939990000010103020320000000000215431177
0525999902199999919199000991909192109921999909290291919990000000000002900000000000452312612
0535999990392243992993099992449909302299999209202299939991000100004013210000000000415233163
0545049999929393490992999940999999994092039999929939304990000100010014310000000000435123147
0525940004219999299990929194942994494991299499990019999990000011002022120000000000352143919
0525994419299940134992919999321901443000342303991309903020000010010012111000100000432154533
0515299999999939909992919991003991299434430199129239999990100010009011010000000000123452829
0525993494414000009949939324020994332111010299939391392030001000110012110000000000142354180
0525914341394949239114933291992934142949900234111949393390100010012012110000000000152344526
0505992233999994999929929490994934930039444093999999909990000000000000900000000000214533751
0545993204323921449020400399914993920902931129993229992990100010012014110011000000315424324
0525991099099393990999090120991931119929391999903322092900000110002022020100000000542313731
0535999094942991949990490901323990902920993390944421019320000000000003900000000000513244913
0535990999393009439999999999999999999999443092999999904930010001005013210000000000315243432
0505921303299243939319409941090911492940114299299232919430000000000000900000000000251344601
0525991249193299421393903090012999311034914439329431199901000100011012010100000000342513603
0535929942399949939994900299920999043293499929909493209990000000000003900000000000314253739
0534999909999093939999999993939999909999999999999993999990000001012013411000100001514231949
0535994394991041934144903090309999991999099194999999399910000001012013111000000000431252770
0525209330949911319931340433311931144999942299990424999210000000000002900000000000312544953
0505999932999902109233329233399993911099910993991399209990000110001020120011000000234513867
0535240149433944429004201190144931090229242190409201232230000000000003900000000000531244011
0535994903492994329019190122203449111049031411904193990420000000000003900000000000451234468
0535941049303491324009120123499912091119193004444494910920000000000003900000000000341254487
0505324349092994229443909399099923390939294039493992994990000000000000900000000000213453979
0505999444033399999493932999293999929409292999424940099900000100001010410000000000213543720
0515949999919900999099009919299929911990229940009199999090000000000001900000000000523143073
0545931921429933229913992994300999999342194319192149992290000001011014010111000000154323423
0544999920999941412099999910914902099992949920299429200910000001010014310001000010543123556
0505914399911249109434903219490913392904031399293939229440100010012010210101100000231544695
0505312999913920349992292434110919319302343992921993300311000100009010110011100000245134308
0515949919499413019949919939291994999999022949099494499990000000000001900000000000321454195
0515909992991099490999399913911499099939922292929212999330100010011011010000000000324153437
0515909992991099490999399913911499299939922292999212999330000000104011010000000000324153840
0545900902229999999903994994292933409999940499992992922990010001010014310010000000314523391
0545909992929999999909994994292932409999949499990992922990000010004014310000000000314523759
0545999333439099993009039091999991393999949909009499490140000000000004900000000000341523836
0504999499999999999999909999090999999900919299499999199990000000108010310001100010234151985
0515994949099990199094419199001944990999499992219949099991000100008011411010000000423153647
0515939499992343114491420903410949392322299999949149293440000000000001900000000000523144693
0525943099099404419049300230421999090949993201323049994420010001010012411100000000532414191
0515939139499910999999999499349994199194949199009999490990010001010011411000000000521342369
0545291019004921343291019014349939993999393931090111329040000001008014210001000000451324787
0535999299392200439929290090929904299294203999499249993390000100001013210000000000514233997
0525994932099939949999240999929939314999924994442191919190100010009012010101000000432153581
0505999399999902999999990130299999190999929999929192093290000000000000900000000000234512722
0525929199219949992911111199429999999991999999999919992990000100008012410100000000152342222
0505999999090292909991990999999999999999999999999999990990000001009010210000000000243152433
0545999499900222994949149009499999090199099909929992209990000101004124020110000000435123742
0545990192999999249919999929944999990919992999909490399940000000000004900000000000453125000
0545930390311322243939349100422190014339203219019291311940100010009014010111000000351425000
0535914911301110902939412999990923013999192004100999199230001000110013411110000000453214518
0535999292999449999929239994003992329999990399999494999390001000111013210000000000314253567
0535999099990999939029991990033991999939949999929390949941000100012013111010100000513244294
0505921392399393999392010319919912923991990913222933099100000000000000900000000000235413811
0504922393929399099939902999244922032424999094399249499040000001111020120111101000234513834
0505999929394994993922992399990099993999994399929934000990000100007010410000000000215433387
0505139924029132449992999999400991390139411099919199911140000100108020420000000000214534894
0505199923029132449992999999400991390139411099919199911140000100001010410000000000214534836
0545922191032224301929100492041192120313014309211002933400000000000004900000000000145324681
0535909999992491214999990943213990999399901290999393299210000001008013110010000000413252854
0535909999992994214999990923213990999399991999999393299210000100009013110010000000413252934
0535909929199949099292241932223992990994390990230193999110000000000003900000000000315243513
0544092290921999909994290949999929999091994994499990999990000010003114310001000010315422806
0545092290921999909994290949999929999091994994499990999990000000014104900000000000315423180
0535909092244942292909220234909910043099392924909399499230001000105013010110000000513244787
0535999990349090934499090939999999999999032990094993990920000010010013210000000000513243014
0525994499490343394944302231193093999209310404409432921930000000000002900000000000432153823
0525999914204949199994991994291929990099221999109449999990100010008012010100000000542133336
0534999919199994999499191994939999399391499999999399999930000010009013011100010000341252279
0535009499490999992099343999493999299499949994999949993430000000000003900000000000514233708
0535949999999293399999499399499999993999999999949999994930000000110013210000100000315242651
0515942309439410319229911003120940990493429934499494303230000000000001900000000000124354643
0505924394494991991192120429300941922129124014011499943330000100107020320000100000253144237
0504924294494991991192120449900941929199194014011499999290000001008010310001100010253143867
0505911409492290299411499999099911999099994992919292449900000000000000900000000000245133794
0545999949999449949199999499999999999939999999999999999190000000000004900000000000143521875
0545292993139310149912393941331992994933203091229193414000000001107024220101000000513424122
0545999999999144299192992191999929941999394499999999213990000000000004900000000000134523525
0535909499040349999949934999399999993294999494999994099300000101011123020010100000351242081
0535909499040349999949934999399999993294999494999994099390000010012113010010000000351242583
0535942449492934919203149229332992991994029421103299991140000000000003900000000000435214286
0535919912921242430099941419134229343000344122942104094000000000000003900000000000345214676
0535923990999093999999999999999992990993999992931909993990000000014103900000000000314253012
0505100033999999021312321904944991922292334993311449413410000000014100900000000000243514694
0505943342999913912233290393401929494111991999944343040030000000000000900000000000215344567
0504992411299919491221429999902949409499944091019049219990000010009010310001100010235143602
0515992004412243309232929290349999931049900192923494993110000101010021321010100000325144657
0515992004412243909232929290339999931049900192929494993110000100012011411000000000325144749
0525999999919999999999999991102999192999922999999999920990010001010012110000000000542312480
0505992399912219019999990993099993939319190999399999990110100010009010310000000000234513352
0505913999249103113993313994129930094990492031139294919990000000000000900000000000243513290
0515933999993199199499999399939999999919399139993193999990000000000001900000000000123542850
0515994093499499499994393941411943993399394993419199994390000000110011010001100000321543662
0505991142029219329313333220499934441902190031341224134320000000000000900000000000231454855
0545992994292490422999019142909999009991199499991010921990000000000004900000000000543123839
0525999999949999239994921192334099909992040999999199999420010001008012411100000000542133664
0525904444201409003940239011913293211939140319301230941100000011007122421100000000142354904
0515900929999949949333902219412903330041324443903942001410000100007011211001100000521434790
0535999990904990439093099490999949404929443999990223494390000000000003900000000000514233909
0525914004942012331439010390033949991449210414390110021230000011009022421100000000542134246
0525410391199334041419909930324193191049104209420230912130000000000002900000000000152434748
0515999123293999199993299499999999419199344999999999993131000100010011410001000000123452502
0545993399339300149019099994439999994939099909499039909910000000105014310000000000531423075
0545319194999999993943100019399991394194939930099901099940000000000004900000000000541323579
0545029020301249942111393930034991122022039399092921139441000100012014010111000000145324950
0505913349303999999131991909940914390994344413314199113090000000000000900000000000241533908
0535941141424102234944039291923940090241103241109102032000000000000003900000000000143254911
0535999299499399199999001999993992999911319499191393491990000100011013210100000000354213748
0534999299499399999999111999993992999911319499191393499990000000111013011110010000354213083
0545029090499929399999999999004999999949990994999399999940000000000004900000000000145322827
0505922929919929994339909944990999319900291294999099999240000100105020120011100000234154630
0515994222413040102299049394013924902939213024990293430190000000000001900000000000124354604
0515929199192999992929999999999929992999199992999299199190000000000001900000000000425311972
0545923019192912233040911993300924134090332290400091942130000000014104900000000000354124909
0505923434302130009993311939922444931142103244499432939490000001104020220001100000231454790
0545992194193202332319910099034990220903493099210109249140100010010014310110000000354124633
0534499999999999939999994999939999993999999999939999394990000010013113011000010000145231326
0525939999903901291992099092109993999901099999193922110990000000000002900000000000342513388
0525904949003119143921491490302093912439134203949930999020001000110012411101000000342514855
0535929199993192039999993990909999999999999999999399939990000100005013210000000000354212311
0515949994142994904242232199434920021432029394291000149990000000000001900000000000325144047
0515999919920233190399200029093999099291104399999999093910000000000001900000000000325143603
0515999299999999919992910999199992209222910099290929919991000100008011010010000000425312743
0545999099919903310210922921143909194023439399919229093440000000000004900000000000534124731
0545901990992929919922924919994999404191999992911092999240000100012014111010000000415323738
0525939421200993929491199049030999999939409199149399423920001000112012010101100000152434271
0545029904191902019994129499990999201414929922929999910990000000000004900000000000153422196
0535999449930991302949992921139444929940200999299493912390000000000003900000000000135244541
0505999999999940002939923914499993421231244433390399140320000100005010410000000000253414546
0535494990949343239994443299294999999099942999904939999990000100004013210000000000415233231
0535994349999093999049994939493949449093999944999999099990000000000003900000000000413252923
0525043311140092429113994394930930003120224131440999039490000000000002900000000000152434854
0525939439039142123494999219302934430099909939344449329900000100005012110000000000312544397
0515930990309999913999939099999999399900094409992193119100000000014101900000000000423512313
0535999923921139999993999999999999199999241999999939994930001000104013210000000000135242323
0545921999429429211291999994349929991999993499999999999990010001009014210101000000134523178
0545993221339129291331299923144919411249124933321392219990000000000004900000000000143523991
0535992999399499999949939399499999999499499999399994399990000000000003900000000000314252288
0515930099999911393900910999904999409991999999999303990130000010011011411000000000524312700
0515933099999911999900910999903999309991999999999303990190000010001011010000000000524312910
0505999199999229329199101299990911990903920999191299999990000100005010310000000000253413524
0545919991192013102399312221400999194334234091399992310410000110003024220101000000145324080
0545919991192193102399312299420999194334214091399992391410000100010014310110000000145323765
0544919991199199902299192999429999194924214191099999291410000001007014310001000010145323122
0505992999949992999299909992099929192990990944994249290990010001010010410010000000234153841
0535922912214209232144013010300999991949999392942014349440010001011013110010100000154234313
0515290999933044129299093434041924909133400120440324202100000000000001900000000000123544954
0514992944933929429942494199911439433294291933929192999930000101011021021000010000124353937
0515033030999094212292243409422239201404930233913041230010000000000001900000000000123454713
0545913220190393429001992130034933291392424291903112949320000000000004900000000000351424990
0525940031333914029339939299449940093992992993129999399990000000000002900000000000432514575
0525999999924099999499422299992099999909949999999999999990000000000002900000000000512432862
0515049999290419403990910922009499294492409099901099299110001000103011211001100000123544660
0525993442399999999991433992402934199049930293992943390300000010009012110000000000312454432
0505999499919149093149991499900999499902133099999991412920000001107020320000100000241354820
0535922210910031990990024122234900490404433129999299499930000000000003900000000000534214932
0545910133199134910904223942291992430901012322210492310930000000000004900000000000345124649
0505939939991390403994390420149999399999499919991931999010000000000000900000000000243514086
0545993999094949199934994199999909999999999993999391919491000100005014310000000000431522686
0535249919344099901021190434943994002299994209093220943920000100011013211000000000541234248
0535199999394099999299490434943999940999999949993490943990000000107013210000000000541232862
0505999199934314999991999990909999994909999999999034314090000000000000900000000000251343730
0515999392493999419393244393244999339439194219199192299990000100004011410000000000423512751
0515992999033249022002332332004923040303401132244124119040000000000001900000000000123544910
0535111299913240330190499424132911949924012494243499920910000011007023020110000000145234547
0535909219149912042992919999090092324244334092929994903310000100109023220000000000154233553
0505939119399299901929909199939901019392399039311192113990000100012010210101000000253413561
0505999193992909199999999099993999990993919199933330929900000001010010310000000000253412653
0535011119994243939199994999019991921394904999941399491320000001008013210100000000154233857
0505939494049039999114109939999943190999499933449199331100000000105010410000000000241353997
0505943941011024249339942992902993494942911293999923034300000101005020420000000000231544804
0525914304000230223344423331010131942040991191341199944000000000000002900000000000132454950
0525909100099931109403341901921994312090043444323299129410000000000002900000000000312544792
0525990903244292999493349924299999000499099099993499939390000000000002900000000000512343871
0535992990299004909213490190990912929909930993931993919900000001013113210000000000135244082
0545993301344994223090399090192993991013411999991999909340000000111014211101000000531423505
0545902910499041402293009219199919932029949091149099909990000001009014310010000000354124339
0545994919999914292931993991999993999393399994994999993490000000109014210001000000143521970
0525939934409342403199190190942934129193290090912019009400000100002012110000000000142534321
0525943193419214129323420903414939333914100994492391113940000000000002900000000000412533777
0505944949099414099119419992499119919901209299999109942990000100004010410000000000245133379
0515994999910903939994049419399999001149949949999190999990000000000001900000000000521432934
0525949499194144910009999190499949999999202200499011922990000101004022120000000000412353910
0525904909924499949110901299992999999149421199099949929410000000000002900000000000532143664
0525443399491322909934499003420999999499949299009991309920010001010012111001100000132544749
0505991191009192993999009912999999944121409991994929192220000011002020420000000000243153718
0525904090194343039333303999434993204312221199040191100210000000000002900000000000412354289
0525900990990993949999949993999930040902323293992909999420000000110012411001000000512343299
0545911192499999999229091999914992019992194992109499199940100010011014010110000000345124000
0504999949999999449999499909499994990999099999409999909990000011004020220010100100235141797
0515929019990903910999309990099993011009991499999999999090010001011011311000100000425313982
0535999499992319224149434919024994993923990911199419390990000000000003900000000000351245000
0545903999994999290999299999229499300290442409909002990990000000109014310000000000514323160
0525913494119493929339301002933914909440291291094013231310000000000002900000000000152344981
0535491440109992991910939991243991943903403294091999442120000000000003900000000000531244475
0525999999144992999414499091999941299000994299291920909940000000000002900000000000452133066
0525939133311109943932009190492912193931900493449014939220000101011022020101000000152434179
0525999139311099943932939199492932193930900493449014939220000100001012110000000000152434580
0505939399914903199949994130110993999493439099499404919990000001005010410000000000231543820
0505990199093129949114941903919912920299199419499499119900000000000000900000000000253414340
0545921209991903903190243190404991921104013039192430133920000000000004900000000000153424774
0545333099100129339409999022944999924220000492992090999330000110005024320000000000345124262
0545333099100129239409999922944999924290000492992090999030000011008024320000000000345124125
0545330099190129239409999922944999924290000492992090999030000100007014310000000000345123995
0525991009499434993409429934942913930949322493399949933290000010007012110000000000512434975
0525149099999499903490091239021999993203392199909900429910010001003012010100000000312543978
0515090229290343109344292139091929999294143390309920013400000110001021421000000000324154756
0514902440099149919999999999419440099990949909991910999091000100012011411001000010523143715
0504929992999990994999999990999299990999444099999299909990000000108010410001000010215342768
0535994499093924939999949939229994929999399999922923494990100010007013411010000000413253428
0505430919992991209999999941999902941122991941199991499001000100003110310100100000243512094
0505490919994991209999999991999903941124991941199991999000000010109120220001100000243512333
0505490919999999109999999991999901991144991999199991999000000100011110410000000000243511708
0505990919999999109999999994999901991119991999199999999000000000108110410000000000243511836
0515999999129999999949499999119299991939933999949999993910000000000001900000000000123453901
0515994999999991999999499399219942931994423999993491394911000100010011210001100000123543777
0515929399149993999994292394494399999239132144919229942410000000000001900000000000123543913
0545020330924301119391032429123919009992214099139999492140001000105014310000000000314524610
0535940302009422134234429993241229003949091420901999049490000000000003900000000000514234366
0535991999329999994120349924992990944920493994949040092330000000000003900000000000513244935
0505943419199313442131914991394219490990134193490993340900000000000000900000000000245314734
0535909999139099999999191000099999999399999999999313399990000001103023120000000000453212206
0535949999990493992439309999994994994943939942999009909990000001007013210000000000413253084
0525999199999492929199920020999999091049999299999499994900000000107012110000000000352143854
0525399909999099999299293399992991932009999299199990099990000010101022020100000000532142516
0525399919999099999299293399992999932109999299999990099990000001103022020100000000532141986
0525399919999099999299293999992999992309999299999993099990000010008012110000000000532141826
0525939344493499991499249224391999349911923994493993199290000000000002900000000000142533633
0545929993122390302293312092413999234099094929949999094090000100110024320010000000345123873
0535944022249903992402309490293940394499049992999299900390001000105013010010000000315243703
0535999993999999999999993199999999999993939999999999999390000000014103900000000000314251227
0505419949994409099199939944990999990993999999999999340940000000107010410000000000243513822
0535999991933939999999999919999999991999119999993999399990000001004013110000000000143251348
0545031943992322142339323291904999392299094109302919493390000010004014210101000000314524650
0545929393223094942934243903311900024290339009399900292920000100012014111011000000314523839
0505932903142329232492132211014029043313231191941039999290000100011110410000000000214534654
0545993991199390009192294999104991999923249999111224931400000000000004900000000000134524043
0515944909110199419499994409990144999909930290909099999990000010012011211001100000321452578
0525921393103040142341200191300221034430404104999994911130000100004112411100000000132544990
0525930999490124421013132330412999311409199101339949014240000000108012411100000000542314813
0535999904919129929994491329121499002999439999941939441330000000000003900000000000431254497
0535309249111129224440900210942391092423491219020014203130000000000003900000000000341254922
0515992000493334493220944940213922121940112392003390430300000000000001900000000000324154421
0515999994994199910904449999919994499994199990090991990990000000000001900000000000523142985
0515929209920491209999999422293999990912934199919999924310000011005021321010100000321453143
0515929209929991209999999422293999999912904199919999924011000100009011411000000000321453353
0515929412929399149999911992939919999999999929999329999990000001010111310000100000124532516
0545994099021991949492102001204919994903020211909191333920000000112014211101000000531424202
0504929299099922399992999909909992999299909929999920999990000000102010410000100001214532326
0545109092143343109999993399949999094992009919999123141200000100002014310000000000314523971
0545999949999999999999999949999994999499040999999999999990000000102014010000000000513421057
0525110499903120429094990093992939902039290193999999999190000001111022121001100000512344434
0525110499993020429094990093992939902039290193999999999190000100007012110000000000512344417
0535994219319929922091194942433919949929293192939994922190000000000003900000000000134254898
0534449991149999294429921199313912912994919929213221439320000001012013011110010000134253672
0535499999199999299999999299313994929994919999993991439320000010007013210000000000134252689
0535414114299991439202002320141901924024024490103200211331000100010013411110000000435214493
0535991920901191490122209092493901101109413399099339994940000000109013210000000000451234657
0535911019399494491911033921044999939000421299319999099990000000000003900000000000543212834
0535999192299909220041999931093914120209099320903399111990000000000003900000000000451234857
0535999910399092939199934429944991909192929290909999293930000100112023020110000000453214583
0535999910399992939999934429944991909092929291909999293930000100009013110010000000453214913
0505923992312999042339903444044922999999941322999319920100000001108020320010100000235414532