0405922494330949329119939304093914194419014493431993919320000000000000900000000000153244129
0405994999499991294999992399099999992299999999999933001200000000000000900000000000123543871
0445999299249021099299929991944999999999911999999299991410001000110014210000000000425313187
0425912409299999999240994399999944499990499249999099994190000000000002900000000000351244277
0425994099391999320401330939939940993499912999491209991020000001109022020101100000531245000
0415999990929944919409999091909909999999090194049909921920000100009011010000100000315243891
0425999919101393941910220919299999999913191049492099993900000000000002900000000000351424007
0425999919209949403112900919401999399311990299931999994210000000110012110000100000341254481
0425149934403031220309094039939909999993399993999990919220000000000002900000000000541234872
0405299429919432099339924304419993299994213099494099122190000000000000900000000000135424809
0405999999999999009999999999999999499499093999999099999990000001011010310000100000124532502
0415933300202220414991309399232993290094999939292230133190000000000001900000000000512434838
0415940420903491229443399932333990094900921109949290203210000000000001900000000000512344976
0415999399093391990991999934999999939149199909999990309990000100007011010000000000512343125
0425931433994343221001010042199901303114944909340939143240000000000002900000000000451234993
0445311912123924949199134924390911122999999922939929929330000000111014010111000000354213688
0445939994919199999990944919139993001909112439099999991190000001009014310000000000532413238
0445993193099229293111993919994999994014193293933190292340000010012014210101000000342514812
0444993399300309443999994999011999993993909939099993999140000100011014210011000100423513797
0445911399020299101323202430944999399921924933393230192290000000000004900000000000243514922
0445090413913990211919409999940920294099930299309222330310000000000004900000000000234514102
0425919190339910903939329991929991912399199099991929999990000001011012311100000000451323607
0425999944912943944919140399292094491199940099090139910320001000109012010100100000251434809
0435994199494920431121901414342922490104132312010094940200000000000003900000000000245134997
0435922112494400001190431144403919222224049341419299902930000000000003900000000000254135000
0415922992399442032990999940111990020999420139229249900990000000000001900000000000315245000
0415924229232999499992932399910999441922129049939399999210000001002011010000000000213454213
0415992329022923309333920099999990931924941109992209992190000110005021421000000000315425000
0404993992993990093390929999939999992999993999999099199930000001005010410000100001142532976
0435999999992249392000090999943992999999942222920999923430100010010013010010000000523143863
0405199943999499999999919949022999991999992099999093992900001000110010210101100000152433529
0425999919999120999999999999920990999949929999999299994990000001009012110000000000351243165
0425291104394130234144414003001941143933321394999993432010000000000002900000000000431255000
0425919119494430214993304109292994934940329103331990990910100010012012411101000000521344963
0425919199394430214993934109292991994940329103391993990910000011005022020100000000521344955
0425999999992999999999999999999939992999992299999999999990000000000002900000000000451322000
0405999999999994399499993999999999994043390993399039999090000000014100900000000000134522708
0405949322229130999994994312391999329323040322934944321100000000000000900000000000145234745
0404922939093939103999992233909922913919191093992999219190000010005010410000100001135424000
0405999344349949029991999990009999991111293999391934423320000000000000900000000000132455000
0405941191919390391143934991990999919119400999299999139490100010012010310000100000152344892
0415999999922941499990992990919999999919499994992249199990000000000001900000000000215343591
0445999999399934143999999999939920993399999429909999119490000001111024020111000000425314803
0435322411949931902141210043903990424149999914142104409000000000000003900000000000253145000
0435999999919299999999993129999919999992939911939999199390000000000003900000000000253142625
0405039924229941111122431499090299331193940194223939994210000010012010410001000000134524924
0424990999919099129999901199999199912990090299992990999990000001111022421100100001431522777
0425999999919099129999901199999999912990090299992990999990010001002012110000000000431522965
0415299992999990194994999999040930293099104299999929991100000010005011010000100000314254049
0405213332412129039121244499900999943439939113291213999300000001012010410101000000152344924
0425999149940011229444939994341994409991132341309939331020000101002022020100000000521345000
0445990313030919919993121999911949114309994093921399993140000000014104900000000000324514123
0445919999499111949919993999099919994491900919919999911990000000103014310000000000352413492
0434990919399949939994914999999949441999994994099391919390000001011013210010000100432154000
0445999099991914129399900210424919000333304199033212932110000000000004900000000000423514918
0445933132329420019002019103011919132312901439993092034040000001010014111011000000324514968
0445909110002233040210119192243999992249339911212099903340000100002014310000000000345214939
0445939133012929041312929191140919939110099029323320400040000000000004900000000000235414976
0445999999999999112993993934999999399399399939939499994490001000107014210001000000234512619
0445991390499021932939920299941921020923201999119909199440000000108014311110000000435214830
0445999930090192340202232902194999919090919109903399403410000000000004900000000000534214912
0445901999902032440103921303224910903929212493099010319990000101104034120011000000452315000
0424919999919211999939999313923991999399922919399993391990000000110012011100010000351422974
0445999912020294029911993902092921931339402499231909109140000000000004900000000000253414985
0415190240449433219242230994303944334349930202322203192010000000000001900000000000314255000
0415999992299242190929219239001990932993330429924393249190000001011011311010100000415234889
0415999099993990139449900192133990999949329999929990939910000000000001900000000000513244558
0445932212233090419120130339400912011021243033312901294100000000000004900000000000235414942
0445999999999299999999999999234994999923999992499929299940000001005014310000000000234512569
0405912199022309239929992991099299919999939999991220993990000000000000900000000000145323288
0445993939999042499993399103934919290301004292209909919390000000000004900000000000254314980
0445992229199112049099039030933902904141990422392091239010000000000004900000000000345214990
0415909999924999310999999929122993999299991999999492399310000100011011010010100000413254875
0414929229129939209099919909939999091992291992090299999990000010010011411000100001315244000
0415349999419994210399443999492999091399949194499903993020000000000001900000000000514234634
0415990999993293032909409939313499194999914329049020940120000000000001900000000000315244466
0415392993399990209932090999999992999991219193339399909910000001012011311010000000513423735
0425499341149912429999941911999933339949332099331991449200000000111012311100100000341524232
0445992931999914999991949493999939319939991139999999319940000000112014210101000000243513447
0404919994991999101919409949999991999999999919919990991900000000112010310001100010154232834
0405939490493199299999199931013949199219203199999393224090000010003010410000000000125434669
0415903900324092912294039049411109442909929922943203403490000000000001900000000000413254991
0405939991340999109141309324299999941119992099993399929920000001003010410000000000142534961
0405299231294394443311120239001931391290939991913329992990000100002010410000000000143524240
0405919249999040421999294912999299129490994021219299991990000000000000900000000000153243881
0435312249004444332100112244010910022999990901201294139440000000000003900000000000452135000
0435092949119492930910900191933999900449293410209949129290000100108023020110000000543124977
0425994103499099199301433341101933401424204293343499410020000100008022020101100000321544817
0425994103499099199931433341101933401424204293343499940020000000109012110000000000321544965
0425939443041113929493439940092999344991999293433031301290000000000002900000000000231545000
0425990404339342149311994992390934034994442993119299914990000000000002900000000000231544704
0415932242499032009342412933041992029999933309242102990310000000000001900000000000415325000
0415919993999949931099404999991990909904199449099999999990000000000001900000000000512343627
0405919299143304429911193919414993999299999399192219049000000001012010310000100000142354558
0444999499999999999999999949999939919191999499999919994990000100009014011101010000352412816
0445999999499299999191949299924999994993999992999119999290000000000004900000000000245314000
0425999499219413424993494994399991399999939293149991234140000000000002900000000000251433994
0405923933429930919399244299293319219199991291992410239000000000000000900000000000135424541
0425990999909204999993993909992990092339909343999999999290000100012012311000100000541323589
0425990999909200999993993999992990092339909349999999999290000010009012411000000000541323807
0425919199439949299919394929990999393009944293999931493200000110004022120000000000251434835
0435194209090194390049241113443992492190930244199499001490000001002013210000000000523144895
0435994249149909191104424214023999991199102291123399439040000000000003900000000000243154765
0435909114992993499900002414310941142291939399999900249940000000000003900000000000254135000
0415329443491029310432334440392990399349292149002190923930000000000001900000000000413254950
0415999999999919909249999999919999999949999942499199944190000010009011411000000000314253639
0444999900929990499900992292099990994909229994999999942990000001005114010110001000354212307
0445930999321303119322049049194939991910901292921129300140100010012014010111000000234514781
0405921199993943302909991122999991990993349299099911231190000000000000900000000000153424653
0435199491099999991299490429939994943012921399490094492130000000000003900000000000432154940
0434991092091132990029919939391919291229992990200202999930000010012013411110100001534123844
0405994292299999994999999499999999990999094994999094909990000000000000900000000000124353000
0414929992922941999999999992999991929299992999199294991990000010007011011000010000315242286
0435909211192493930010239929920929014949192219021194249130000100012013010110000000354124921
0435990319999394399499199994919999494939990991999199919990000000014103900000000000345122237
0425999399143930429999939044044999341930993209409903442200010001011012411100000000351424783
0425943032294439439993149919929414943424994930399393939110000000000002900000000000231454658
0405923249402110234343313394029943394492212924231149992900000001108020120011100000123454956
0445999111099299243221049221041999999999999939299999249930000000111114310000000000234512957
0435929290090329239999949299949999110939993099299999999200000000000003900000000000354124253
0405499999939099939991994999340999993999999990993099439990000000107110110001100000145232764
0425994003319321123333900313424903444099441990409400192940000000000002900000000000521434850
0425999949990993924999949039992940942909999449990900924930000000000002900000000000521343882
0425499149419331439919990102923904949003034291009949219140000000000002900000000000351424616
0435949990124994422200324192493940044924929392099311409990000001007013210000000000325144809
0434999999929093992099920009333999299099909099999999099990000001010013110110001000325142976
0445999994909999949339993929919999990992999399999949991340000000000004900000000000534213889
0415922990991919919922929909999999999999999992999199099290000000000001900000000000415322884
0425310933999999329093041140944909939394292903094314409320000000000002900000000000541324942
0425999999999939219919999999999999999391992999992919929390000000014102900000000000531422674
0435999009494900399000919391324992909910922940290913191210000000000003900000000000543124539
0415992939222993999292999149419999999999922929999921399140000000000001900000000000214353858
0405939292041939419199101491931939192939949913994219990300000000000000900000000000132454951
0415394944139334339920022229410294401299934104902239499990000000000001900000000000415234936
0415922440430300992023349203193942404390991932032299011390010001011011311000100000412354963
0405914332129909439939999110931991921992993013999991939900000001010010410111000000153244655
0405923933933099949393999094990999399999999999999999049990000010001010410000000000152433434
0445914991009999913992904031099999199901093119931044039310000000014104900000000000423514036
0405999399132219919992909929299999999999009999199199039390000000000000900000000000132453322
0444933039039993249999934929992039904349929999392939999990000000112014010111001000523413306
0425999934239999299990000191099990300399199299993239999390000000104012110000000000431525000
0445099913993923991999132100319199394991023932999999404490000100009014310000000000253414377
0425149901019109299944949999922909994091031901199912999090000010009012411100000000531244613
0425999092299133949919199211391999999994099299999019109910000000000002900000000000531243405
0445909999033299299990999932094493499991199499990990329920000000102014310000000000425314524
0445913009421393019232341923004919992123992021329239000340000000000004900000000000325415000
0445920922991901949399991191000990214190909490900999211940000000000004900000000000324515000
0415999099999499999999999929192929499192931139099999494440000100010011010000100000215344260
0435992992411000034299922903024942940034114411422499139990000000000003900000000000253144953
0445900020313222240130429990301991312123093130131399024140000000000004900000000000523414974
0445299909993999349293999039030923999229994192994432399910010001010014110011000000423513612
0425939444999999924494909129939949310429931149411293341930000000000002900000000000231454492
0425901944033031300091444102032999441191903241914409991320001000110012411100000000231454980
0425141430039909239444139921999949344019230000909319999020000000000002900000000000321454835
0425949113913400339999993923329999999199419233119209319040000000000002900000000000451234724
0425933190290093999919999290230991192999909999911099999990000000000002900000000000351423629
0445910339433924999099949999339913090993990992399999994990000010008014210001000000432514752
0425993099339940219039921139912940003940319394339190942910000000000002900000000000431254881
0445909333310194940999009941999999139909091093911939909040000000000004900000000000254313974
0425994990994129924994449999992999942391010149993909019130000000000002900000000000321454970
0425993499921031131499294399910999499310233099999904041920000000000002900000000000241353948
0444999999994999990999994149999999999919499999999999999990000001009014210010000100534212729
0435991929999129999929992999999992992991933322929999199930001000111013110010000000345123000
0435949110392104242210930921999914944449929312212399914040000000000003900000000000254135000
0435999009399114391202999109139921293999092922129099099120100010011013110010000000542134869
0435910999124319941990429412444999990999299940022419319330000000000003900000000000453124947
0435999999999999939499999999999999993994393499999999999490000100005013410000000000354121825
0405929999911434092429943319140993434431240993999433399100000000000000900000000000125345000
0405934193141301994999314910919999999199499044199499399100000000000000900000000000132543991
0425931399933341309193490444202990930019292993999030014490000000000002900000000000251344897
0445999999994999499339393394929999939939949999999993999990000000000004900000000000423512228
0415942999239919992949919999999949939943132299449939999910000101003021220001100000214354000
0445932394291919209139030390499991942001390291111199909140000001002014310000000000352414147
0445901134330919149999399940199131193099909911333499909390000000000004900000000000452313885
0435990499499991994499993399499999999931014199449990994390000000000003900000000000253143391
0425934949419999929339934499999993990914942293999909924940000000000002900000000000231544821
0425934309249441149393299399929934402994934903999939939390000000000002900000000000421534425
0415949444499919019400302902902994033993011499999399399090000100011011010001100000312544647
0415993903244000119393020942299940033491414233242394909430000000000001900000000000512344923
0405929990919092999299099991999922919919991999990999999990000000014100900000000000135243000
0435292999313099439919999999043999999919999994999991999990000110010023421110000000453124012
0425999999999490293199901900422999992991949909999990999990000000000002900000000000531245000
0425990093213109999949999010239994939391921299039999919900000010107022020100100000451235000
0425494999219992993000999991992930999139390990909933911291000100009012411101000000521434112
0425990090933190490091349493492993999920341299993139912110000010009012411100000000531424919
0425939030903129199990999331392999999902092939399099193990000000000002900000000000531423849
0435902902109014032410209119099919494223943391010499909940000000111013411110000000354124960
0435999994149999499914229294929944999149993393492999949390000000000003900000000000245133943
0445999199199109149119999110144919499999999929999999999990000000000004900000000000543213910
0415934049932494133040909293312090490103942199903044492220000000000001900000000000512344842
0425999490999949904409492904992994929009999993999929994990000000000002900000000000521433947
0405939999999493293399999491901993399990999919999944400230000000000000900000000000125433676
0405992999939191249991994399432999199439402939993991190000000100110020220101100000124534477
0424999399904999299490399022492999309994499999499909009900000000111012110100001000321453947
0425999399904999299490399022492999309994499999499909009900000000000002900000000000321453967
0435921240190049439211241024144921413992094394112099034900000000000003900000000000345124997
0435902199049441499191299999340111199499993999991000434930000100004013210000000000453124743
0415249949294139219499993999399999999999991199999999999940000100004011410000000000514233291
0435999994999029999919940992022999190993041291994399933990000100003013210000000000352143844
0425994433449432329949414391192999994099101913949439920930100010012012010100100000421354655
0425393144249990991949909994941994120919401993191999423020000000000002900000000000531244214
0405999219933399904941999199293999190990993099929911934930000000112010210101100000152434707
0405934494949291442921334929029992193939340399399992904400000010009010210001100000142534873
0425931499140930129939324341401914944123409039499033914920000000000002900000000000231544954
0404929109911991999190999999999991999999019929999999099990000001002010310001000010153422611
0445990290939911240029339992241920931100423312922349990190100010009014310010000000534214583
0425991109443110900140990394399999194931112209999423344920000000000002900000000000351244946
0425099994141992999949409992999999999999212999199900999940000101004022020100000000341253593
0405931229299929909199994932323924190494224039412343433300000000000000900000000000154325000
0405999949994990944994999099049999999399999939999099999390000010010010310000100000123452661
0405944999499994909949999931103949999994499993399994900310000000000000900000000000134253575
0415999429192929990929929299919992994992999122999199999990000000000001900000000000415234000
0445009920909339419199931933944999999933994293299019999900000000000004900000000000523415000
0445990993309199940309941011999930393399224233020200309240000100008014210001000000523414975
0435442109021942201022990992444910990121214391499902934330000000109013010110100000254134973
0435914224210939999004401012234900400993129101229411991930000000000003900000000000354124909
0405994491322241003929143299911994443329091099944311949130000000000000900000000000123544948
0405999999999993990939499999999999940939999309993094999990000000102010410000000000132452227
0405992493339943904999903999094993999999991149299999419300000000000000900000000000152344868
0405909991022129921991992999909999999319992909999999199990000000014100900000000000132453823
0415999999993999949919499949919991399939999999999999999910000000000001900000000000312452307
0444999290499999919999949999999999901991999199090210109440000100010014310001000010523413718
0445031311303229943909923000940919191120991412221910299041000100012014311100000000254314978
0444900902441109099290140919999999192999920999919191209400000001009014310001000010452313649
0445920129002902013999990492904994990929999939999094002910000000000004900000000000325414129
0405312442419190991322993499300492212433393099221949391130000001011010410111000000145324981
0405929241042293129992119999991941411212931992929023993000000000105010410000000000145325000
0405922991099299949299999993049912941920924094149291229340000000000000900000000000145324620
0444933312312429992332931993499932299999999129929419914930000001010014011111010000235413705
0405999990299990109299299999104929299999399999999439991390000000108010410000000000134523850
0444992943399999293939939499924999429999999929393229299990000010009014311010010000234512560
0445999943399999293939939499924999429999999929293229299990000100002014310000000000234512703
0425914949199992991419999491992999944299192914411949199990000000000002900000000000341252999
0435324922194323034494999219091924419919401142949994121100000100012013010110100000234154553
0435194411149920914420290193939912404440100399104999439090000000000003900000000000423154968
0435999999999992999909999209339900993909939490929999999990000000000003900000000000523143590
0405999999993942919393099994420999993129230939999992019240000001002010410000000000123454082
0425909903999232999999929993999999993993929999999999999990000000000002900000000000531422969
0415992239330039909990493422991939229043219100929233433190000000000001900000000000513424995
0425999930949999999993499419142919304499119299931999242140000000000002900000000000431254960
0435999919991999994999999999991999999993990394999999993930001000112013010100100000532143022
0415494004322429110224942209323990241999349309009099909130000001012011311010100000514234576
0414994004422999110224992209220999291999449409009099909190010001005011411001000010514233983
0425999994199999224941939444999931992199991194999231999990000000000002900000000000241353979
0445903399494034049039939099999990993929939939099299999930000001007014310000000000523413765
0445909929992339990999390999924900949149399499992039993930000000000004900000000000523414719
0425919399941994190919919092994919912909999294992999990930000000000002900000000000531243839
0435949999902193129049949919992229990044933249044003149420000000000003900000000000234154532
0434999200999013232229999012093992209990999929909999093990000001011013411110100001534123921
0435904994121201202499909319402990944100211909404443042330000101004023221000100000342154966
0435399994999141119999999949999999999914399999990209393990000001013013210100000000432154218
0435401901399232091910111999329940192999992999900139929100000000000003900000000000452133816
0445900019199090091909111994949999999943399499919999399990000001012014111001000000543213661
0445999911199394939199920429994990929092930492909999293930000100112024020111000000453214417
0445999911399994939999920429994991929092930492909999299930000000111014310010000000453214349
0445921992432299992299994399914999999999923999999299939490000000101014310000000000235413680