1125204032201241433102303240300244004314113244411132231230000000000002900000000000431254049
1125390033443142329039441004423912920140423143032223112240000100001012110000000000451234296
1105121230242431002221424404310929340004343012112013131300010001003010410000000000135244320
1105022404330942329110930304003914194419012493431003914320000011005020220001100000153243754
1105291441330213002104123420400911040421122494113222043030000101101030320000100000153423721
1105991441330213001104129420400919040931122494191292043030001000107010410000000000153423620
1135029210139123439000330041444941441493143201422003302330000100002013210000000000534124721
1105111140331921414434242293010910202402223292040333001100000110009020420000000000123543384
1105191140331921411434242293010910202402223292040333001100000100001010410000000000123543505
1105034411003323004241442410310992112143221032432030421010010001002010310000100000123454704
1125200341044242329002102432412943431401312134032334200310000011001022120000000000521434209
1145342131042123314204320020044993400413311042240102111430010001002014310000000000425312423
1125912403293023239210031329421944442221413211144093010030000110010022020100000000351243398
1125912409293929239210041329421944492220491211144093900030000100109022121000100000351243293
1125912409293929239240944329421944492220491210999093900030000010005012110000000000351242993
1125204129334243324401310243312940193490212390420209011020000001108022121000000000531244112
1115299903021333019400111091334901430119323192044434901320000100001031231001100000315243442
1125403410101333243114223201224213234144141034032002043200000000000002000000000000351424057
1125293304042334343110322014004910342440123293112304222040000101101032120000000000351424129
1125299900042394903110322014303919132441929299912304222930000101010022020100000000351423727
1125299900042394909193322014303919132441929299912304222930100010003012110000000000351423818
1125210412203241404142400214303241310033410233301312244230000000000002100000000000341254119
1125114034413044220110000133134902320413323443442220312220000001001012110000000000541234693
1105122320414432009339422304410932240001213041391011122100000110004020420000000000135424394
1105299420419432009339922304410993290004213094491019122100000011005020320000100000135423828
1105349302210244003420410201021921223434032141913001343110000000103010410000000000124534204
1115133340202220414101300312442913200414441339212230133120000000102011010000000000512433512
1115140423232303314424232130102904424391220190104139141210011001108021020000100000312454406
1115140220124411229443310332333990012400121109441230203210000001102021421000000000512344847
1115191294004201440321140032332914322141141302392323302310000100104021020000000000512342975
1125231433224343221001010042132901303114414209340232143240010001002012010100000000451234779
1145001212123424449114104004040911122223034002334302411330000011001024320000000000354214041
1145491403110024441041002212133902224911024433013194034030000001107024320000000000435214748
1145122303131021422020213032304401044323444130014412103410000000000004200000000000534214668
1145439904931024429490944113132943001403123439009941201120000010105024320000000000532412906
1145930100042222243011912410434913344014143093133040302240000110005024220001000000342514310
1145103242300201443432414191221041320003414031200333114240000010009014210001000000423513440
1145411394020241001323202430044999399921424433393230142240000100104024120011000000243514583
1145090413213040211914401443440920204143430219302122330110000010102024320000000000234513250
1125212100443310343203324444222991942321144303301122100030010001004012110000000000451323952
1125244934112103243919340004222304423122440013020133340320000010002032130000000000251434540
1115209349232041210012914011022934432341210299244333311010000110005021020000000000312454504
1105049132111444404933200022001431133240210249331324131000000110102030220001100000123544459
1135430103414320431121301424342322430204132312010014340200000000000003200000000000245134348
1135322112444400001130431144403913222220043341419203302330000000105013110010000000254134515
1135344244121030332923243042903091121421323024130341409400000110011023120010000000235144375
1135344294191030332923243042903091421421323024130341409401000100007013210000000000235144264
1115122223414342032130341240111910020949430141423341200330010001009011010000100000315243563
1115324421230240411040332340110132441332123043231001024210000000000001300000000000213454547
1115102322422123343333040012410124441224001103032301134140000000000001300000000000315424661
1105294241241040003340213334422943932304124093030090121120000000107010210001100000142533160
1135399139034041312100024420113992394044142222220333103431010101005023120010000000523144165
1135399939932249312100020491913992399014142222920333903430000110011023120010000000523143640
1134399939932249392000090492943992399999942222920333903430000100013013110110001000523143129
1105143342144202420114314321042931304121203001310033222000000001001010410000000000152433909
1125330413311121942220323420020913234431029094991234241430000100004012110000000000351242843
1125200000132902091241323231343940433410041342444232112121000100013012111000000000521434021
1125291104324130234144414003001941143233321394222223432010000101101032020100000000431253875
1125203113404430214303330102242214244240322101331440301210000000000002400000000000521344831
1125432344432322333330441100230904012014412222210141013400000001001012110000000000451323500
1105993303002094192224341022110924224043190492334039314000000001008110410000000000134522030
1125434413133023219430010124222934043202012130304142304240000011001022120000000000521434337
1105042322220130103204004312311999312321040324034414324400000001001030130011100000145234305
1105944130013030403299112233004922213930101093992290211340000001107030420000000000135424254
1105099314341023014991200400001909414121222230111334423320000101003020420000000000132453649
1105041121210300321444223301320914214110400493242400231230000001101020320000100000152344646
1115940921022441013230322330110929932114014392093349141410011001108021020000000000215344258
1105399310040103203994300101922939110421290141220423321140000110002020420000000000123544256
1145492094123434143444301132331900932110103422202021230441010101004024120011000000425313991
1145499294029434143444391132331920932291103429902999230440000000108014310000000000425313695
1145430022221312343911911032014904220343341430410034024140100010005014210001000000425314320
1135322411343331302141210043003940424123033412142104420000000001001013210000000000253144734
1135091232922443001921243103042919049334132011439341423300000000105013210000000000253143568
1105039924220041111122431410010299331103020194223930044241010101003020420000000000134524653
1105443092232209243309442300041931421113000491011311129020000100111020420000000000134524171
1105949099992209243309449200094991431113000494013311129020000110007020320000100000134524118
1125933322214044124921104101312432042213040239332390434400000101007022120000000000431522966
1125993322219044129921104101312332332294040299992390944900000110001022421100000000431523071
1115294223411092102403013249033930213410124204431021321100000110010021421000000000314254160
1115294223411092102903013249033930213410124294431021321100000010002011010000000000314254072
1105213332412124034121244432000001143430423113212214000300000000000000200000000000152344641
1105043220004112013332230324102041413114231344410023140220000000000000100000000000142534308
1105041130921430039433230241040912200234211322920912111040000000103010410000000000145324588
1125293303442400121302314044422130023311422293331440004120000001101022120000000000341524681
1125291142340011223044239224341944404921132340303302331020000110007022120000000000521344562
1145930313030334119443122919421944114302244092421339192140101010108124220101000000324512996
1145211343400111449112400400324934134440022213121303022200000011001024320000000000352413117
1135920411333120230042210003212921444331344094094301443300000110004023220000000000432154830
1145411120444223041324333222010319300443904021933241290140011001110024120011000000234513834
1145419920444223049314333222010319300443904021913241290141000100003014310000000000234513805
1145440323441414122323000210424410010333304101032212432110000000000004000000000000423514769
1145433132324420019002014113011919132312001434443042034040000111001034220001000000324513392
1145400110002233040212114332243402012244031311112044433340000000000004300000000000345214290
1145433113013234041212424121140412334110240022303320400040000000000004300000000000235414476
1145432312314424000130413204114922241023001019133401034420000000102014310000000000234514590
1145410390443023032409220202441921010422301334111901314440000100004014310000000000435214389
1145299230040122340101212203144944413002134109103341403410000100102024320000000000534213820
1145401124102032440103421303224910103424212493034010314120000101001024320000000000452314357
1125413312412201244231004403020221304140022312343434311300000000000002300000000000351423179
1145449212020224029911193403042921430334402449331901101240000100002014310000000000253413987
1145022330341434109220211403144932434002133492203140012040000011101034120011000000354213895
1145022330349404109220931401144992494092133499203340012040000101008024320000000000354213660
1145022390349494109220933499144992494990103499203340002040000010009014310000000000354213282
1135101914132233039399140244332930933424210010910414132040000000103013210000000000453123779
1135010243422332140104332114211340042012133414204003320430000000000003000000000000453124250
1115110240441430211242230134303144334343130202322200112010000000000001400000000000314254832
1115399932220442110130210431001910202123330421924333243110010001003011010000000000415234420
1115449091433110132422003124133900204140322322231044132111000100004011010000000000513243915
1145432212233040414120130334400412011021243033312401244100000000000004400000000000235414680
1145214242331201109224324301034944210400021193442101130040000011101034320000000000234512111
1105912292012303234929134234030291011040441019201230114200000110004030420000000000145323432
1105912292012303234929134291030291011040341019201230914200000010109020420000000000145323551
1105912292012303234929134991030291011020341019201230914200000010008010410000000000145323581
1145023913302242442193300123434029041301004231202410414340000111003034120011000000254314807
1145023913902242442993300123434919041301004290202410414340000000101014310000000000254314899
1145492221143113049040334030233902004241440422332011234010000111001034120011000000345214383
1115300012440143314233412420122102102311321002444403323310000000000001300000000000413254274
1115224420111031339210012303121994343410334329204243221010000001102021020000000000314254212
1115122034130231232024414330433104301220411044200214312130000000000001400000000000315244698
1135340114291344220931029324313493412130232120040321043100000110007023020110000000423154195
1135333324042032329043331420434901020299110211014419934440000010109023220000000000452132891
1135333304042032329043331420434901010499110211999419934440000000103033230000000000452132624
1135333309044032329043331410434901090499110211999419934440000101005023220000000000452132388
1115341000411224210340443194312914321312041194023003920320000010109021321000100000514233865
1115341900411294210390443199412914341312941194003003990020000011010021321000100000514233638
1115341990411294210399443199412914091312941194093903990020000100104021020000000000514233600
1115320121114213032002304331313491124239014329244020943120000010109021020000000000315243168
1115920121112213032002409231313491194939914329249020940120000011007021421000000000315242981
1115990121113213032902409931313491194999914329049020940120000010102021221001100000315243262
1115302312313440440932040421214992132241212193333201300110000011002021020000000000513424138
1125431404244000023101341332211234113423021203432240023410000000000002000000000000431524675
1125443341101202022103440231240233034141332023401121043240000000000002100000000000341524621
1125214104433010423034112332210201403231112234432404423000000000000002100000000000241534650
1145032310043424241000944432122904301014411233302101311240000010005014310000000000243513823
1105222403431312401420300423033914121139244011320400122100010001009010410000000000154233806
1105922902431392201420400423033914121139219011920400192401001100110020420000000000154233616
1105929902431392201220400423033911121139219019920400192400000100102020420000000000154233658
1105033441111001214133432202001999013204313244344120032040000001001030230001100000125344027
1105034410432102114922112331043941304212203100090323424010000000104010410000000000125432894
1115103100344002112214032243411102442100324123143203433230000000000001000000000000413254530
1105931911240220109143303334340994042110422034903340042120000101103030220001100000142533892
1105939991240920109141303334340994041110422034903340022121000100009010410000000000142533752
1105291231122304443311120130001931304240032291013324202400000101101030420000000000143523445
1105122342243410109343021020003923233142111032123414040100000011001020420000000000125434460
1105992992243410109999021020003999333142111092333414040101010101003020420000000000125433912
1105992992243410109999021020003999333142111099333214040100000000102010410000000000125434321
1105014240203040431293334312020319421190924023410409491120011001110020320000100000153244416
1105019240203040431999394312020399121190924023210309491120000111002030420000000000153244419
1105121014013030292912144143309923320120401492031321420020000010002010410000000000135424410
1135312240004444332100112244020310422333130301201241133440000000000003100000000000452134710
1135091140104432330044012131333924302403243411200041123240000101001023220000000000543124745
1135314242102031432213111432120342004143413030234020340040000000000003000000000000453124411
1125024103420040122301433341101933401424204223343422311020000001001012110000000000321543555
1125339441040113229493432140022999144201222233433031301200000011003022120000000000231544701
1125093404302142100311234322040934004424142233113233214020000101001022120000000000231544443
1115103344001012240420012021324124231332034130323241311440000000000001400000000000513424860
1115132242414032009342412333441992021110133309242102310310000001102021020000000000415324691
1115111243201422321002324233331910432042120441044033140310000001001011010000000000512342474
1105312330123204422141103114112024100203403314432224043000000000000000300000000000142354238
1105033102443201104323204212141042113440012130204343322100000000000000400000000000123543582
1145033433110140022311320042224913232110120444401321444000000001001014310000000000352413214
1145411199494243302121949233004919994343402031999133342140000110007024120011000000245314297
1125449432202413424343024134330991010231302293102023214140000101002022120000000000251434027
1105923034429240311399241240243310210199001234992410130000000001009020420000000000135424341
1125990290340204129023003209232944432419944343092032994240000100104022120000000000541323400
1125014131032332203114114220230241333000444240410231423240000000000002300000000000251434628
1125322011401302203201414410420240311213223243034140344330000000000002400000000000251343897
1135194203030142330049241113423942432190430242193439001430000001108023220000000000523144234
1135314249144903142104424010023933391109102291123332433001010101009023220100000000243153305
1135394249144903141104424010023933391109102291123332433000000100001013210000000000243153401
1135043114232333230400002410310911142241434393421100244300000001101023220000000000254134602
1115323443411023310402334440212102304341222140002110123130000000000001200000000000413254440
1115490201401012030033211333913903204441291242444110324120000011011021321000100000314254165
1115499201401012030039911333913900224441291242434110324120100010005011010000000000314254083
1145911030020920499401011192099940014419129494110242442940000110013124320000000000354211745
1145430444321303109322049044124934011910101232420121300140110011007024320000000000234513418
1145430444321303109322049044124934011910101292420121300140000100001014310000000000234513508
1105304331031124102199903320110933430431241001212022022420000001001010410000000000132454421
1105222131001243304100914422140914000333342419003112432120000010005010410000000000153423011
1135104491031032131143400420333940043422302392491024420130000100104023220000000000432154612
1135144442221102334402343420030090044301310319133411210230000001102023220000000000243154344
1135394032401134430023314231304943431200122190400202224430000101101033120010000000534123644
1145390119022120334019011002043990493343204443141143422400000010004014310000000000354212927
1105293122440031204499240431011932920021043324920023103110000011004020420010000000124353721
1115344230302101121440203344313121232012300323120244141400000000000001400000000000315244192
1135304241442433230010231343420321014302110211020134240430000000000003200000000000354124765
1135390323000334349041021044400944212434331491113120011930000000112113210000000000345122349
1145200124321023349024344201024900444101034011241112231330000011001024320000000000453213994
1125293114043230429223131044044902301330434202431201432200000111001032120000000000351424290
1125943032204431439993002912422414243024344230329323919110000010008012110000000000231453632
1105023240401110234343313304022043304412211124231142012000000000000000300000000000123454213
1145432109342041049112213422104923033422144030039240004110000100105024320010000000235414572
1145143101021014343220142121341433000004144231230032242430000000000004200000000000234514819
1135921290090323239229343103040991011934033099101334420240000101007023221100000000354123595
1105012241300004034213442141340929231113004221132432312000010001003010410000000000145324816
1105414330014020012222034039240911123123234320412044113010000010010010410000000000145233750
1104499930019040049994034039340999193993999390943049114090000001007110210011100100145232039
1125294003312321123333200313424903444022341290402400142140000101101032120000000000521434288
1125390032430243224442404014232930112102323440401303121310000101001022120000000000521344338
1125430144143331434010223102223234332004034221010041212140000000000002300000000000351424800
1135300242443310112243410332030344422013401110143024310220000000000003100000000000423153812
1135943330124344112200314132433940044124223392092321014000000100104023120010000000325143533
1135399243123033112142120124333990230434040099100443010111011101102033221100000000325144744
1135399143123033112142120124333990230434040099900443010110000000103013210000000000325144464
1145300322120131441022023004233404014433111410232130244410000000000004000000000000543214291
1145339200311141341401244042421910230023432104244200013310000100002014310000000000523413477
1145443934104413449033091103213919001402010142999943223340000000103034230001000000534213310
1115403124491319119234902900443923202131094394110121009240000010008011010000000000415323013
1115423124491019119934902900443993222131394994110121099240000011002021020000000000415323366
1135349001132443234440104132004904240224003199213013321330000100102023220000000000324154600
1135321120440102133100440201141999320233140332230224330410000001001033431110000000523142869
1135321290092102033109949201941999320433140332230294339410000100007013210000000000523142568
1125310033229202329033041114344901112394222401134314402320000101008022020100000000541324550
1125499932344034219009292324234910909311342200102901024120000010001012110000000000531423989
1135390003414304339020324331324902240440224342240113101210000111001033120010000000543124589
1115303042432143044324213140010124103031122322402321413100000000000001200000000000214354169
1105031492041230219129103211431934422034040413414210200300000110004020320000100000132454828
1115394944139334339920022221410294401211134104902239411310000011002021020000000000415234561
1115194242320420119344204343213934431002111234132321230010000111001031020000000000413254348
1115122440430303202023341243123942404310401132032211011310000001001011411000000000412354791
1105914332121200439332110410131991231004234014099923032000000010001010410000000000153244428
1105023223411002341313990041240930214014420492333999011040001000108010410000000000152433854
1105023223411002341313990091440930214014410492333999019040000010009010210001100000152433926
1145424441300022113022324331014414100001233113432244032010000000000004000000000000423513911
1105241391422241223102102343400390914301000119122443031200000101004020420000000000132454107
1105941391422249123102102343400990919409000129192493039100000000107010410000000000132454357
1145433010230033149993004214401024014342214203301114421310000010001034230001000000523413918
1125424934231242249390000433043934300412141220331232112140000110003022120000000000431524010
1145412111431012440041012303104913200422324491420023023340000001101024320000000000543214908
1145400220330144040111334103032421431420112202132334144200000000000004200000000000354214096
1145019013023120341942120300312294324342023432401031404440000111002034120011000000253414858
1105342300044203102241329114143932041933430492102130014200000011007020220001100000145323914
1105349200044209302991329114949992041933430492402130014200000101002020320000100000145323984
1125142401031302239243944302222904914311033101199042122430101010105022020100000000531244082
1125292042229343439414011211421410401293032292044019433310000101108032020100100000531243010
1125292092229343439419411211421410441293032292044019433310000110004022020100000000531243373
1145002443103242110042401332044413442001113432300211332210000000000004300000000000425312915
1145413009421303019232341423104914442123241021329234000340000100105024120011000000325414182
1145423922941401449399991121000902214100304423900940211440000000103014310000000000324514754
1115322004232243102013404221112931304130131132004423413440000001001011010000000000215344470
1135201410013320101044040433234342044413233314320202122110000000000003000000000000452134431
1135392492412000034233322403024942940034114411122431130331010101004023120010000000253143625
1135392992414000034233322903024942940034114411422431130330000010008013210000000000253143628
1145400020313222240130424440301991312123043130131344024140010001002014210001000000523414101
1145299909993434244293903031110203990224344142994432014010000011005024320000000000423513021
1115124231301421001423341334311449213102002213324442203000000001003011010000000000213453139
1125033340043240224440232120202944310023031144411221311330000001001012110000000000231454344
1125201244033031300021444102032999441123203241214402411320000001001032331100100000231454105
1125141430033200239411132921221944344012230000402419332120000010108022421100000000321454555
1125400114433221220031142244344234101013232334310301040220000000000002400000000000451324501
1125442104014400339231933323322923094124013234114202412040000101005022120000000000451233714
1125933310243103429211991203244921122000034293913120343240000000103012110000000000351423162
1145410310412324229013344349034913031120930292224140434920000111010034120011000000432514318
1145410330412324229019344349034913091120930292234140434920000001005014210001000000432514397
1125223044332310212043421134412940003040112324331400342210000001001012110000000000431254446
1145033133310124042424009041224942133900042092111431334040000011007024220001000000254313780
1145039123310124042494009041224942133900042093111431334040000010003014310000000000254314051
1145413303100420429010024143421931213102134003412042424120000011001024320000000000432514546
1125204443404321224433402212312943102121010149403302031330000000102012110000000000321454555
1125234193221031031492204392110933142010233044234044041220000010009012110000000000241353466
1145420020334412132041434140032320233011420209999234404130000000102044130011000000534213099
1145420020334412132943434140032900233011420209999294404130000000107014310000000000534212721
1135990044201924320203309103212909430123331399242294413301000100009013110010000000452133968
1135020122213042040114344321440321101431033320204203134430000000000003100000000000345124466
1135001120344202334111103043401902423043143094422331042130000001101023220000000000235144898
1135024311410110330430423034301243042100422394421032213410000001001013210000000000243153944
1135442110342104242410430301333310141402323312202302014040000000000003200000000000254134856
1135291003330114341202410243131924243001042322143414033420000101001023020110000000542134751
1135310334024314341030024002244999310401202340222414312330000001001033130010000000453123535
1135310339124314341030424412044999390999292340222414319330000011011023220100000000453123583
1135310339124314341930424412044999390999292340022414319330000010002013210000000000453123762
1135321992400230230113143223044923003114313021344102424401000100004013110010000000354123663
1105032411424002103231410001333022221344314044412021310320000000000000300000000000123454491
1105132230004022412323311024211034241314014023314201034400000000000000400000000000123543898
1105029113411434002420442310140993424131240093223233300101010101002020220001100000125344860
1105234303241301424410414220012033012210412043233421310100000000000000400000000000132544093
1125211323033341303434410444202990230012232213121440014420010001002012110000000000251344611
1145199044204302410331310244214933102410344239312201302240000100102024120011000000423513310
1144999944294999412331312244214939139419344239399293392240000000110014211001010000423512677
1145999944294999419331312244224999139419344239399293399940100010002014310000000000423512589
1115002424231113032243111233142943129943132290441939993210000001007011010000000000214353854
1135499339094243299233012414323923104440313919919204132090000100001013210000000000253143373
1145432244241934209133030390434911442001312291311143900140000110109034220101000000352413334
1145432344241934209139030390434911442001312291311149900140000000108014310000000000352413201
1145902134330914149994399440102131133041104311203499904340000100009014210001000000452314051
1135304112013200204412040323133933341032320092440424441120000001101023120010000000253143649
1135932413121231104214243300210949399431224039449100344330000010002013210000000000253142696
1125249344042132134414001332202914420342323213130392101000000000107012110000000000241354321
1125134244412012423314201031242993340134142213233300420000010001002012110000000000231543733
1125134244412012423314201093242993340914942213233309421000100010009012110000000000231543781
1105141134201312314434343202200911902020910033240444302210010001010010310000100000132454005
1105941134401912314434393403300911909040990033140499901210000100009010210001100000132453813
1125434303242014149393242114422934402221134203930110030320000010103022120000000000421534384
1115244444229310019400302902202942033112211411133331300210000110008021421000000000312542944
1115949444499910019400302902202994032113211411133391300210000100107021321000100000312542882
1115193103244000119313020422231940033411414233242314001430000111001031221001100000512344616
1105322210341003309224011292130922420011142391910433303100000010009110410000000000135242490
1135392132310213339241134344234999122100003011931404044440000101103033220100000000345124662
1135202104313444031314210302223932031100234440411210330440000001001013210000000000453124056
1125310413231440214343331040122200202114413304023210342420000000000002000000000000531244671
1125290034210143309043244110242943443321221243042030013230000111001032120000000000451234572
1125290013130122024209311244134944913024432102400132130230000110004022421100000000451234129
1125494340232022123040444124112930203142300390033433214210000101101032120000000000521434374
1125293090033120420011342434412903229320341299923433112010000100001012110000000000531423779
1125239430933123441290004434422949304212012102312033103240000011003022120000000000531424067
1135402902103424232410203114033919434223043391010430104340000101003023220000000000354124538
1135322234044041341113113433330994900100124422222120004330010001004013110010000000435123967
1135322932149041341193113433330994999100104422222149004330000100108023220100000000435123881
1135024240141433124311224031220924014100043343102130043330000001001013210000000000245134437
1145234231190201149010449010344933412224014204300241013130000110007024320000000000543213150
1145234219190201149010449010344933412224014204300241013130000100005014310000000000543213488
1115134042032414133040201213312010442103142199903042412220000000101031331000100000512344018
1125292330404034214432312304312923220401134493441123121010000101101032020100000000521433369
1105023331124110301242221404442031120412303341301040324020000000000000200000000000154234564
1105493234014030349113102432140923124102002431111334200400000111001030220001100000154324412
1105132290000422202113240421001913331440133449131424300210000100004010410000000000125434406
1105133013231111149204103200432913434230402232014412220000000011001020420000000000124534330
1105114323411421019421410130340994012302042239334400201200000101002020320000100000134524328
1125132430213444213403113022102944132091421242340302304300010001008012110000000000321454113
1135321240130240439211241024144921413332204394112033034300000011101033020110000000345124426
1135302112443441429121439999340111230433403399991000431430000010001013210000000000453124396
1115349322240121310441243201002932102402131134403033211340000100002011010000000000514234737
1115392240233311333123430121414912404242021093244203041110000101101031020000000000415234002
1115292294233311332129440121414919494242021094999203041110011001105021020000100000415233752
1115292294233311332129440121414919994242021094999243041110000001004011010000000000415233971
1135300210121223134114140324022344100433040031144302433220000000000003400000000000352144522
1125224430449332322942414340102493340021101213103439220130000100108022120000000000421353691
1125313034232440414241441023331924120410133293121042023020000001101022020100000000531243552
1135211422001434321212030141343241403021330091024340343400000001001013210000000000452134874
1105231210133220201342044133223044130100301004211424144320000000000000400000000000152434290
1105014414012201421221231420024912113030340393323041204400000001101020320000100000142534855
1125231421140300122403324341401214143120402033024033314220000000000002400000000000231544546
1145492421231332049114443012410901223204030421014430110200000111001034320000000000253413647
1105233202144434442200214131203931203343021321010114002100000001001010410000000000153423160
1145490240404431240029333032241910931101433312222342410140110011004024120011000000534214103
1145490240404431240029333022241920931101433312922349410140001000108014310010000000534213956
1125013341032421221044444104112939334214012233330022003210010001003012010100000000231454582
1115004302111140132424342243113922101413130039232223400430000000102011010000000000315244442
1125291131333110230140403324302994420431112209210423344220000011002022020100000000351244611
1125049944131142419949033322220929323343242240392101100100000010104022120000000000341254137
1105221111030044132120142341310912034402344422903232013000000000103010410000000000145323767
1105031213130020300142121132323021100444224031412442433400000000000000200000000000154324498
1105229942321110113291141023021490004330214344240021003230000110003020420000000000123453406
1145322991422040042132043044444123313024113012010331403011000100004014210001000000345214774
1145322991422049049139043944444123313024113012220301403010100010008014310010000000345214687
1115343231013442233410324320211901411441020140330132422200000001001011010000000000314253950
1105044343244134004121240212103031202214130123223403100310000000000000200000000000134254626
1115400210303032310241114231301122124434304022232304431410000000000001000000000000415233884
1115293430100134330922232024313990414112430122402134111230000011002021020000000000415234064
1145203021404314410001931421444921393413034290220013433020000011005024220001000000523414714
1145140002300124440322041011422430333342214133120110314240000000000004300000000000523414800
1135442140041340201022930332444910320121214391439302234330000010105023120010000000254134448
1135314224240133139004404012034900400313423401223411121330000011001023220000000000354124766
1135440110342203240129034101213910434413433090093242023340000010104023220000000000453124679
1105014932032112129411333213400949241300010242103420242010000101003020420000000000132544589
1105092491322241003029143200011904443329031040434311942120000001109020320000100000123543910
1105094491322241003029143200011904443329091090944311949130001000103010310000100000123543823
1105239904431203110911231021332411240242031202901044340020000100103020420000000000132453667
1105094403213043104420301320044934313911021242401293213200000001107020220001100000152344310
1105109231022122211903324340102193233343912109031440120000000001010110410000000000132452955
1115244433310332324412401001012921310400113244034233122210000001001011010000000000312453462
1145340303401434110294442103213900211310123241010202324440000010003014310000000000523413794
1145031311303220043204223032440410131120341413221410244040000000000004100000000000254314751
1145900422441300029200140304042924193432120499419111232430000000102014310000000000452313779
1145420124102132013944491422114994010014203439999204002010000110002024320000000000325413244
1105312442414100101312031400300421212232333092221044301430000001001010410000000000145324770
1105992110133042039213230224401121191921143029990202040300000110001020420000000000135424065
1105022441032213149422110300014941414312033492421021023000000011101030320000100000145324422
1105012011002332349232330101040912141040444024141221223340000011001020320000100000145324515
1145433012300424302332011023440431241041041123223412014100000000000004200000000000235414313
1105901220330210401222304011104923132431310102443432402130000101001020420000000000134523996
1145290440310224203333901411214944409011310422003123044120000100001014310000000000234513092
1125431210433132223421221434103900132200414340033400214420000001001012110000000000531244098
1135312302041300439404010343142923141323230190414104302410000111001033220000000000532144281
1125313441040222331412300443022200344232112003411043132140000000000002100000000000341254582
1135341224100321231942301034303412444011141329043023004030000010102023220000000000234154687
1135304220114323034444323213001924413311401142243030020100000001001013210000000000234153785
1135194411143320214420290133333922404440200391104933431010000000101013210000000000423154638
1135494910090342219014319223334940333141334190920400432410000110001023220000000000523144029
1105090331244242019321020014420913131222230130133301044210000111001030420000000000123453699
1125909200934242429999922043341999394424321114293931320320000011005022120000000000531423178
1125909203994242129999922043391999993924329114299994320320000100007012110000000000531422967
1115212432030034141020413422011932221043211104923033433140000000103011010000000000513424784
1125292030049123320214443410142931001322314231331449202130000100108022020100000000431254045
1125292930049123329234443410142939001322314291331449202130000101003022120000000000431253798
1125019139314040324423903321122492091144012049211302230200000111005032421100000000341253898
1125419939914049024924993121922992090134092099211302210200000100003012110000000000341254144
1135443041032020314321121012434940404423400310011233123230000001001013210000000000532144013
1115494004322321110224042201333910241931342301002294101130000001107021421000000000514234205
1125311144022010224113432040030213422133403134342201424030000000000002100000000000241353814
1145413224404134149120934093241930043214013130039322920410000100109024220001000000523414097
1145403294404134049229934093941930943204023130039322929410000111004034120011000000523413766
1145404914301324100410231232414902041041321400223024313310000100003014310000000000523413559
1125219341440043320914030042123912012209443294232123933130000001109022120000000000531243580
1125219349440994320914910092123912012209043294202123993131100110009022421100000000531243465
1125219399941994320919914092123912912209043294292923993130000001104022020100000000531243557
1135349493302033121044043411210221930014333209044023142400000101004023220000000000234154486
1135420401001013132220100014413302441331243401223234433420000000000003200000000000534124273
1135390940123322039494301114022900014314402300941434342330000110103033220000000000352144090
1135304414121201202413303319402930422100211303404443042330000010010013210000000000342153250
1135394924492140029990029144221993323114323009934243313310000000103013210000000000432153189
1135401402313232201140101343302344104012324330440132224100000000000003300000000000452134175
1135041102142431234901402302433940001143330340021132234240000010002013210000000000352144852
1145300014113011041222213244343400103443320442122303024110000000000004400000000000543213988
1145099410121334039149921424044990909332430492409912143030000011004024320000000000453213979
1145999411199394039149921424044990929092430492409999243030000000108014310000000000453213604
1145430491432100142202914011314943320433120024401022133400000010005014310000000000235413252