0424992009121399919009990339992903999919112900931999091930000000112012411100100001542313357
0435999129114490424421913344134999299999921990099922932090000100010013110010000000135243916
0434999129114492994421913394139999299999921994499922932490000010009013011110010000135243685
0435922999993399292929939999293999949929999929999499941290000000000003900000000000154233152
0435991929999923199129923939999999993999999991991999929190000000000003900000000000435212500
0425993001209192439312444999193909499990214499999949191990000000000002900000000000532143714
0424999909209999999992999999992999999099999299999999999990000000105112110100001000532141525
0405993999240940931339992209939434223949033299999249992990000000000000900000000000214534487
0414999299199199199299929991999999999999922999999299999990000100007011410000100001425311914
0415929242220090999999999099199999229140499999249901449010000000000001900000000000325143741
0415929494224319314999949922013492924999391309299492940230000000000001900000000000523144755
0425999919921119929999919910299991999999099999299999399990000000000002900000000000352412764
0425919944490043919199499403001919229419999299499931343200000000000002900000000000352144388
0415930029139909942992249190949999991990990000990199999990000000000001900000000000523415000
0425901099219939929990991990999990392919990991999919999200000100008012010101000000352413892
0425930031104304410199929241949909901999934331931290039920000000000002900000000000542314927
0445999922999939999939992491944993999319992493992929919990000000014104900000000000134522266
0435999999094999139909901199911944994199394943999099199930000000000003900000000000431253677
0434909990909099999999934099339999099999999999949399449990000010005013110100001000531243000
0425931992999902029994493303031999999929911393919949090030000000000002900000000000342154260
0424999929999999299999999999232099999999999999999999399990000001010012110100001000412532167
0405994332919949099493902492921949290919499199199322940290001000105010410000000000213454684
0435999990992243992993099992449909302299999209202299939990000000000003900000000000415233619
0445049999929393490992999940999999994092039999929939309990000000000004900000000000435123416
0425994419299940134992919999391901443000342303991309903020000000000002900000000000432154790
0414299999999939999992919999939991299494439199129339999990000001008011011000010000123451959
0415999999999999999999919999939991999399999199199939999990000000000001900000000000123451629
0425993494414430009949939924323999992111310299939391399090000010008012010100000000142354516
0425914341394949239114933291999934142949900234111949393390000000000002900000000000152344654
0405939223941094413922343324134223343942901139224912411000000000000000900000000000215434868
0445993204323921449020400399919993920902931129993229992990000000000004900000000000315424642
0425099993993920493393129999929909990999934999999399399920000010007012110000000000142534020
0435990999393009439999999999999999999999949992999999944930000001010013010010000000315243532
0405921293299243939319909941090914492990114999999934919420000000103010310000100000251344782
0405419943994299239919313429000999929929990999911129494290000000000000900000000000251345000
0425900144439393320004103124112901431340142399019910943990000000000002900000000000452134983
0425999199902439999991929394239999999199913299999999999990000100012012010100000000452133299
0425991249193299491393903090012999311034914439329431199900000000000002900000000000342513909
0404992991991190099991229901199991999909992399999999239190000010007010410000100001243512967
0435929940399949939994900299909999043293999929999499249990000000104013210000000000314253953
0435999909999093999999999993939999909999999999999993999990000000000003900000000000514231965
0435994394991041994144903090309999991999099194999999399910000000000003900000000000431252989
0445929911099999199991299992942999999194919999999209494190000000000004900000000000435123693
0434990999933919499999091994999991999999499999909099134430000001008013210010000100531242837
0434994909194999399999190110493499119099039409914993999400000001008013210010000100451233869
0435941049309491324009190193999912091199193004444494940910000001008013210000000000341254226
0405994999333929099949949990909999949992994339499999909991100110002020320010100000213453642
0405324349092994229443909399999923390939294039493992994990000000000000900000000000213454000
0405999444933399999493932999293999929409292999424940099900000000000000900000000000213543913
0415999999999900999999099919099999911999999999999199999990000011002021020000000000523141372
0445490090032990990322012929941921992393921493009112910410000000000004900000000000415325000
0445911921429933999913992994322999999342199999192149992290000000101014310000000000154323307
0445999920999941412099999910914902099992999920299429200910000000000004900000000000543123745
0405914399911249109434903219499913392904031399293939229440000000000000900000000000231544841
0405312999913929949992292134130929319302343999999993300310001000105010410001000000245134346
0415949999499413019949919939291994999999029949099494499990000001012011211001100000321454444
0414929999991399493999399913911499299939922292999292999990000100005011011000010000324153477
0445999999999499999939902449094999999990999099939999999990000101007024320010000000415323691
0444999992929999999909999994999929409999949499992992922990000010011014310001000010314522760
0445999992929999999909999994999929409999949499992992922990000000000004900000000000314522840
0445999333439099993009039091999991393999949909009499999040001000111014111001000000341523812
0403999999999999999999909999090999999909949999499999999990000000109010210110101100234151668
0415994949099990999094419199001944990999499992219949099990000000000001900000000000423153753
0425943099099404419049300230421999090949993901323049994420000000000002900000000000532414275
0415939139499910999999999499349994199194949999009999490990000000000001900000000000521342527
0445291019004921343291019019949939993999393931090111329340100010011014010111000000451324875
0435999299392200439929290090929904299294203999499249999390000000000003900000000000514234000
0435999032499994330409941191992949191999949994924192919310000010109023421110000000415234877
0425994932099939949999240999999939314999924994442191919190000000000002900000000000432155000
0405999399999902999999999290299999990999929999919199093990000010009010310000000000234512448
0425929199219949992911111199429999999991999999999919999990000000000002900000000000152342662
0405999999090292909991990999999999999999999999999999999990000000000000900000000000243152513
0445990192999999249919999929944999990919992999909990399940000000000004900000000000453125000
0445930999011322249939349100929190014339223219399991311940000010001014310000000000351425000
0435914911301110902939412999990923013999192004100999199290000000000003900000000000453214810
0435999292999449999929239994003992329999990399999494999990000000000003900000000000314253873
0435999999299004999999499929439999903992090399999399994990000100105023220000000000415234000
0435999099990999999029991990033991999939949999929390949940000000000003900000000000513244494
0405921392399393999392910319919912923993990913222939099100000000108010110011000000235413933
0405999929394994993922994399990099993999999399929934900990000001012010210001100000215433542
0405199929019192499999999999490991390939311099919999911440000100010010410000000000214534614
0445922191032224301929100992041192120319334309211002993400000000110014110011000000145324691
0405990919999099939999099919999999299921909999999999939990000010008010310000000000254312301
0435909999992999214999994929213990999399999999999393299210000001012013110010100000413253148
0434909999992999294999994929923990999399999999999393299990000100012013210100001000413253186
0435909999994999299999994929923990999399999999999393299990000010001013210000000000413253512
0434992429999999934294993409999992294394322099294429099990000000110013210100001000314253237
0435992429999999934294993909999992294394322999294429499990000010008013010010000000314253563
0435909929199929099292241932923992990994390990290193999910000000112013111010000000315243715
0445092290922999999994990949999929999991999994499990999990000010005114110010000000315423150
0435909092244942292909220234909910043099392924909999499230000000000003900000000000513244868
0435999990349090994499090939999999999999032990094993990920000000000003900000000000513243054
0424999914214949199991991991999929999999229999949499999990000001007012011100010000542132594
0435990101994499499090944943499909991191999390939300900110000000101013110000000000431253715
0435999919199994999499191994999999399391499999999399999930000000000003900000000000341252458
0405991133421999029212934224201920392449992419999299994090000000000000900000000000251345000
0435099299490999999099993999493999299499949990999949993430000110001023421010000000514233161
0435099299994999999999993999493999299999949990999949993430000001007013010010000000514232986
0435949999999299399999499399499999993999999999949999994930000000000003900000000000315242721
0415942309439914319229919003120940990493499934499494303230000001011011010001100000124354670
0415999409499919919999919393194949999999099994999499309930000001003011010000000000124353614
0405924294494991991192120449909941929199194014011499999290000000000000900000000000253143941
0405911499492990299411999999099911999099994992949299249900000100009010410000000000245133787
0405999921113439039299913442931929204430111299999234304230000000000000900000000000234154105
0445999999999449949199999499999999999939999999999999999990000000112014110001000000143523000
0445999999999944299192999291999929991999194499999999213990000100009014310010000000134523762
0405929911999932091921109231930999939229929919113022922190000000000000900000000000241534000
0435919991901999902919141302090990233149299019991940990310000001004013210000000000154234234
0435909499044349999949939999999999993294999494999994099390100010007113010010100000351242578
0405992299999939999999992020909993999392409499999299999990000000000000900000000000215343245
0434942449992931999299949229332992991994929421193499991140000010005013211000010000435213535
0435919912921242430099940419134229993900344122942104094000010001007013111010000000345214756
0404400049999999949322999909994993999999999999349999499940000000107110310110101000243513134
0405943342999913912233299393401929494191991999944343040030000001008010110011100000215344730
0404992449999949994224999999999949909999944094099099229990000100012010110110101000235142760
0415992004412243909232929290339999931049900192929494993190000000000001900000000000325144906
0425999999919999999999999991102999192999992999999999920990000000000002900000000000542312571
0415992992243394192003993992319939933999942249099903939110000011008021221001100000425314976
0405992399912219019999990993999993939319190999399999990110000000000000900000000000234513632
0404993999299409939993329994929939094990992093339994939990000100012010410111001000243512561
0415933999993199199499999399939999999919399139993993999990000000000001900000000000123542878
0415994093499499499994393941491943993399394993419199994390000000000001900000000000321543760
0425149120991444913493120999991940912413393013090293149430000000000002900000000000512345000
0405991142929219329313333220499934441902190031341224134320000000000000900000000000231454903
0445992999991490412999099940909999009991199499991999991990000010008014210000000000543123832
0424999999949999299994924992099099909999049999999999999420000000107012110100001000542132956
0415909999999949999333922219494993330041324903993909001410000100104021020000000000521434876
0435999990904990439093099490999949404929943999990229494390000001010013411010000000514233957
0425990990099194999299111999494909999192991991999992994290000100008012010100000000352142529
0425410091199334049919909940324191199909104299490219912130000000108012010100000000152434685
0415999123293999999993299499999999419199344999999999993130000000000001900000000000123452772
0445993399339300149019099994439999999939099909499039909910000000000004900000000000531423326
0445999094999999999999999919999991994994999990099909199940000000000004900000000000541322846
0445029020301249992111393930034991122022039399092921139440000000000004900000000000145324972
0405993349399999999131991909940911390994344419314199113090000000102010410000000000241533940
0435941141424102234944099291923940090241103241109102032000000000000003900000000000143254973
0445993092092112932009919934349909291129992492010201949920000000000004900000000000534124939
0435999299499399999999111999999992999911319499191393499990000000000003900000000000354213131
0445029090499929099999999999904999999999999994999999999940000000000004900000000000145322584
0415994222493090102299049394013924902999313024990293440190000100010011311000100000124354838
0445992194193202332319910099039990220903493099210109249140000000000004900000000000354124906
0435999999999999939999999999999999993999999999939999394990000010007113410000000000145231678
0425999999913391924999904911393999099921309999102991191210000000000002900000000000412354589
0425939999900901291999099992109993999901099999193922110990100010008012311100000000342513769
0425904949003119143921491490302093912439134203949930999090000000000002900000000000342514998
0435929199993990939999999999999999999999999999999399939991000100012013210000000000354212271
0415949994142994909942990199449922021922029994299900149990000010002011010000000000325143735
0414999999929203190399900029093999099291103399999999099910000000111011411000100001325143331
0415999299999999999992910999199992209222910099290929919990000000000001900000000000425312812
0444933302439920249330993204929920209393993292309924999920000000112014110111001000513423769
0445933309439920249330993204929929909999993292009934999990000100005014210001000000513423846
0445999099919903310210922921143909199023439399919229093440000000000004900000000000534124874
0445901990992929919922924919999999404191999992911092999240000000000004900000000000415323809
0425939421200993929491199049030999999939409199149399423990000000000002900000000000152434465
0445999994191999299999999499999999999494929999999999991990000000102014210000000000153421377
0435999449999999302949992921139444929900210999299493912391000100011013010110000000135244537
0405999999999940902939923914499993421231244433390399140320000000000000900000000000253414871
0405393999999292999099999999002339999999949993999999244100100010010010210001100000231543377
0405292911991921099939399444249933190999999999919033914400000000000000900000000000231544871
0435494990949993239994443299294999999499949999904939999991000100012013210000100000415233200
0425043310140092429113994394934939093199229131440999009490010001005012110000000000152434927
0425939439039112323494999999902934430099909939344449329900100010011012111001000000312544586
0445993009019922392902394193034900309999202433232939904120000010009014310000000000531424907
0415930990399999993999999999999999399900099409990199119100000100007111010000000000423511747
0435999923921139999993999999999999199999441999999999999930001000111013210100100000135242441
0445921999429429211291999994349929991999993999999999999990000000000004900000000000134523279
0445999921939129291399299923144939913249124933211992219990000110003024320000000000143523990
0435992999399499999949939399499999999499499999999999399990001000108013410010000000314252571
0415933099999911999900910999903999309999999999999303990190000000000001900000000000524312927
0405999199999229939199101299990911990993920999191299999990000100012010210101000000253413750
0405931212992924999992999120909929999199190939929999391200000000000000900000000000254314818
0444919991199199922299192999429999194929914191099999299410010001011014110011000010145323717
0405943299999300319999199129294929499314932122392994294000000100001010410000000000215344711
0405129492339994399999299434190994129939999044499949090910000000000000900000000000234154444
0405992999949992999299909992099929192990999944994249290990000000000000900000000000234153952
0435909492099009329999093499912944099290093199999999411930000000000003900000000000531244730
0435922912214209232144013010300999991949999992942014349440000000000003900000000000154234560
0415933091330001292230999990211999939999393293999099999290000000000001900000000000523413833
0415099939993999429493991229121303939029194290999430232040000000000001900000000000423514318
0415290999933044199299093434041924909933400120494324902120000000104011010000000000123544981
0415999390999994913999329499904999931909993999990941334910000010112021020000000000123454504
0415999390999994913999399499904999931949993999992991334910000000107011010000000000123454872
0444999194499099990199909999149999099019999499999991991990000001011014310001000010451322934
0445999194499099990199909999149999099019999499999991991990000000000004900000000000451322981
0425940039333904929339939299349940091992992993199999999990000100012012111000000000432514297
0414049999099419400990910922009499994492909099909999299110000001010011411001000010123543692
0415999499991999999094419944419999999949999999499999999910000100010011010000000000423152950
0445993933430390241999931339024929393099191043909199999990000000000004900000000000431524917
0425993442399999999991433999902934199049930293992943394300100010011012010101100000312454368
0435922210910091990990024122234900490404433129999299499930000000000003900000000000534214962
0404939939991990403994399440919999399999999919991933999010000010011010410011000100243513820
0445999999099949999914994199999909999999999999999991919490000000000004900000000000431522438
0435199999394099999299490494943999940999999949993490993990000000110013411110000000541233392
0405999199934914999991999990909999994999999999999034334090000100009010110001100000251344000
0415999392493999419393244393244999339439194219199992299990000000000001900000000000423513077
0415992999033249022002332332004923040303401132244924119040000000000001900000000000123544938
0405939119399299991929909199939901019392399039311192113990000000000000900000000000253413653
0405999193992909199999999099993999990993919199933330929990000000000000900000000000253413255
0405939999232993091993323990924039923999111099999992999940000000000000900000000000243514033
0435011119994949939199994999219991921394994999941399491390000001011013210100000000154233746
0405939494049939999114109939999943190999499933449199331900000000112010110001100000241354000
0425909400099931109403343901921994342990043499999299029490000001007012110000000000312544475
0435992990299014999213499199999912929909990993931993999990000100110123020110000000135244834
0445993301344994223090399090192993991013411999991999909390000000000004900000000000531423563
0445900033992309143990999000291999999230191439399224313940000000000004900000000000531425000
0445902910499091492290009219199919902029949991149099909990000000000004900000000000354123976
0445991199999421101999099999994999999191449099999199122990000000104014210000000000435122785
0445994919999914292931993991999993999393399994994999993990000000000004900000000000143522677
0425939934409342403199190099942934129199290090919019909400000010010012110000100000142534399
0425943193419214129393920903414939933914100994492391113940100010005012411100000000412534591
0405919229919992909919409919491999190999994999929019999490000000000000900000000000253144000
0405944949099914099119419999499119919994209299999109922990000010010010410010000000245133569
0415294449219301334994919919029949999999032999499993930390100010008011411000000000421352814
0425904909994499949110941299992999999199421199099949929410000001008012010100100000532143875
0425443399491322909934499003420999999499949999009991309920000000000002900000000000132544811
0425904090194933939333903999434993904912220199040193100210000001007012110000000000412354368
0425900990990993949999949993999930040902393293992909999420000000000002900000000000512343658
0444999129099499909912249499929999299999000099990499999990000000104014310001000010154323186
0445911192499999999229091999919992019992194992109499199940000000000004900000000000345124000
0445991999299144999293399999994919499999991999999999991110000000000004900000000000453123025
0425991999199139919994991991293949999992132999919992993990000000000002900000000000132453280
0414929019990900910999309990099999011009999999999999999990000000112011411000100001425313305
0415999919990900919999309990099999211009999999999999999990000100003011010000000000425313621
0445903999994999290999299999929499200290942409909002990990000010011014311010000000514323213
0435491440109992991910939991943991993909423294091999444190000001005013210000000000531244586
0425999999144992999419999990999994299400994299991920909940000001002012110000000000452133518
0425999139311099943992999199492999199993900499309913939220000001008012010100000000152434308
0425994493949391294990924990439394043939129299999994393410000000000002900000000000142534791
0405939999934903199999994430110999999994439099999999919990000100103020420000000000231544000
0405999999093919949114992903919912990299199919199999119900000100003010410000000000253414265
0444900099190129299409999922994999924290009492992090999090000101012024320001000010345123720
0445900099190129299409999922994999924290009492992090999090000000000004900000000000345123889
0424994009499434993409429934942993930999392493399949933290000001008012110100001000512433942
0425149099999499903490091239021999993993392199909900029910010001008012411101000000312544106
0415902440099149999999999999419440099990949909991910999090000000000001900000000000523143795
0405929992999990994999999990999299990999444099999299999990000000000000900000000000215342879
0434999499293994939999949999929994929999399999922923492991000100010013011010010000413252656
0405990919999999109999999994999991991119991999199999999000000000014100900000000000243512622
0445339990009933399009990930942999999104999301999042239490000000000004900000000000534124414
0415999999199999999949499999919299991939933999949999993910000000112011210001100000123454000
0415994999999999999999499399219942931994423999993491394910000000000001900000000000123543879
0415929399149993999994992394494399999299132144999229942410000010008011310000100000123543993
0445020330924301119391032429123919009992214099139999992940001000112014111011000000314524594
0415999999912114499929393999991999999399994999939932949490000000000001900000000000123543351
0445993999904992209919999139429999949499239090999090933290000010004014310000000000354122790
0435991999399999994020949929992990944920493994949029094330000010010013211000000000513244947
0405999199999919999919999991999219990990193199999991310900000000000000900000000000245313443
0415399244194999919920313429999993499422229299339149999900000000000001900000000000123455000
0434949999990493994439309999994994994993999949999009909990000001008013210010000100413252438
0425999199999492929199920090999999091049999299999499994900000000000002900000000000352143962
0425399919999099999299293999992999992309999999999993099990000000000002900000000000532142393
0425999349493999999199999224391999349949923999493994999290000000109012110000000000142532980
0435944022249903992402309490293940394499049992999299900990000000000003900000000000315243817
0435999993999999999999999199999999999993939999999999999390000000014103900000000000314251272
0404919999999399099199939999990999990999999999999999390990000100004010410000100001243513000
0435999999933939999999999919999999999999119999999999399990000100005013110000000000143251244
0445099943992392149919323291904999392299094109303919993391100110002024320000000000314524478
0445099943992392149919323291904999392299094199003919993390000000101014310000000000314524832
0445929393223094992934243903311900024290339009399900292920000000000004900000000000314524092
0405999929299999009443994493942939999992999994049929293090000000000000900000000000234513880
0405932903142329232492132211014029043313231191941939999290000000014100900000000000214534944
0405922322499119902323932291399933490390099129919439943910000001005010410000000000235414654
0445993999199393009992999999104999999992249999991224990490000001008014310000000000134524428
0405993923299999432929929340929999339909099949293249399900000000000000900000000000234513947
0415944909110199499499994409990144999909930290909099999990000000000001900000000000321452779
0425921393103040142341200191300291034430404104999994911130000000014102900000000000132545000
0435940110341991212204909449203900101403042299921312299920000000000003900000000000531244995
0425990909142900019494929919099949921999994994094144912410000000101012110000000000532143151
0435909239039992999999990999399992939299992099999929999990000000000003900000000000415231942
0425930999490194421013132330412999311409199101339949019240000010011012411101000000542314930
0435999904919999929994491349121499012999439999941999941330000000109013210000000000431254307
0435309949911129229940990210942992092143491219420009203130000000108013210000000000341254977
0425299909904919324140994233303994099334234340909900194340000100103022120000000000532144903
0415999290994309492290924940913929991990114399999999490990010001008011010000000000324153954
0415999994994199910904449999919994499994199990090999990990000000000001900000000000523142995
0415943430392302309490913992201904133049999949909940130940000000000001900000000000321454611
0415929209929999209999999422293999999912904199919999924010000000000001900000000000321453970
0415999999220991112099929992429900041429449942990429909990000000000001900000000000524134000
0415929412929399149999911992939999999999999929999329999990000000014101900000000000124532723
0425911404200291934040011434343999949901213340491213191900000000000002900000000000142354455
0445994099021991999492102001204919994903020211909191333920000000000004900000000000531424797
0405929299099922399992999909909992999299909929999929999990000000000000900000000000214532368
0445109992199349109999990399949999094993009919999123141200000100003014310000000000314524318
0425110499993099929094990090992939902039290193999999999491000100012012111000100000512344195
0425331214014999929441449390040993120919910494301414031920000100112022321100100000452133896
0425331214019999929441449490040993120999910494301414011920000101008022321100100000452133901
0425919214019999929441449499040999920999910991401414091920000100004012110000000000452133875
0435994249319929922091994942433919999929293192999999922990000011005023120010000000134255000
0435999999499999299999999999393994929994999999993992199390000010008013110010000000134253492
0425999999999999999999999999999999992999999299999999229490000000000002900000000000342151423
0435414114299991499202002320141901924024024490103200211330000000000003900000000000435214713
0435991910901191490122409094493901101109499399099339999990000001111023220000000000451234761
0435991910901191490124409094493901101109999399099339999990000001010013210000000000451234791
0435911019399099491911033901949999939900494499919999099990000000000003900000000000543212753
0434999192299909990021999931093912120209099320909399111990000100012013411110100001451233927
0435999910399992939999934929949991909299929291909999299930000001009013010110000000453215000