1004909104920292910900499029294990129294094992192114121090000001011010410001000010453121553
1005909104990292910900499029494990129294099999192112121090000100007010410000000000453121554
1005909109990292910900999029499990129294099999192119921090000110005020420000000000453121614
1005103144320101320443213224103919090120442304140431232320010001005010410000000000431252353
1005441013332304030024214114122014122020033231431442033420000000000000000000000000451232903
1035031311031114001210134434220342004243300231232422414200000000000003300000000000153423066
1035233300131410349222309424410922290934110332199094234140000010007013110010000000235411628
1035110432334004014291003104100912944414243122331433232200000001004013210000000000235413183
1045994111149193139942004994022029299994013399999949444290101010108024220001000000532142053
1045101014012039434403919020991942092341493391441409290090000000108014310000000000532141562
1044901014012029404401919090990942092249499191441409999990000001012114310001000010532143109
1005942291209204319249209301999943001190291192340039220330000000000000900000000000425313553
1025340004121343211443130112033904042120024042443321302320000001001012110000000000234154234
1035013943023323141341102092020211133421342093291444244000000010009013010110000000351422752
1035993943023323101311112099229299933421349093191444249000010001004013210000000000351422377
1035201024313002243142324012444330141314014022011031043230000000000003300000000000352413210
1035112242111144103322313340200324231404340024130122030040000000000003000000000000135422628
1035909290101031219204993140002933491342431193919303993120001000110013210000000000312452047
1034999490409030999294993949999933999340939993909303993990000011010023120110001000312452045
1035100403021344442901114043224199330132322403911024303040000001103023220000000000523413336
1005323130142422240131324023442901201004310411043423201330000001001010410000000000451232511
1025033914222934939199113923292912213999999912919919949240000000111012010100000000354212309
1024999919222999999999999921292992219999999992999919949290000100010012310101100010354211400
1005243241442010233003113203002011430414243244433321112020000000000000000000000000431253711
1015200123012100119333341342422943434241244091124210240000000011101031321000100000341523439
1015990333102421949139002104290911044430121443393433103100000010104121421001000000341522536
1015990933102991909199002109299911044430121943993433102101000100009111411000000000341522030
1025939919192299194243324923999913944242931123131949922990000000109012110000100000124533241
1025939919192299194243324923999919944242931123331949922990000001003012110000000000124533077
1035122292320434019132294194331930294440910013399031030410000001010013211000000000215432124
1035129294300434019932294194331930999440900023399931039410000001004013210000000000215432351
1035223111434242409234492930304133999302403199401113420040000010008013210000000000351422280
1035223111434999909234492932304133999304403199401113944040000000109013210000000000351422331
1035903111434999999434490934309133999304493199401113994990000000000003900000000000351423256
1025423100412432400242413224140213110033224133134011030400000000000002300000000000234513475
1025400334024412243433212113010930134024421194320012032040000001101022120000000000234513832
1045141994410293209912233229102940441493919394012143499001000100004014310000000000123541603
1035923024293990203333329004910999942443231292141003100100000000101013210000000000123452153
1015212222294301000910133434933911449214401099132949224910000000112011010010100000245311988
1015212222294931400910133994933911449214431099132949224910000010008011010000000000245311916
1045210130309401142019002323214944443414912310323042309120000000111014310100000000523143002
1045210190309401142019002323214944443414919210392042329190000100104024320000000000523143233
1005213141400114322301124342233900143341024400022023343120000001001010410000000000451322092
1005439002449930913903240393222909293013931109099249190990010001005010410000000000423511275
1005939002929930993903990993992909299039939209099999390990000000000000900000000000423511619
1005102390331244219013111234424912910220232000210303434410000101004020420000000000413522381
1015914999991402141219491333222931993913930949193399499010001000111011411000000000142531698
1035949239932993192922244233919939244934992439394923414990010001003013210000000000215431659
1025131212230404031442442323303921410130401034229401023430000000105012110000000000254132146
1025999212291404019992492420009929194110409999229999924990000110002022120000000000254131261
1045010423411100203342442144303922032930402341302111211430010001007014310000000000315242846
1045900493419100203942442944103992022999402349302121211430000100004014310000000000315242789
1025324124320430044241039243043192314024230019131092211430000010107022120000000000354211934
1025321924320930049291139243043192314029230099131492211430000110003022020100000000354211610
1025921921320930049299119243003192313029239099199492211930000010104022421100000000354211514
1025929921120999999299199209039992111029239999999992211990000100002012110000000000354211222
1045030402211224313033340443204009112401312143933114220410000001103024220001000000213543285
1035913403330421394903410092214904044122103349101432301220000010102023220000000000521433442
1025014990421313130420420443320913442111143002232432300231000100004012110000000000234152615
1025990439942330492342941429914922343394091990002303222090000010010112110000000000134523623
1025011124333432200131242403000211312344041422040423410130000000000002200000000000234512775
1045090949932902419404433094122999994229131194009420124220010001004014210001000000531241996
1045949433112422049134341929021999943029403399914042111010000010010014310000000000213541415
1045949433312412049134941929021999943029403399914042199010000000110014210001000000213541421
1045949433312412949134941999021999943029403399914042299000000010009014110011000000213541509
1044949433332499949234940999099999949029492399904942299901000100011014310110001000213541416
1015332230131032401999040043102929120214302321312311444230010001003011010000000000241352216
1015991099499194999909499190491991999999099910094119999110000000000001900000000000543211809
1005433431412213124044301331222014302430024210304200413120000000000000300000000000431522920
1005432102221233112200004424041042133120311233430404413130000000000000400000000000415323049
1015099013990139391293191330931912949344012299941991433920000100007011010000000000142351545
1015042431120230304300102413122112434433302142141302434020000000000001100000000000241352821
1015411120413230442334434013420133224310202121002304321040000000000001100000000000341522536
1015442130120443003323210244440102143103123213403140231220000000000001100000000000341523529
1035204114003121043021113424442310000423342313311223044200000000000003300000000000352413152
1025999299992232239903294492949940299390000999299209999490000000111012311000100000514231694
1025999299992202299904294492949990299990009999299299999990000000107012010000000000514231699
1025410221203103404330124300200233042342244111411323410140000000000002200000000000234513585
1045034424234440201130021023432941311023220221431411300010000001001014310000000000152342768
1045313910200290144394219129020994314923031499134441430020000011007024320000000000153242162
1045913990202990144394219199020994314923201499114441439020000100004014310000000000153242307
1015392444110034439391411243133411200229941499999002134990010001010011010000100000345122011
1015392444119094449091411049149411200229991999999909194990000100010011311000100000345122239
1015499244119094949991411049149011992229991999999909194990000001104021020000000000345121938
1015392130111444039310241220403910234440130012104443302330000111001031221001100000345122596
1025922294241921032001199994439910919214103499021219942430000000108012010100000000254311742
1025922299211921992001999999439910919214941399929219942430000000105012110000000000254311903
1005499409131140324034921014043900414332230239011342224020000110005020320000100000451232083
1005499409199190324034993019043900414332440239011394294020000000110010310000100000451231939
1005499409199190324034993099043900414332440239011394199040000010009010210001100000451231937
1005424001123042031234133421114994090340042022142420333130010001005010310010100000453123608
1025404444231314349240230000043990123232303199231240240210000001102022120000000000354212642
1015020320399913991211202149399999139919991913099102229220010001010011311010100000145232043
1025329124402433031122201443234912230013200143301441140040000100002012110000000000254312108
1025421293491340231411300400342932211013230412322100044431000100007012110000000000354211743
1025103291329434412219233112241921013094324190231004404000000101008022020100000000234511538
1025103291329914112219233192299921013099429190231090904900000001109022421100000000234511671
1025993291329919112219233992299920013099129990231090901990000100001012110000000000234511735
1025033204424320149333412030044923324112001492401320140210000011101032120000000000234512261
1005390323141413233204014321101912242040134102021042330320000101001020420000000000413252413
1045349140343414210924013234213021440321012100422031310220000110002024320000000000513242061
1045109443014112233031022411313191430334404004300342222210000101002024220001000000513243009
1045201031313212219044220043142910132404231410104243204330000011001024320000000000512343264
1005300212310331112212034210433291341400023329024144024130000001102020420000000000413252020
1005300912310431112212094910433292343400023329024994024130000010008010310000100000413252109
1005991000991049399090940944199909991190199311949401933140000011008020320000100000431251411
1005999000991099499090910949499909991190999999999901994490000100002010410000000000431251165
1045003203113304201191423420332910140221434241034409912430000010009014210101000000253143661
1045903290199904991191421429332911940229414241034499912430000100107024320000000000253143448
1044902290199904991191421419992911949299414241004499999490000001008014310001000010253143356
1045902290199924991199421419999911949999414241904499999490000001007014210000000000253143331
1015219332344344229331303113402999032021022211130004114200000100002011010000000000241532002
1015399134149344129134423311049931139232200199301992400020000100001011010000000000341522587
1015011444401213421004094212040930904203432233192421133210000001104021321000100000241532044
1015011444401313421094099219040909909904432230199441193210000011003021321000100000241531809
1015911444401313491094099019949909909904439939199441193010000010002011010000000000241532118
1025433191022033441212341314101920914300014439229942322000000000105012110000000000134522115
1025099491494443303021232403013990242324322300291391012430000101002022120000000000254132869
1045933340049439994904193999094934499399109993999944993910000000000004900000000000321542064
1005439334401124411000003001422990234120132194432343412120000101002020320000100000421532440
1035032230134312311344224034034930222131112040201044104100000001001013210000000000125432737
1035140011034423323042033412141332213142100120201003442440000000000003300000000000523413702
1035023232149014112122240303111903342344014423493104930000000000109013210000000000235411760
1035293232099010112922249303111993344344014493493104939090000110007023220000000000235411507
1035293239999919192929929393119993399300091993293100939990000100005013210000000000235411262
1035093124414002310422241010344933142203314000412130331410000101001023220000000000523413839
1035420420031241210334404202011334110431241130330402212340000000000003300000000000523411880
1035993094334301119399104111040932322021320492310424034000000100101023220000000000125431866
1025992190913229109229293911039913332339290992499299990010001000105012110000000000234512280
1045094221004433109943403334120949921431103220442022310200000010004014310000000000153241691
1025093320432200334221134120420932141400100432141343241400000101001022120000000000254312832
1025429113423240041331232144040939000012992124329142113300010001011012010100000000134522130
1004901099009001991091999919199999911999999902002299199990000000108010410000100001452131457
1005901099009001991091999919199999911999999902002299199990000000000000900000000000452131781
1035993323949429119193222449991933441994299933391124239990000100004013210000000000231451094
1035001103332022440341342021234313144013141401002142220340000000000003300000000000352412619
1045022320233304113124201300323949990919444403044230314110010001009014210001000000523143437
1015931193901149001910939013910999990949490949910930940140000000014101900000000000142353271
1015210299242142349233932110010943932210441413313220414000000110005021020000000000241533106
1035099999441324143339423421342922292399123900499934210430000101005023120010000000513422493
1015914040919990120009140393441909991049932311391440193341000100010011010000100000542131820
1015914040919999190009140399941909991049990211391440199440000010010011311000100000542131898
1015319442420310430440110130303999292910210344411033410230010001007011411000000000243152830
1045999492149991194912494999119949429999999999949929144990000000105014110010000000235141149
1015221444139243199319991299232932344299113911144432993290000000000001900000000000243152466
1045344941132122429199100024222943039320014041991913434000000001003014310000000000153242266
1035411432299403103303919913024194193212040039342021011340000001102023220000000000152431985
1035134024049321221041111914430902423133003040099933414230000110008023220000000000251433981
1015993313941401243324099120210999419319214439192329241340001000108011010000000000243512557
1014993313941441943329299124212999919319219939192329941990000000109011011000010000243512554
1015993313921241993329299124912999919919219939192399941990000001107021420000000000243512501
1005909122994241949909999040109990990919094999140044419490010001009010210000100000425131922
1015291249234999929994499923129922342923119311119199219990000000000001900000000000143253162
1015220403423142024311240431120100300342432232103311144340000000000001100000000000341523228
1015223301144141003010232204400122014233441143230313234240000000000001100000000000341523877
1015293122120111423340320440122931040033421431313204342440000101001021020000000000341523273
1015401244423223029331402940312910204393121113401233143200110011008021020000000000241532198
1015401244423223029331402940312910294393121113401233143200000001005011010000000000241532284
1015401249443223029331992940312910494393121113401033143200000110005021221001100000241532215
1015401249443323029331993940312910494993121113401093143200000001107021221001100000241532114
1015401249443399029331993949912910494999131113401099133300100010011011411001000000241532002
1015901449493399909331993949919910494999131113401499133390000100007011010000000000241532170
1015991449499399949331993999919910499999131119041499133390000010009011010000000000241531886
1015491014304031049003124190430941243923391191132243004930000001007111010000000000345122899
1015991014304031049003124190430941443923391191192243009990001000111111411000000000345122802
1005903412024302330490924443319901931921003904101412122330100010014010410101000000452131906
1004911919099019299099099901299901999999999020192101119090000001012010410000100001453212204
1005911919099019299099099901299901999999999020192101119090000000000000900000000000453212560
1035024133100401449132031000044922402222341432113320134340000011001023120010000000235412648
1035001114344132029391493213030994443949213190149242343000010001009013210000000000321453254
1035001114344132019399493413030994443949293990199142343000000010104023220000000000321453198
1015909419919033341399911904920943193994202211194393241240000001008011010000000000341521414
1015909419919033341399911939922943193994949911194993241220000010010011010000000000341521448
1015909319919033391999911939922993193994999911194993241420000011002021421000000000341521440
1045299109204334314230019099312940902049423430141920924140000100002014310000000000521343189
1025429342404414200940121023344922013103233309401310203420000001001012110000000000354212724
1025994021321414422400914321441921324933041091019421323200000001007012010100000000234511863
1025999021321414422409994321491921324993041094019421323290000100002012110000000000234511967
1045122442204002014129320342110344201430101339402143311030000010004014310000000000135241588
1045292442904002014929992342110344999430101399499243311030000010105024320000000000135241231
1015410433121323421210000030433101414440230302232212341440000000000001200000000000543122859
1045233914313100213431090044220933492311022244430044210210000000000004900000000000231542057
1005340913410431214433322214012909302401320290343131421000000101003020420001000000421353468
1035040323214120013142210423020341103441113344221003243020000000000003300000000000132454000
1045042203143221134202411200130444230340403400122123111330000000000004400000000000125342655
1025901990142211440333330422401919031404222292303301214430000100004022120000000000524313748
1025322020230240302211024042134913119312004499434414133130000001002012110000000000354212225
1025022212401321009341931334300923219301314024404344224010000010001012110000000000254311623
1014929992299199912299191999419999192909994191199999291940010001012011411011000010145321727
1015004134310423400434212102230134301112330421310402242340000000000001100000000000245132515
1045999399999994192999943143192992499040900344999944943931000100008014210001000000523141201
1035423432213344409130003120441910292103441013329224032410000100105023120010000000325411953
1035923132913392109130093900919999992293990013329299032290000001008013210000000000325411967
1035923132923392109130093900929999992993990013329299939290000001007013110010000000325412154
1015914139990099902139920131104243319442010499921324120030000000000001900000000000245312572
1035939303999993109991349399909499924909993039991304434410000001004013210000000000123451545
1035243032912410104440904312032944303112102333214204430210000000000003900000000000231453291
1005909491919099990109109291999990101999099919209119190990000000000000900000000000453212543
1005301103444314340302103001224924099413314240110232412230000000000000900000000000453122094
1015310024110142332023401430142132031200404310434221324340000000000001100000000000543123786
1015334220113240334940432199990992214033142314111204014240000011002021020000000000243152272
1035133204190142012490442002122943210310343133340241340120000100007013210000000000123451611
1035933414299999992999449912292943294399343933349911349120000010002013210000000000123451737
1045140311023133022020244420041440143003422121032133123410000000000004400000000000123543106
1035411120220914349112034491140933120443430391490403913320000010004013210000000000352413597
1025429113024012034214932414433910231001231042394040323200000010005012110000000000234152408
1015024124230402334410404133232141110002230311444102333200000000000001100000000000243151829
1045324142001100313243230321311444022313100344212024143020000000000004100000000000215341738
1005401022413334340410121344013921290939210340042144312030010001009010210101100000453121929
1025929919292919139999131999999922229319999922999929999990000010001012110000000000154231191
1035132221202433343201011344204943312302000143412411041000000001001013210000000000125432283
1005990303393910129944900999432990901343111209334490310120000100009010410000000000412351302
1005990303393910129949900999412990903949119209934490310930000010004010410000000000412351248
1005909909490090999990999109992940499449992299929900992290000000103010410000000000423151524
1025129044203121430303430234114920931320120412320932341140000000000002900000000000514233157
1015004224321141013212343330910990243340004120241444121030100010011011311000100000245314322
1045309442424431320920212301121300422143201131033214100440000110002024320000000000512343838
1035039033102440403113141442203911434232234299321100204000000100102023220000000000153421802
1045332241400024309294404121011929420312013332433221134430110011003024120011000000215342561
1045132422422331224440442223011402303141400133130103301010000000000004400000000000312542744
1035014331234120034021403331021999941212029344324224301010010001012013110010000000213452600
1035914331234129034421943330021999941212029344329224309010000100111023120010000000213452725
1035944331234129039941943330021999941212029344329224309010100010002013210000000000213452514
1045044922331400012212334044411942043121300391904233222100000100103024320010000000215342343
1005200010142432231124444423132042330434301210313021312040000000000000000000000000451232730
1015311119242314331930999401234212099401030329199094324200000010004011010000000000345121523
1015911119940914291900999491299212099491299429199099999290000110009021020000000000345121507
1015911119949914291900999991299212099491299429199499999290000110008021020000000000345121476
1015911119999919491900999991999912099991299499199499999290000011007021421000000000345121200
1045140112413002034121443220433922431423243049110000121300000000102014310000000000135242782
1045949023241020112140114322310990441402441321224300102030000100002014310000000000125342163
1045022411110014133222110200443440320231034422233130031440000000000004400000000000125344413
1005232411421240243132411404302004430132213332043300021410000000000000200000000000421533104
1005990113033104420902113092214324304213222309443412011020000100001010410000000000421532374
1005290033014312124429314014221902141133030400292331422040000100104020420000000000421531875
1005990039013319122449319092921902191123090900293391129020000001013110410000000000421533808
1035113402204100024410424233133332122300110121424424013300000000000003300000000000123454305
1015402993244149340421121230443124303123011093004321423100000010001011010000000000345213298
1015490143323404299443000141094911311304412390301139222430000000108111010000100000541233996
1005120430222012330400421441214004200333311122344423113310000000000000100000000000415231894
1005314210201223212340204313331040142400033314421344102120000000000000000000000000413252758
1025141129000900322212991994120944992221243094099914944330000000109012010100100000254132001
1024141129000900022212991994120944992221244994099914994990000000112012311101100010254132032
1025149129000900022212991994120994992221244991099914994990000101002022421100000000254132261
1025000221233430402214024224133211034311144010404132303340000000000002200000000000354122665
1045393304023143149012323192921904094044292400309344909210000010109024320010000000512343028
1045399004023143149912323192921904094044292400309344909210000110002024320000000000512342988
1035499430319049123042422939910931302122341134029091399310001000111013010110000000213452103
1035499930349049123042492939920934302929340139999992399310010001009013210000000000213451693
1035499932349449993049492939999934329999399939999999399390000001108023220000000000213451916
1034999934349499993049499939999934349999399939999999399390000010007013210010000100213451902
1035993999914994023999939949331999999991930299392211393390000100009013210000000000312451610
1035234140141410213132231041021343202220110043443323420000000000000003300000000000123452304
1035919313242419302903100430919293243422931909033909190090000000110113210000000000132453558
1005909219020033999999992310029191091211993999990303109990000010003010310000000000453212308
1015241414143430041949423002342291933142301219991232410220000000103011010000000000241531499
1045133020042320233001221044211403303224142044132343411110000000000004900000000000512343564
1045123333431001004211340424222443010314424220203211311000000000000004400000000000123543956
1025999999992991099222919933430911922999129022999239114990000000000002900000000000154231526
1015432230042400043410332414431999332121102422243111433010000001001031030000000000345123919
1015013110022342220999499100919923441112422099913902423410000000000001900000000000142533017
1025020130330432012122314202044994393399934104211334422010000001008012110000000000314522185
1025020130390432012122334202944994393399934104211334422090000100007012110000000000314522274
1025021933993432012122334292944999393399993009211939422090000000102012010100000000314522062
1025021390041391402421242912342932020303141039204143331040000100010012111000000000314521961
1025929390040390402920202912392932020393144039299943331940000001008012110000000000314521722
1025929390040390992929202902392932329393034999299903394990000000000002900000000000314521842
1025143230001011143200344240040222334121341122300313214440000000000002200000000000234512122
1035012442320023441011230110310301420114132423332322044040000000000003200000000000135424062
1035944343100291023494394019911044991002002234939110323330000000000003900000000000321452688
1035494932204111493009029031344939902299134903339940923940000011004023120010000000531421782
1035991932200999093009099931311939909299931903339999923990000010008013210000000000531421752
1035991932200999093009099939391939909199931903339999993990000000110013210000000000531421748
1035910410313413220390914313014933140122024340041030124440000001001013210000000000352413477
1045999904999994934940149292209999991401141324191141049020000010009014310000000000253141524
1044999904999994914949149991209999991409141224991142049990000000103014310001000010253141375
1025392291203403302149420244311431124142333092241031130000000110004022020100000000234151680
1025392299201403392949420244319439129142333092249411130010000010002012110000000000234151494
1045049430224340229230239141010924300941123294402391214100000100002014310000000000312541621
1015930999199399990113099193939999019109999101139919999930000000000001900000000000542312057
1025992211323441310202920202303931444943140390340092030230000010005012110000000000324152219
1015999031934990934199094119999929919941403011491941490900000010003011010000000000142352136
1014999431934999994199999119999949919941999311491941499990000010007011011000010000142351737
1014999441994999994199999119999949919991999411491941999990000100007011310001100010142351656
1015010911002424324413312312442911402329999213434301424300000100003011010000000000241351631
1025400399042341149220091212349323303421401092999431231290000000000002900000000000314523283
1025413920921230449331992134041919222404241301229140133100000101003022020100000000234512421
1025033334341030101024222012204211000413422413123104144430000000000002200000000000254313372
1045011422121240130320423323043444201131123034120320400410000000000004400000000000135243222
1005991932100024322311214090044900021229244491133193201320000010007010410000000000451232987
1005991932100094921311213090044900021239243499199199201290001000105010410000000000451232778