0225999919909999999999999999999919999999290999299999999990000000000002900000000000435122163
0215999999992912909999209194999909999999994999999094992990000000000001900000000000354122949
0235999999999999919999999999999999919933999991999199999990000000104013110000000000432511793
0215922999994312393939929994142999999299929329992399943990000010007011310000100000154233685
0215999009999999999999999999999999994941199999999999994990000100004011010000000000351242448
0205999999992999999999999929999999992999999909999099999990000000000000900000000000523142000
0205909994999999990999999499999999999999999999999999999990000000000000900000000000541232000
0235999999999999009990999999999999999399430999999499999990000100008013010000000000124532379
0235999999949921909993913499992999994999290299999929929990000000000003900000000000431522308
0204999999999994999999999999999999099999999099999499999990000001010010110100101000521342000
0205909999999999999999990499999999999999999999999999999990000000000000900000000000531241508
0215999399999999999339999999393999999939999999919199999990000000000001900000000000351422000
0205999999919991199992999999914990999909999999999999999990000000000000900000000000542312942
0235929949292999992993924993999999994999999949999999994990100010007013410010000000124533000
0234999999999999999999999999999999939990999999999999399990000100004013210010000100412532000
0225999990199999999399913210939992999919999999939999999090000000000002900000000000435212505
0225999999929999999990999999999999999992999999999999999990000000000002900000000000345212000
0235991939193999999999999999999999999999999999999999999990000000000003900000000000243512000
0215999999999999999999301900999999999999099199999999999990010001012011311000000000351423000
0235999999999999992999999999999999999939929999999932999990000000000003900000000000243511631
0235903999999999999999999939994999094499999999999949999990000000000003900000000000123542386
0245949299999999099999999949999999929999999999999999999990000000014104900000000000123453000
0245999499999999939999999999999999999993999999999994999990000000107014310000000000214352000
0225999999993999992919993999999999999999299999999999999910000001008112110000000000245313000
0205999999999921992999222999999992999909999992999999099290000000000000900000000000523142301
0215919440999999999990999494949999991999999999999409999990000000000001900000000000352143000
0245999999999939999994999999919991999399999399149919999990000000000004900000000000123453000
0235992932999999999999939999999999299999999999999999999990000000000003900000000000214532000
0235999999999299993992399999999999999999999999999999299990000000000003900000000000123541497
0225999999999919999999999999999929999999999992999999919990000000000002900000000000245132000
0225949999999999494999949994999999949942949992999949999990000000000002900000000000235141909
0244922229299999299999022399993999329933929929949999999490000001010014110111001000213454000
0205999999990229999999992999999499999999990999999999929990000000000000900000000000523143000
0215999999999999999919939999999999919999999999999939999990000000000001900000000000251341336
0215299929999399999999299919999999991999999999999992993990000000000001900000000000152433000
0245999939999493999999999999399993929294232399399999999990000000000004900000000000213453000
0225999939999433999929939999999993394999999939394499392990000000000002900000000000215433000
0245999999999992999994999929909999999999919990992991992240000000000004900000000000234154000
0225999944499199494999999199999992492999499194911499919910000100002012110000000000235143000
0205999999939099999999099999999999999999999999999999999990000000102010310000000000521342000
0205999393999919999991939939999999999119999999999009991990000000000000900000000000531423000
0225999999999993999999999999999999992929993999999999999990000000000002900000000000135422000
0245939999993999999999999399999999999999499939999993994990000000000004900000000000213452000
0225999999994949999999992999999999999999999999992949999990000000000002900000000000215341334
0224999999999291919999999999991999999999099999992999999990000000107112411100100001235143000
0205999199999499999999999999999991999999014999990499999990000000107010110000100000543212351
0205909999999999999999099919999999999999999999999999999990000000000000900000000000523141508
0205999999334929919999999993232909329999299299909234439910000000014100900000000000521435000
0235999999939999993499999499999999999999999999999999999990000000105013410000000000321541500
0225999999999999999999999999990923993999999999929909999990000000000002900000000000425311665
0225999999929999999999999993999939399999999999999999929990000000000002900000000000425312000
0225999299919999999999999919999999929999199999999999999990000000000002900000000000245131245
0235999992199911129199293999999999999999999999292939991920000100004013110010000000134522576
0235939999993449929499999999999994194094919499999191119920000000107013210000000000134523834
0205999999999999929999992999929909990999999929999999999990000000000000900000000000543122000
0225999999999999919191929999999991999999992999999999991190000001007012110000000000435212000
0225399999993999999993999329399999999999239999999993999990000001005012310000000000245131741
0244999999999299999999999999999499299929999999999492999990001000105014310001000010324152000
0205942990993949999999939330499999999999999999999924449230000010004010410000000000514233354
0245999999999999999994999999991999999999919994999999999990000000000004900000000000142351336
0245143993999919999139004329999939919999939199190909992910000000102114210001000000241354605
0245143993999999999139004329999939919999919199190909999910000100010114310000000000241354646
0205999499994922999499990924299949909944299299949999994490000000000000900000000000523142174
0235992399999992929919239929999929999222999291999929999990000000000003900000000000142533000
0235999991191191919999091999910999319999999199999399999190000000014103900000000000324513000
0225999999992999999929999999999999999999399999999999999990000000000002900000000000345211497
0225999999392999993332999991999999999999199999993399999990000000000002900000000000235412339
0225999999994949999999929999999999999299999999999999999990000000000002900000000000235142000
0225999929999299999999999999090119909999999999999999199990000000000002900000000000345122104
0225999929999299999999999999999919999999999999999999999990000100008012110000000000345122000
0215999999919929999999999999919999999999999999929299992990000000000001900000000000254312000
0245999999999999919491999999999991999999999999990999499990000000000004900000000000432152239
0225999999999999999919929999999999929999999999999999999990000000000002900000000000145232000
0215992999999999999999999999992999999999999999199991999990000000000001900000000000354211499
0235991999199992999939999299399999999992922999999999999990000000000003900000000000243512497
0205990999994999999999999994999999999999999999949099999990000000000000900000000000521342000
0244999999993999922999994499939999999999999999999992999990000100002014011011010000413253000
0245990999919941999999999999999999099999999999999999499990000000102014110000000000423153000
0205999941224919199991992992999949999099440999919199999990000000000000900000000000542134000
0244999922299299999299929299999999499999949999999999999990000010010014110110001000234152000
0225994999992019199929994990919999999940999999999949999990000001007012010100000000245132992
0225991991999999999999999929999919999991299999999991999190000010003012110000000000245132000
0205999999990933399999939999999999902299999999999929999990000100007010310000000000523412240
0215941334199992204499929499043404430209249233300390294930000000000001900000000000451235000
0244949999990999999999999949999999999999999999999999999990000000107014310001000010413252000
0235999999919999999999999399199999991999999999999999939190000000105013110000000000142531657
0205999999999999999999929992099999999999992999990999999990000000109010210000000000523411503
0234299929999999949934999999994994999999999499349999499990000010009113011010010000243513000
0215999299999999999999192929999999929299994992999199999990000000000001900000000000153243000
0215999999099990999192913902999099299992999999929909209290000000000001900000000000453124000
0225923993999999999939999993993999999939999999999299999990000000000002900000000000135422000
0245999999949919999999999999999999999929499999992199999990000000000004900000000000143253000
0224999999999999449929999999999999999499999949999999992990000001010012110100001000245131624
0225999999999999949929999999999999999999999949999999992990000001007012410000000000245131496
0215999399392999992949999299943992993919319929939993499990000000105011410000000000254313687
0205999909919990999999991199999999999919999999999919999990000000000000900000000000543122000
0235999994999999999999999939399949999999999999999994999990000000000003900000000000123542000
0214999499999949199994999994999994199999999999949999994990000100011011310001100010251432000
0205999999999993949999993999994990934439499999993930399990000000000000900000000000521432387
0215992999099990999099919999992999999199999999999990999290000000000001900000000000352143000
0245999999999949199919999999999999999999199999999999999490000010007014110000000000243152000
0215229999499499999999999994339999999994149929999999919390000011008021320000100000153244000
0245991299999999191991412999999999991499299999919999199920000000000004900000000000243152450
0245999099999999999499999999999999999999999999999999994990000000000004900000000000314252000
0225999999399919999999999999299993999992999999939399939990100010005012310100000000135423000
0245999949999999999999999999999999994199999999999999999990000000000004900000000000123452000
0215999993999999999999999391999999999993999999999991999990000000000001900000000000352412000
0234999999999999999999199999399929999999999999999999939990000100010013011110010000234513000
0215991999999993999999939999999999999999999999999999999190000000000001900000000000153422000
0215929929999999999292999999999299299912199999999999999990000000000001900000000000354122000
0205999990999939999999999999099999999999999993999999939990000000000000900000000000523412000
0235999131399249111222249922014999999999999999299999999900000000014103900000000000234515000
0215999999999999999999999199999999999999199999999999939990000000000001900000000000351422000
0245999999944299900999991913019999199910329199919199191990000000103014310000000000412352983
0235999149994411909919994923911999199921493999299199099940000010001013210000000000234514721
0245999419119999999919999999999999999991949999999999999990000000000004900000000000243152000
0245999999499499999999999999999099999099999999999999999990000000000004900000000000324152000
0205999909999939999993999999999999999099999999999999999990000000000000900000000000541321508
0205929993999911229999999929299990911292191399092999939210000000014100900000000000531424000
0215991999999999999999914999999999999999999999999994949990000001005011410000000000251432000
0245999199100209929999419901193999999999909999234299329300000000000004900000000000132455000
0205933399039993999999909929999939939399999999293929999990000000000000900000000000523413000
0215993999999999999999999999933999999999939999999914194990000000000001900000000000152341917
0225999999939939999939999919939999939999929991999993329990000000000002900000000000125342859
0245999992299992999999999999929992999999999999399449992990000010005014310000000000214353000
0215999922209939939999999093903992991029293399999299919990000001004011010000000000453214000
0225999999932999992999999999999999999999999999999999999990000000000002900000000000145322000
0215999491499999999999949999299999919999999999999999999990000000000001900000000000452133000
0215919999993999999999999992999999999999999999991999999990000000000001900000000000452131751
0235999999999442999999999949429949949999929949999399993990000000000003900000000000123543000
0245999909999999999999940929999999999990990909992299949990000100007014210000000000413252624
0214999999999999999909999909999919999999919990999999999990000001009011211010000100453122000
0205990999999949999999929949999999999990999999999299999990000000000000900000000000543122494
0235999993993990999999990999999999999999999999999999999990000000000003900000000000431521503
0235999909999911999999999999999999919939939109911990909110000001004013010100000000432513000
0205999909999999991190999999999999999999991919999999999190000000000000900000000000542132000
0245949999992999919999999999919999992919949999999999999990000000000004900000000000124351970
0225999999934914993349939429319993434941149933999342999490000000000002900000000000125343216
0225999999919199999999919299999999999999991299999999999990000010011012110000000000145232000
0245199993492220019999939939990999913903991999999994131030000000107014310100000000214352856
0215999999999249999999999999999999299229999499991999199990000010004011410000000000153242329
0224929999999999999999999999999399999299999999999999999990000000101012410000100001215342000
0225999993929999999999399999999999999929999999993999999990000000000002900000000000215432000
0205999999099149119119199914014929999999999919199999999990000001004010410000000000543214000
0245949999999909999999999999499999999999999999999999999990000000000004900000000000412352000
0235191099999999099919991109999999999131119999999993999990000010003013111000000000123542559
0235999939999919219199999919999999999991919239919999999990000000014103900000000000134523000
0205939999994999999999999999999999999949030999999999999990000000000000900000000000512343000
0225999949999994499992949949499990299999099999009499909990000000000002900000000000235143000
0225909019992901940999113993099990010939230099999999999090000000103012110000000000425313777
0205999999990993339999994499999999999990999999999999999930000000000000900000000000514231799
0205999999999992299999999999999999999992990999999909999990000000000000900000000000514322000
0225399929999094009399331200344991999994040010999399999940000001002012110000000000145233245
0225992099299009909909999901999999999099999999999990999090000000000002900000000000345123000
0245903993939399999999999994999999999999999999999999994990000000000004900000000000231453000
0224999992999999499994999999949999294999999999999999993990000100003012011000010000315242340
0245999299999992999999949999949999999999999999999999299990000000000004900000000000413252000
0215999999999999999999299999999999999999199919999999999990000000000001900000000000451232000
0225939939999999999999929999999999999999999999999999293990000010003012310000000000125342000
0235994999099949499999990993949993999999999999999909999990100010008013010000000000421532192
0235990299199922211419219099912903999999999929399090029910000011004123120010000000421535000
0245029993199992231211993309201999194939913322919400021300000000000004900000000000234155000
0205399449091094299949999949332994999439399199449499314930000000014100900000000000541235000
0205999990999499999999999990999999999994999999999999999990000000014100900000000000534122000
0245999999929999999999999909992099929929949999990924999900000010001014210000000000413252782
0215099209999223139990999993929999244424193499949999939290000010005011010000000000253144445
0205999390999993999399999999999999999999999993999099999990000000000000900000000000523412000
0205999991999999999999919929992999999999009999999999212290000000000000900000000000543122572
0245993999949999999999999999999999999999999999999949399990000010001014310000000000312451489
0245991111199991999999999999999919491999419999999919999990000000000004900000000000123451845
0234920999912219991211093910902999092009293910919992999990000001011013411110100001432514000
0245999999999039999999999499999999399499999099999999999990000000000004900000000000123451766
0224449999992999994499299999999949994999999999999999999940000001001012110100001000145231767
0205999999999199999999199994349994909199199099999999999940000000110010410100000000531424000
0215999999299299999999999999999999999999919999999991299990000000000001900000000000452312000
0215991929994999999999999491999999999992999299999999999990000000000001900000000000152342207
0235099193090999999999999212949999009990234499990999129990000001003013210000000000142534146
0224999399993999999999999992999999999999999999999999299990000010007012011000010000325412000
0225999921299999999999999999999999911999999999999919999990000000000002900000000000145322000
0235993999110111409090949099010999913494101444999994910400000000014103900000000000132544000
0245999999999999191999999494999999999999999999999999199990000000107014110000000000341251702
0245992299299994990999929299992999999999999992249999999990000001010014010010000000234153000
0245991999992999199992991992999999999949929919149999999990000000000004900000000000234152506
0245999999999999999999999999999999994990099999999999499990000000000004900000000000423152000
0245999999999999999394999994999999999393939939999999999990000000000004900000000000123451911
0204999999209999999299909992999992999999999999999929929990000010004010410000100001524132000
0205999099901994499999999999999999999999999999999999991910000001005010410000000000531241758
0245999999199999990999929949919999922929199129992291119490000000000004900000000000342153804
0215999909990999299299999009999999919199999999929999099990000000000001900000000000354212374