0105999919999999999999999199999999999990991999999999999990000010007010110000000000431252000
0105499999334999099949114334193999993999999349999999939930000000000000900000000000451234000
0135999929939999929299999299999929992999999999999999999990000010003013210000000000235412000
0125933999939349999999993933399999999999999934999929999990000000000002900000000000314523000
0145901099090029999990919990990992992299999099491909999990000000014104900000000000532144000
0135999909999999999290999999990929999929239292929999299990000010008013010010000000315423000
0125943904999990290440431199044999999491099049943399999990000000000002900000000000234155000
0135999999919999999999991999919999999911319999999999999990000000000003900000000000351422000
0135999991919999999999999999999999999193999999999919999990000000000003900000000000351422000
0135999919993109909999991912199992999999199999299999199990000100007013210000000000352414000
0135999999409999999094999999999993999909999999909909999990000000000003900000000000312453000
0135909999999999900999999993999999999999999999999999999990000100007013010000000000523412000
0135999099999990999999999099999990999093999999999000999990000000000003900000000000512432000
0135999999999999999999904999999999394999909999990999999990000000000003900000000000312453000
0105911999991919999199999999999999999909999919999999999990000000000000900000000000451232000
0125999999999999999999999999999999219999999999999999919990000000000002900000000000354212000
0125999299999999399999999999999999999999999999999999999990000000000002900000000000154232000
0125919999999999999999999999949999999999999999999929999990000000014102900000000000134523000
0105999999990299999999999299999999999992999919929999999990000000000000900000000000425313000
0115993323993920099199999999999999999999999999993399999990000000000001900000000000342514000
0135999999999999999999999499399999999499999949999499999990000000000003900000000000312452000
0135999992299999999992999399999999299929999999999929999990000000000003900000000000213452000
0135999999999999909999999999939990999999909999999999999990000000000003900000000000215432000
0104999990999999999919999991999999999999999999999999999990000010002010310001000010435212000
0105999991999999999199121299999919919999999919990199919990000000000000900000000000452313000
0134999999999999999999099930999099999999099999999999999990000010007013110100001000351422000
0135999999999993999999999999999999199999999999999999999990000000000003900000000000531422000
0125999999999999933999999999999999199339299939919911399990000000000002900000000000234513000
0135929494993999209999929929992999949499999299999929999990000000014103900000000000123454000
0115999999993999999999999999999999999999999999999999999910000000014101900000000000245312000
0145920190009901992019002229214999999929919910192999299190000000000004900000000000523144000
0135999999991494999199993999999999999499999999999949999990000000000003900000000000213453000
0145999919999499999999999999999990999999999919999999999990000000000004900000000000351243000
0145939429393999993939999999999099939999292993939399929990000000000004900000000000213544000
0125909999999999999999992099999999999099999999999099999990000000000002900000000000314252000
0125399939994143219499999993919990909919394199999930134990000000000002900000000000514235000
0135949499999449994903999999949904094490919949090999909190000000000003900000000000521434000
0135999193999999999999999919999999999119999999999999991990000000000003900000000000531422000
0135999999999999999999999993999999999919999999999999199990000001005013110000000000351422000
0125999939949330499049994999944999043394093990092349999090000000014102900000000000134524000
0125999929999999999999999999999993999993999999999999999990000000000002900000000000234512000
0145999999999919999999410999919999999999999999999999099990000000000004900000000000531243000
0145999439993999999999999999999999999999999999999999999990000000000004900000000000213542000
0115999999939999439999939999999999999999993991999999999990000000000001900000000000241353000
0115999099999194999999499999999999999999999999499999999990000000000001900000000000543213000
0144919999999999991199999999999999919999999919999199199490000010007014210010000100253142000
0145992194919199999921992329999939999992929933999119299390000000000004900000000000253144000
0105999992999999929112910999199999999229911999929999991190000000000000900000000000435213000
0105914414409211121994199194999999499924299999999999949990000000000000900000000000453214000
0105999399999999939909999999999999999999999999999299999990000000000000900000000000415323000
0115999999999949999999999999999999999999919999999999999990000000000001900000000000142352000
0115993999999999999999999919999999939999999999999999999990000000014101900000000000241352000
0115999930919399990939309093999993099999999999909999999090000010002011010000000000341523000
0115994909999093094409994903499999999999999999990149009390000000000001900000000000341524000
0134919999999111999999999999999919999993919919999919911990000000104013111000010000352412000
0105999999999999939999999992929992393209999999239939999990000000000000900000000000423513000
0125999999999999933993993999999999399999299399939999399990000000000002900000000000234512000
0145999999919999999911111199499991999991999999999919999990000000000004900000000000152342000
0145999999999999999994999999299999999929299999999999999990000000000004900000000000153242000
0114999299999999999999999999999919999999999999999999999990000001001011011000010000345122000
0104991999999999999991999999999991999999999999990999999990000010002010410000100001432152000
0105999999991990999999999999999999999999999999999999999990000000014100900000000000435122000
0105999092199999999999999929999999999999999999919999999990000000000000900000000000453123000
0125400999999999939939990990009990399999999999299990999990000000000002900000000000354214000
0125999999992999999199999999999999999911999999999999999990000000000002900000000000254312000
0125999991999999999999999999999999999999999992999999999990000000000002900000000000354212000
0125999999999999992999999999999999999999999999939993999990000000000002900000000000234512000
0125933939991999199399919331199999929919999999999391999990000000000002900000000000234513000
0105990999924999929999999233499999999999999999999999999990000000000000900000000000413254000
0135092200942999999939402919999949999499990192099994999990000000014103900000000000315425000
0144999099099499909999999099999990999999999909999999999990000010007014210010000100513242000
0145999999999990990999999999999999999999499999999999999990000000000004900000000000513242000
0145990900993999999049099099999990199999993999199999999990000000000004900000000000512344000
0105994499999999994944949999999994999999999944099499999990000000000000900000000000432152000
0105999999991999499999919949499999999190999999999999994490000000000000900000000000431253000
0145912299199919991199929919999919999999994991999999999990000000000004900000000000253143000
0115999999999999999999999999999999999999999999919993999990000000000001900000000000143522000
0115999999339499399939930990442999999399992299993994914920000000000001900000000000241535000
0115999999999999939999999999999999199999999999399999999990000000000001900000000000341522000
0115991999999099399099999999909999999999999999999999999990000000000001900000000000241533000
0125919999999999999999999999999999999999999999999999992990000010008012110000000000134522000
0125994999999999999999999993999999999992999999999999999990000000000002900000000000154233000
0125999999999999999991992999999999919991999999999999999990000000000002900000000000254132000
0145999993999999994909999999999939999999999999999999999990000000000004900000000000321543000
0105999334493319919999999091939999499949999991934343999990000100001010410000000000421534000
0105921229992944999109129939444992994993939112224192993140000000000000900000000000435215000
0135999999994999999992999999999939999999492999999929994990000000000003900000000000125433000
0135929999999999399999999999999999999092999999999929999990000000000003900000000000523413000
0145999909900991999999999999919990191999199949999999999990000000000004900000000000531243000
0135999999990999999999999990999993999999999999999999999990000000000003900000000000523412000
0135999999999999909999992999209999299999999999990999299390000000108013210000000000523413000
0125999399913929919999999991399919939319999999399999999910000000000002900000000000234513000
0125999399392993993999999999999999999999399939939999999990000000000002900000000000254312000
0125999999999999999999992499999999994339999994999949399990000000000002900000000000134523000
0105991291912199411049929999199991949999999999299199999990000000000000900000000000453124000
0134999999999999999999991999999919999993999999999919999990000001005013110000100001352412000
0145929999999999992999099099029999999909999400999990909990000000000004900000000000523143000
0115949999999949009990999090990999999909499999910900949940000000014101900000000000142353000
0115999499990949999993904990099993944999909993319990999990000000000001900000000000241534000
0135099999449994999999429929349944292999499909999994229490000000000003900000000000513424000
0124999999999999299099999990999999990909999999999999099990000001011012411000100001514232000
0115999949999999999999999999949999999999999999999994199990000000000001900000000000542132000
0145999999999939999999999999999999999993999999999999994990000000000004900000000000153242000
0135999999999919999999999913999999999999999999991999999990000000107013110000000000152432000
0135999491199999999949994999999999999199999999999993999990000000000003900000000000251433000
0145999999999901099991999999999999999999999999999999949990000000000004900000000000532143000
0115993393929299999329999999999999919999999999999999999990000000000001900000000000243513000
0125949399999499999999999999994999929999399993933339999990000000000002900000000000134523000
0115999994919999999999999999999999999999999999999999999990000000000001900000000000142532000
0115999939999999993339999999999999999999199939999999999990000000000001900000000000142532000
0115999393999999999999999991999999999999939999999999999990000000000001900000000000341522000
0115999399944999999993939939994999399939991999999993939990000000000001900000000000341523000
0115999999999999993339399399999999333999999999313999999990000000000001900000000000341522000
0115999999999999991999399999999999999993999999993999999990000000000001900000000000342512000
0145999990933399199909939099999999039999919999999949399990000000000004900000000000521344000
0135990399099909999099999999999990999909199919999099999990000000000003900000000000531423000
0115999999999999999999999994949999994999991999999499949990000000014101900000000000345122000
0125999999990939999993999939999939999999999993999939290990000100004012010000000000314523000
0105999999999909399999922999999999999999999399999992999990000000000000900000000000423513000
0105991111091999999999999999999991999999999999199999999990000000000000900000000000452132000
0105911919999919299999999991199991999999999929192109919990000000000000900000000000453213000
0135900444944499999999499949039999949999999994099940999990000000000003900000000000321453000
0115999399999929991999999999999993993999999999993993929990000000000001900000000000341523000
0145999939999099994999909099999999909999999939990930999990000000000004900000000000521343000
0125929999999999999999999999999999999999999999999999939990000000000002900000000000354212000
0125999990999119499999991129491999999991199999999999999990000000000002900000000000234514000
0115999099991990999999909999999999999909999999999999999990000000000001900000000000543122000
0115393909244244999900999999999992299909999990029102299220000000014101900000000000543215000
0145993999999399999999999999999999999949999993999999999990000000000004900000000000231542000
0105349933929931114493392394092999399491329299943432494990000000000000900000000000421355000
0135149929919949999942919999919992119994999949991499943990000000000003900000000000132454000
0145999992999919999939992939939999999943919993999923329990000000000004900000000000125344000
0125901999042911440330930499401919033404999999399303994430000000000002900000000000524315000
0125999991991999199999999992199939999999139999999919999990000000000002900000000000354213000
0115929999299999992299999999999999199999999999999999999990000000000001900000000000145322000
0145999099999999999999999999999999999999999999999999949990000000000004900000000000523142000
0145999999999999999999999999999999099999999994999999999990000000000004900000000000531242000
0145999090999113919919999903292999999991199199991419909990000000000004900000000000531245000
0115999999999999999939999999999222399999999999999399199990000000000001900000000000245313000
0135999999999999999999999399999499949999999999994999994990000000000003900000000000123452000
0135999999999999999999999999999999949999999939949994499990000000000003900000000000231452000
0135949999999939499999949499999999999999949999999499999990000000000003900000000000231452000
0135499941199909999404419990999909409019993999909999999990000000000003900000000000321454000
0105999999999999999199999991999999909999999999999999999990000000000000900000000000453212000
0115990999990999499920449949994900949000999999992901999940000000000001900000000000543124000
0105921999909199999999999999999999999999999991991111999990000000000000900000000000453123000
0125999949919999999999199999449999929949999499949999999990000000000002900000000000154233000
0135911199999999999111999991999999999999199391999199909990000000000003900000000000352413000
0125929991199949999999999919999999999999999999999999494990000000000002900000000000234153000
0145929299999999999999999999999999999399999949999999999990000000000004900000000000215343000
0125049994900932999999999999999999099999999999990999439990000000000002900000000000214534000
0125111119992999999199941999499999919999994999941999194990000000000002900000000000154233000
0105991999999999999919999199999999999999999990999991999990000000000000900000000000453122000
0145999999999090994199999909999999999990909909991991999990000000000004900000000000531243000
0145999919919991299991999949199999999999999999999919999990000000000004900000000000253143000
0135994999994904949994939999999999099949999949999999999990000000000003900000000000521433000
0125999919999999919999999999999999999999999999999929999990000000000002900000000000154232000
0125991999999919999999199999999999999999999919999991999290000000000002900000000000154322000
0125999999933999949199991999499999999999994499929999999140000000000002900000000000514234000
0115090224321999990292343009999990493309909929299940929000000000000001900000000000245315000
0145909990999430929900999929992999909999299399999999992990000000000004900000000000512344000
0125999119999919999999939999399999999993919399999299999990000100002012110000000000154323000
0135999999991999999999999199999999999499499999319999999990000000000003900000000000153423000
0145929999999199999999994999929999929999999992999999999990000000000004900000000000215343000
0135949994999929099990993999999999999994909949999949999990000000000003900000000000213454000
0145949999992999999999999999999999999992999299999999999990000000000004900000000000215342000
0105999999999999999999199999999029999999199919999999999990000000000000900000000000451233000
0145999929992299999929992292999999999499999999929999999990000000000004900000000000135242000
0145999999999999992999999999929992949999999999999999999990000000000004900000000000125342000
0145029929110019132229111200999999329391039422999990031990000000000004900000000000125345000
0105999999999399993999999993999999999999999999999999099990000000000000900000000000421532000
0105990999999999999999999999999993999999999999999999999990000000000000900000000000421532000
0105999029999999999999999999999999999991999999999292229990000000014100900000000000421533000
0135949499994990994994999099993999999999999909999499999990000000000003900000000000123453000
0115909999999999990299199999999999902999999992299999929920000000000001900000000000345213000
0115999949999994299999999949494999999999494499949199442990000000014101900000000000541233000
0145909999099929999999999999999999222242992999999999999990000000000004900000000000253143000
0125919999999999999999999999999999999929999999999999999990000000000002900000000000254132000
0125999999990999099990999929999991099199919099919999999990000000000002900000000000354123000
0145999099999999999999990999999999999999099499999999999990000000000004900000000000512342000
0135999999949999999999499999999939999999999999999999999990000000000003900000000000213452000
0135993999999999999999999999994999999999999999999999999990000000000003900000000000312452000
0135994111149991999999999949999919499199119999993919999990000000000003900000000000123453000
0125999290999999999999099999099999999999999999999999999990000000000002900000000000514322000
0125999999929994099999999999999999999999999999994999999990000000000002900000000000514233000
0134999999912299992999999199999999929129991999939999199990000000107113211000010000132453000
0135990091911120299919919999999999901991930900999999999990000000000003900000000000351424000
0105909999999999999999999999999999999999999999999399399990000000000000900000000000453212000
0145939999999999993990999999999999000009999994900999999990000000000004900000000000512343000
0115429999994999494999499999999129999999999994999999999940000000000001900000000000145233000
0134999999999999999999999949349994999999999999999999999940000010005013110100001000531422000
0145999999999999999999999999099999099049999999999999999990000000000004900000000000352142000
0145399999999299993990032099992902909319999219099990099940000000000004900000000000532145000
0145999219999999999999992919999999999994999999999999129990000000014104900000000000123543000
0115909999922490944292002290999999090199992929929999999990000000000001900000000000345124000
0115999999939939999999999999999999999999999999999991999990000000000001900000000000143252000
0125999999999339999999393992999999999399999999993999999990000000000002900000000000314522000
0125999993339399999999299999999939999399993999999933399990000000000002900000000000314522000
0135992299929929999119299112992391992919999929999992919990000000000003900000000000135423000
0135900909999999099099999999990909999999999099939999999990000000000003900000000000321452000
0134949490999999449990911993994999910910994999091991994490000100009013210010000100352414000
0145992909999994999999999902999900999909999290999999999990000000000004900000000000523143000
0145949999399999999939999999999999999999999999999999999990000000000004900000000000312542000
0145099119909992029999099999999999991999992999099190900400000000000004900000000000321544000
0115939999999399990999399193939999399999999909999999999930000000000001900000000000542313000
0125999929499999999999949949999999999999449999999999999990000000000002900000000000514232000
0125999994999499999999999209999949999990999994999999999990000000000002900000000000324153000
0125999999949919999999941999999999999999999999999239999930000000014102900000000000124534000
0115999949994999994999999919999999999999999499999949999990000000000001900000000000142352000
0125909999099339399999999939999099009999909099999999299990000000000002900000000000314523000
0105999999999999999919999999999999999999940199999991994990000000000000900000000000452133000
0115999999999329999999399939999999999999999999991999999990000000000001900000000000142533000
0125999991999999999919999999999999999919999999299919999990000000000002900000000000234512000
0125939999319131991329999919919939999399999119999999949990000000000002900000000000254314000
0145929499999999999929999999999999999999999992999299999990000000000004900000000000235142000
0145919922191299999932929392999999999919999994129922999990000000000004900000000000135244000
0105999994999491019999999919999999999914199999994239999990000000111010310110100000432155000
0105999119999199999991991999999991099999999999999999999990000000000000900000000000452132000
0105991911999994991999911099999999911149999999199999999990000000000000900000000000451233000