0915400910192990290003219999999901213122093992321199909130000100010011411000000000425312604
0915990910192990999002219999999901219192099992221199909190000110001021020000000000425312599
0925499009934422929239999924299919409094200099019239334920000001003012110000000000342514388
0925492009321493419009190439292903222913112400231999091430000000000002900000000000542312926
0935340221114410401411313344034909234919321022030122032020010001009013210100000000135243549
0935992994414949339939949393103923191319931999919991999900000010009013010110000000153242917
0935412221103304024022133143203924110409334309121409141020010001009013210100000000154234472
0905003433210240011322411203231432424944043209331219931010001000109010210001100000214533717
0905003433240940011329991203231432424949043209332249932090000101009020120011100000214533452
0905003433240940031329991209233432424949043209332249992090000010110020120011100000214533745
0905003433240940031329992209939432424949033209332249992090100010013010410011000000214534211
0915909212103121142099921341044999992449944309209391221330000000000001900000000000425313244
0925192919121449929999339944299994222991012099299999319990000000000002900000000000352412657
0915930029129904442902243100944199991130423300904199910110000010011011411000000000523413353
0915930029129904942992243100949199991130443300990199910110000000104011010000000000523413473
0925411344204234021141311320004900302214120340392119393240000000000002900000000000352414649
0925230030411304410121420241244901001999234331133240032420010001009012111000000000542314268
0935399949014090139003104241201944321203314943939021491231001100110023221100000000431253263
0935399949014090139003904241201944391103314943939021491230000011005023220000000000431253164
0934399949094990139003901191101944391193394943939099499130000001108023220010000100431252854
0935399999094999139903901191911944394193394943939099499130000100004013110000000000431252552
0925931292929902029994423303031992999229911393919949090030000100004022020100000000342153027
0945993311102410349339444203094933311021009410391304124020000000014104900000000000341523121
0925292123004011219413903924202324303994399094412993339910000010112022121001000000412533078
0925292123004011219419903924202324303994399094432993339910000010004012110000000000412533459
0905024334410410013343001402221921230913431144322322340210010001007010110011100000213454359
0905103094433013119122024122321940494320301002299931334410000000105010410000000000215432116
0905309099439039919924094999339940999390904002499993939390000100011010210001100000215432121
0925929902109919212199030993209332109121999909290291139990000000000002900000000000452312815
0935392100392213412323029392441902304499292103401299439040000000107013110010000000415232995
0945049499923313430992492940091999944292239499920003014090000101004024320000000000435122570
0925293494404000009249232321020993342111010299433311342030000000000002900000000000142353900
0905992233299944010929919490494931910039442003999399909900001000111010110011100000214533230
0945993204323211449020400324114993420901931029943229192140001000110014310010000000315423715
0925093230003924044330321220124902911102941093443394344920000000000002900000000000142534388
0935302294342911419110131301323990022920993300444421049321000100011013111010000000513244915
0935090422393101439990399093499993222999143090234949904130000000000003900000000000315243067
0905921303204143039319400211000911492940114299299232919430000010104020220001100000251344297
0905314133241222334949313421000999920320000949911110444230000011004020420000000000251344439
0905414933294292234919313421000999920920000999911140494230000100003010410000000000251344731
0925200144432323320004103124112901431340142399019910244320001000105012010100000000452134587
0925324499402140332011422443232940940104913299910920393040000001110022020100100000452133111
0925329499402140332911422443232944940104913299910920393040000110002022020100000000452133091
0935121302302942339294904290011903043213423124909443202100000110009023120010000000314253771
0934922342302949339294904299920993043223493929909443209990000010010013110110001000314253295
0935929342302949339994904299920993043223493929909443209990000110002023220000000000314253679
0935490243292123439339209093131920001929411144492133201140100010007013110010000000514232716
0935499243292113439339209993131940001929411149499233201940000100002013210000000000514232888
0935994394391041934144903040313999931999491194999993309011000100005013411100000000431252439
0945921411021299342491204930942949911194933399999209424190000001008014310000000000435122695
0944921411021999142491294902942949999194919999999209494190000001005014310001000010435122652
0925209331419911019931340433301931144099242202220424130210000000000002900000000000312544805
0935941029303001324004120123423912091114133004444434312220000000000003900000000000341254475
0905903949323230010444949030201939949902292133449392904110000010107020320000100000213453360
0905324349002094223423409399099923390049294040493392994990000000000000900000000000213453737
0905000041444023321999434401322939913929103113131232222000010001009010310000100000241353222
0915949999919900999021020911299920111092229940029199919090000000000001900000000000523143493
0945431921429133229413992944000999999342034014192142100230000110008024320010000000154323006
0945499920999441432099294900914902099412343120299420300310100010011014211101000000543123336
0905312900113320349402224434110910319302343412924941300310000000000000900000000000245133497
0915100419044312014049413309231934919341022234409433291220000001110021020000100000321453792
0915149419044312014949413309231934919341022239409433291220000110102031020000000000321453335
0915149419499413019949919909231994919991032249309434491220000010005011010000000000321452983
0915909194291491490999299310311499039934022292122212431330000011007021020000000000324153099
0944999939022409994902233449044999099300094349932392949990000001111024120111001000415323177
0945999939029409994900233449044999999200094349932392949990000100008014310000000000415323223
0945993333434091903004039211012923343011441202209429490140000000000004900000000000341524023
0905999223313494019294202129010930402400132339493914332400000000000000900000000000234154192
0945291019004921243291011024340939493119343331040212324240000000000004900000000000451324629
0935999032439214330404341124900942231190422304121134029310000010111023120010100000415233641
0935999032439214330409341114992942231990429394124134029310000001007013210000000000415233676
0905199322429402423492010110440039230330944143911313094221000100008010410000000000234513273
0905199222199902923999010130440099230930944149911392094220000010004010410000000000234512840
0925929399211349232211114319429993999494929992199914192990000101002022420100000000152342049
0925929399211949242211114199429993999491929992199919992990000100009012410100000000152342107
0945301192403199242031429124244912992300993929124490393940000000000004900000000000453124912
0935914211304122202933412110340923013249102004100903143430000001009023421110000000453213758
0935999222499443099342030994003992324909990303223444994390000000000003900000000000314253467
0905921392399393909302010319919912123301190013222923099101000100008010210001000000235413423
0905130323033122449992929930400901320441411090914191212140100010008010310110100000214534335
0935340403002421014390211923213940190349211202493343299210001000111013411110000000413253293
0935312423429092934242303409190992134394311199214123022101100110012023020110100000314253169
0935392423929992934294393409190992134394311199294423022100000000104013210000000000314253005
0935940220109941033202241932223904994444390330230193999111000100011013111010100000315243067
0945092222031314119204203941904922021140014394449133991200000001005114210001000000315422405
0945092290031914309204203941904929921140014994449233999190000100009114310000000000315422286
0935309092044142222909220234901310443110331324002314119230000010111023121010000000513244360
0935309092044942292909220234909310443099332324002399499230000001007033130010000000513244379
0935939990340290334499090430999999999992232930094993490320000010104023220000000000513242955
0925294429410343394944002231131093202209310404403432921311000100013012311100100000432153276
0925192934204444314293491014233929930099221192403349999920001000112012010100000000542133070
0935190101494122219130944343499903991132240300339300901120000000000003900000000000431253678
0935013341444224011009102142230991311394492199490309329330000000000003900000000000341253090
0905991133421990029212934224201920392449902419999290004090000101010020320000100000251344087
0935102242121194341003343093113902204400314194001421993430000100110023221100100000514233901
0935102042121194341093343093113909204400314194001421993430000110003023220000000000514233837
0935922402224413312922112391200290133013914140443031941030000000000003900000000000315244378
0915942204439410314221311003120940120403429132214394303230000000000001900000000000124354655
0905024304344491901192120323300941022132124014011449933331000100012010210101100000253143830
0905911400492290299411499299009911999029944992910191444000000000000000900000000000245133598
0945039390992244202143322041300924942193304411019131211400000001008014310000000000134523852
0935311304104304402212241302240900233149219014321240310320010001012013111010000000154233762
0935014191140322031014934934303394993291202414144214022300000001002013210000000000351244031
0905932299999930499999902040103991299322101490009399294141000100010010310000100000215342619
0935319912921242430033341419134229343000344122942104094000000000000003900000000000345214534
0935123210411103039929929029930922944313421092032301013210000000014103900000000000314252861
0905043342940113012233290393401929421112991999044343040030010001013010210001100000215343827
0905012431293114332221424340303929309402044041019049211490001000113010310100100000235143930
0915102004312233302232324210340999131041400190922494933110001000109011311010100000325144370
0915992912242094112003392302311939133449942249012903334110000000102011010000000000425314838
0905913939249103113091413134120930094090292031133224419400000001111020420001000000243512759
0905913939249103113091313134120930094090292031139224419400000000105010410000000000243512946
0915933919993199119439999399939919999919439139913193999990000000000001900000000000123542532
0915044202203491040204032141211943102334244233013109124330000100010011311000100000321544399
0925149120921404213493120999221940912413043013090223143430100010010012311100100000512344263
0945992994243430423999019143034999009431339422191010421120000110004024320100000000543124426
0925219994942993234991921192334029109432030199999142993420000100110022120000000000542133358
0925219999942999234991921192334029109442030999999192999421000100011012111000000000542133074
0925299999942999239994921192334029909442030999999192999420000110101032120000000000542132989
0915100929901421449333922214412903330241324443103042001211000100005011010000000000521434432
0934929990304340439093039490999949402923443949990223242390000100104023220100001000514233681
0925410303199334041411909930324123191042104202423230212130000000000002900000000000152434233
0945993399339300149019093994439991494019094909443039919410000101005024120001000000531423004
0945414233102404312222310431440923311200240029219491101030001000107014310110000000145323967
0945021031301244041111323930034942112022034324022021139440000000111014010111000000145324539
0935341141424102234944039291323940030241103241103102032000100010009013211100100000143254399
0935393019012314442049000099313992191122314023144393440400100010010013210100000000354213645
0945029000493923209929394019104999299441230994999139040440000101002024320000000000145323481
0905322041119120134132909144920941311000203294393099439240000010005010410000000000234154107
0915194222412040102299049314013924902931213324910233430100110011007021020010000000124354012
0915949193123092442929994129094929943994109094111229190140000000110011411000000000425312711
0915949193192099942929992129094929943994109094111229190140000100007011411000000000425312846
0945423019192412233040911943300924134090332290400091442130000000000004900000000000354124669
0935022932210000432490410009334949023244399022934214331190010001011113210000000000145232076
0925903909933314223909040411313299094224302314102921111211010101005022020100000000412353269
0935429014123042033993923900900999994999999939911339939090000001003013210000000000354212239
0915999919930234110319200023043991099231104399999192093410000000105011010000000000325142918
0915999291910999919912110999199992209222910099200929919990000000000001900000000000425312587
0945103230092429239022924904214904414311491191330010199140000000110014310110000000415323506
0945103930092429219922924914294994434111499992930010199140000011012024320010000000415323338
0945103930992429219922924914294994404111499992910090199140000000107014310000000000415323511
0925431021210993223433101449030911434339402094142002423120000110010022020101100000152433936
0945334204301102313494120411000923201414420321229399310940001000112014211101000000153422527
0935399442930031312949392021130444929441200099293443012310000001104023220000000000135243590
0905039392393040002914124314402403131221244433290292140341001100107020120011100000253414468
0905099392399040002934124314402903431231244433290299140340000100108020220001100000253414059
0935292310200423239200023109324901013942494193419044443300000000105113411110000000543212648
0905223911231022023933290443242933190094901199919033014400010001010010210001100000231543711
0905292911931022029939390443241933190094909999919023014400000110001020320000100000231544166
0935134902249343039911423229024991140299942434904339299300000000111013110010000000415233177
0935992323390223999224440434293944249093999044923039290990000000000003900000000000413253200
0925043311130042429113294320430930003120224131440944032120000000000002900000000000152434778
0945993221339109221331294923144914411249104433321342219290000000000004900000000000143523739
0935940024390249099949933399432909422493492992330992399490100010004013010010000000314253193
0915930391403311242302114439344909204001942299991203014130001000104011311000100000524313574
0905039314309223344139101219920114900103940219114329029420110011011020420111000000253413896
0905039391309223344139101219920114900103940219191329029420000100104020420000000000253413977
0905931132992924999023909120900922919199190930912099391200000010011010410000000000254314216
0905043229900300114991330114234922491314132122343401224000000001005010410000000000215344503
0905324442330341339199494421190924130312993042429010040010000000000000900000000000234154748
0935310402124203329042293441412944039201033191209993211230001000107013110010000000531244514
0925440030133344029339334219144940093212902293121199449220001000108012010101000000432514313
0924999932224039999394422239992399929009949090993902444990000001009012110100001000512432818
0925999992224099999399422249992399929009949999993902449991000100004012010000000000512432537
0915049999242314403910910942009341294292409091021002213110000000000001900000000000123543917
0915104431401223334044414024213923100342122230394030010910001000112011311000100000423153893
0925994042349992023441443202412934130019931243322103130301010101010022121001100000312453791
0925994042399992023441443202412934130049931243322103130300000100007012110000000000312454028
0905233494212140024144441399000909431102333040223121312230100010010010210001100000241354238
0935422210310031130940024122234900400404433129999299434330001000108013411110000000534214809
0945910133130134410404220142291942430033012322210492310430000000000004900000000000345124347
0905111033221310403934330420141939292929294019931941040040010001011010410101000000243514133
0945192333094344293134904222439901931034010103499092123410000010105024220001000000431523080
0945192333094344193134994029439901931994911903499090123490010001008014310000000000431523283
0905913194934312021391093400302993941002492434991013312020000010103020420000000000251343565
0905933199934312049391093400302993944009492994999013312090000001009010210001100000251343427
0905933199934312049391093400302993944009992994999013314090000001010010210001100000251343402
0905933199934313049391093400902993944009992994999013314090000010011010210001100000251343386
0905934199934313049991093400909993944009999999999013314090000010102020320000100000251343328
0905999199934313049991093400909993944009999999999013314091000100002010410000000000251343061
0915199322043244413390244332224909333041120219110142031440000101003021020011100000423513349
0915192111033249022002332332004923040303401132244124119040000000000001900000000000123544887
0905939119301204201929900399039901019292313039311132212420000001008010410000000000253413148
0905119993232241001903323040324040323901411099991992429940000001107020420000000000243513122
0935011019110223039190044294013941924341304291341329430300000010009013210100000000154234201
0905929444041032093114400331302943190999430223241291131200010001008010410000000000241354591
0905929444049033093114400331302943190999490223241199131100000100108020220001100000241354747
0905043442011024244332142022302993314941011213340123034200010001007010310010100000231544437
0925214304000230223344423331010131942040991191341122244000000000000002900000000000132454905
0925902100039931109403341931221924312011043444323200122410000000000002900000000000312544472
0945902910420341402240009219190919331023940391149399404940000001005014310000000000354124113
0945922194100421301499022492014991999091443314924339023130000110004024320000000000435123243
0925233234444342413199190123042914129103201090212019000400100010008012111000000000142533593
0905919224219292001910409149491999400999904999929019990490000100002010410000000000253143710
0905443949091414030114431402402119133903202399999101043430000000000000900000000000245133376
0914994999910903939914049419391991001149949949199190999990000010012011411011000100521432136
0915314443214301304234113213001949999300222219414222024330000000102011010000000000421352619
0925949142334144413030139120311949133122202200409403922090000000000002900000000000412354864
0925443399401322009931492013421994992432040299009201304120000010102022120000000000132544485
0945099119109434039902242423423991199492203099010449994000001000110014110011000000154323324
0945911192491909499224091424104992019992194992109499099940000000000004900000000000345123860
0945911139249144409291299999044113499499993999994210100300000001009014310000000000453123231
0925031999124430303091913110210244929932402414112992413230000001107022020100000000132452563
0925031999129130913091913914293244929932402414112992913230000000109012010100000000132452669
0924931999129139913491913914293244929932132914112992993290000100011022021100010000132452730
0925931999129139919491913914293244929932132934112992993290000010001012110000000000132452873
0915323213022944912033204034091902011409431491123020024410000110012021321010100000425313053
0915323212022944912039204034091902011409431491193020024410000010104021321000100000425313006
0915329012902944910939204034091993011409431491193900024410000111002031221001100000425312645
0915329012902944910999304034091993011409231491199900094410001000110011411000000000425312614
0915329012992904910999300030091993011009231491199999994410000100007011411000000000425312571
0935301401122313224044134920224990943923134911149123300090000000113013010110000000351244340
0935309401992313224144434920224990943923134911199113300090000100007013210000000000351244309
0925913494119493929332301002933914202440291291024013231310000000000002900000000000152344686
0935441440209442331910339312243991043103103294011499402120000100108023221100100000531244040
0935441440109442331910339312243991043103103294091499402120000000104013210000000000531244271
0925244142044402431111190043323943221000334204201121903930001000112012010100100000452132990
0925939133311100243932002130422912193241900493449014430220000001010022421101000000152433439
0905990199023123049114941903939912020299199419409429111000000000000000900000000000253414104
0945421209941103403190243100424991921104023039192430133420000001104024320000000000153424625
0925149022000492904490401239021390993233392199942910429910000000103012110000000000312543312
0915040221210343104344242133011929919224143390309240013400000000105011010000000000324154359
0915332240401133019949099493412420040393934909191910311420000000000001900000000000523144103
0935024299003204932939344939224944221191393929942023194310000010110023120010100000413253041
0935994499093204939939344939229994220990393999942023494390000001002013210000000000413253072
0905430414402942409299994041222904921122901431199921310000000100009110410000000000243512006
0945339400109313399009140930442999094104322301999041234490000101002024220001000000534123399
0915193293413101322341430324210904901424003040232031402411010101004021221001100000123544429
0915193993913101324941430324210902901424003099232431402410000000102011010000000000123544411
0915021339104943112194392230004099232232130144312224940410000000000001900000000000123544611
0915092291412110200329442144001932332019044243331304900410000001109021321000100000123543542
0915994291412114003929442199901992332319994499931334949410000001010011010000000000123543345
0935340302019422134234419333141229003043021420901299041410000100108023121010100000514233815
0935101490320394134210342211422100942310133244024024092330000000000003900000000000513244795
0905943411119313442131914902304219490990234193400413320000100010008010410000000000245314233
0915399244194999313320313422111993499402221299349149199900000000105011010000000000123454699
0935943999942493902432329909394934034043939942909209900920100010008013010010100000413252476
0925391902932433414241203102442994912300013219309990420330001000107012411100000000532143044
0925399902992433414249203302442991912300013219319990420330000100007012110000000000532143223
0924934341493499991439249224191941142211323994193223119290000000111012011100010000142533441
0925939341493499991439249224191994142211323994493223119290000101002022120000000000142533596
0945924443102303302293312002413999234190194924249999034100000000000004900000000000345123328
0935944022249303102402314491113941314140042092300209312330000011009023121010100000315243635
0935944022249303102402309491123941394449049092300299310330000010107023120010000000315243698
0935993003101431019434023249221944040193131399040999911320000000014103900000000000314252507
0905219919224403029102012941440999990143301019299919340440000100003010410000000000243513972
0935242112233132020142014009331923494419400449133021311000100010010013210100000000143252922
0945031443132322142333321211304994292209144100302004490310010001010014110011000000314523587
0945031443132322142333321201304994292299144100302004490310000001008014110011000000314523560
0945031443192322142333323201904994292299144100302004493390000100007014110011000000314523638
0945424391223094142434243903311900014220331009323010241120000100010014111011000000314523522
0905194219191023009141094403942939902934211994043922193000000000000000900000000000234514449
0905993324212094112023929340041991439400031440223149311400000000000000900000000000234514419
0935903239439291399249990230304934932190192492909929302100000000000003900000000000415232415
0925230331440124421010132340412909314002129101032343014240010001012012411100000000542314294
0925230999440124421013132340412999311302129101332943014240000100002032030100000000542314500
0935990904319122929440431303121499202194239293240139441330000000000003900000000000431254110
0925299402904212324141241233303991021334234340009100114340000001002012110000000000532144048
0915921209923311209999099422293919940912134199919999924310000101007021421000000000321452713
0914911119220911112099929992429900041429449942990429909990000100009011010001000010524133181
0915420212149093149999911033301919991999223122999029920090000001007011010000000000124532703
0914924212129399149999911993931919991999299122999329929990000101012121021000010000124531968
0945994091321941949442102001204914934103022211400393333020000000000004900000000000531424072
0945904343029911419999290043333994902441141133090324011211000100009014310000000000513422466
0945994343029911419999290043333994902441141190090324011210000100101024320000000000513422038
0925110423043420129093030093232949902449240133024134411120000001004012110000000000512344347
0935443911104032204400921129313942912944314023013021032320000010010013010110000000134253744
0935443911109432204400921129313942912994314023013021432320000101008023020110000000134253727
0925923932334044202199049420411130390923121423391132010040000011007022020101000000142532415
0925034441411132132994419404329999902332409224433113220030100010003012110000000000342153641
0925034441491132132994419919929999902332409224933113223030000100007012010100000000342153512
0935309223411434030011000103314999929043442491904999403230000001002013210000000000354214802
0935311012399494292312033122044911039400421299310923014431000100013013411110000000543212996