1025294342201241439142303240300949099314113294411132231230000110101032020100000000431253656
1025390039443142329039341004423919920140423143092223912241000100009012111000000000451234187
1025390039443142329039341004423939920140423149092223912240000000102012110000000000451234276
1005121230244431002221424404310929340909343012112013191300010001010010310100100000135244296
1005991441330213001104129420400919040931422494191292993030001000110010110011100000153423672
1035929910139123439090939019449909021093143201922093312330000000107113010110000000534121761
1035929999239143439999939119999999999993193291929293392330000000110113210000000000534121717
1005191440339921111439242193090910202402223292940333001100000010012010410001000000123543372
1005991990439991191499992199090910402202223291990933001100000010005010410000000000123542971
1005034411003323004241442410310992112143221932432030421010000000000000900000000000123454887
1045342101042123314294320023044999400919911042240102111430000011003024320000000000425312559
1025912409293929239240944399921944492220491210999093904030100010011012010101100000351243023
1025403910101333243113223201224914234144141034092002943200000010009012010100000000351423839
1025403910101333243113223219224919234144191034092002943200000010010012010100000000351423710
1025299900042394909193329019933919132441929299912304222930100010011012010101000000351423845
1025291412203241404142100214303949399033410293131312244230000100101022020100000000341253811
1025114934403044220309090133134909920413323993442220312220000011004022120000000000541234718
1005329992210241003930490201021991223434033149919001399910000010102020420000000000124534034
1015133340202220414101300312442913200414441339292230133190001000113011211001100000512433563
1025231433224343221001010042132901303114414909340232143240000000000002900000000000451234905
1045122303131021422020213232304901044323444130014419190410001000110014310110000000534214626
1045903242300101443492414991021949020093914033090333114240000000104014310000000000423513438
1025212100443110343203324444222991942399149303301122100030010001012012411100000000451324005
1035322112444400001130431144403913222220043341419209302330000000000003900000000000254134879
1035344294191090332923243042903091421421323024130341409400000000000003900000000000235144729
1015922223414342032130341240111910020949430141423341200330000000000001900000000000315244388
1015102322422123343333040012410994441924901103032201134140010001010011010000100000315424655
1005294241241940003340213334412943932304924093030090121920000000112010210001100000142533180
1005294991291940003340413334412949932903924093090090121920000101007020420000000000142533075
1035999939932249392000090492943992399999942222920333903430000000000003900000000000523143441
1005143342144202420114314321042931394921203001310033222000010001007010110011100000152433936
1025330413311121942220393420020913234431029094991234241430000000000002900000000000351244033
1025900000132902091241323231343940433410041342444232112120000000000002900000000000521434548
1025213119404430214993334102242994234240322101331940301210000011002022020100000000521344897
1025439344432322333390441190230904012010412222210141013400100010009012411100000000451323449
1025999994432322939499441190290909932010312222290141013300000001104022120000000000451322945
1005993303902094192224341022110924224043190492334039314000000000014100900000000000134522464
1045499294029934143444391132931920932291909429902999233440100010012014310010000000425313676
1045499294029934143444399992939920932291909429902999133440100010009014310000000000425313511
1045499294029934143444999999939920993391909429909999133440000011105034220001000000425313593
1045499994099934143444999999939920993399909429909999113440000001009014310000000000425313896
1045430022221312343911911032019904220343341430410034024140000000000004900000000000425314843
1035322411349331302141210043003940424123933412142104400000000001010013211100100000253144769
1035091232922423201924243103042919999394139011439341493300010001005013110010000000253143462
1015294223411092102903093249033930213410124294431021321100000000000001900000000000314254355
1005213332412124039121244432000909943430923113211214000300000010001010410000000000152344812
1005043220004112014332930324102941129114231394490023140220001000104010410000000000142534220
1005041130929430039433239241040912200231211322920912191040000000110010410011000000145324579
1005041130929430039433239211040912200231211322920992191040000000107010410000000000145324587
1045419920449920949314333222010319300443904021913242290141000100012014311010000000234513790
1045419920449920949914333222010199100443904029913242290140000011102034320000000000234513956
1045400110002233040210114132243999992244031311212044433340010001005014310000000000345214279
1045432312314424000130413204014922291023091019133491034420010001011014110011000000234514541
1045410390449023932409220292441921010923301034111901314440000100012014310100000000435214363
1045491390449021932439920299441921020923201994119901394440101010110024320010000000435214191
1045449212020294029911993402042921931334402449331909101240000100010014310010000000253414054
1045449912020294029911993402042921931334402449231909101240000100003014310000000000253414148
1045022990349499909220933499144992494990101499203340002040000100003014310000000000354213526
1035101914132233039399140249332930993424410010910419132040000010010013211100000000453123663
1035901914132233039399940149339930993414410010910419132020000010005013210000000000453123955
1035019943422332140104339114211942042012133410204003320431000100007013210100000000453124157
1015999902229242110129210031001910902993330421924333243110000101008021421000000000415234113
1015999099943110139429023124133940909140322392921944132110000000101011010000000000513243868
1005912292012309234929134991030291011029341019201230993200000100011010410011000000145323672
1045023939990242442993399123434919090301004290209400414340000110007024220001000000254314746
1015300012444143314294412920122903192311321002490403323310000010008011010000000000413254249
1015122034139231232029414330433904091223411044400210912130000000109011010000000000315244686
1025431414244000023101344332211934193923021209432240023410010001007012110000100000431524512
1025214104433010423044192332210901901231112234492404423000000001104022321100100000241534824
1045032310093424241000944432122904301014411233302111319240000000111014010111000000243513829
1045392030093424249990944432122904301014411239902111319240000110003024320010000000243513643
1005034410432102114922112331043941304212203100099323424090001000113010110011100000125432902
1005939991240929109141303334340994041110422034903340022120000000000000900000000000142534092
1005992992243410109999921020003999333149111099333294040100000010009010210001100000125434422
1005121914013030292912144199309923320120401492031329430020100010010010410001000000135424357
1005221913013030299992144199909921320120403499091329430020000000104010410000000000135424254
1035312249004444332100112244010910022333930301201294133440000001010013211000000000452134613
1025024103420099122301433341101933401424204223343429410021000100011012111000100000321543518
1015103344001012240420012021324994231339034130323221311440010001009011411001000000513424674
1015119243901422321094324933331910902242120441094023140310000010008011010000000000512342398
1015119243991422321094324999931910902043193441094093149310000001111021020001100000512342318
1014119993991943931094304999991910909044193441094993149311000100009011311010100100512342171
1005312330123304422141103114112924900209903314432224044000010001010010310000100000142354260
1045033433190140022391320042224913931110120449429121444000000100007014310000000000352412996
1045033499990140092391920142224913911190120449439121444000000110005024320000000000352412969
1045033499990140092991920949194910911190920449429129444900000010002014310000000000352413428
1025014131032332203110114220230941133000444240499231423240001000105012411100000000251434685
1035394249144903191104424010023933391109102291123392433040000100013013010110100000243153387
1035394249149903191104424214023933391199102291123399433040000101108033020110000000243153269
1015329443411023310432334440212990399341222149002110123130000100102021020000000000413254644
1015499201401012030039991333913900224441291242434110324120000000000001900000000000314254385
1045430444321303109322049044114939911910901292420121300140010001010014210101000000234513276
1005304331031124102199903320910933430431211001212022922420000010011010410111000000132454419
1005222131093243304100914422940914000393342419003112431120000010011010210001100000153423122
1005221191093243304900913422940914000393342419009112431120000000105010410000000000153422913
1045390119022120034019011092943990493343204443141193492400100010011014310100000000354212800
1035304211442433230010231343420929014302190211020134241430010001011013010110000000354124714
1035390323040334349041021044400944112939391491193120011930000000104113210100000000345122344
1025943032204431439993002919922414243424344230329323919110100010011012010101100000231453639
1005023240401110234343313304022943304412211124231142092000000000110010110011100000123454235
1005912241300004034213442141340929231113004221132432312000000000000000900000000000145324949
1005499930919040049994034039340999193993999390943049114090000000014100900000000000145232462
1035399949923033112112120414333990230434040099990193090110001000110013210000000000325144179
1045300322129011441022023004233409314433911410292130244410000001010014310010000000543214281
1045300322129011441022023004233409214433911410299130244410000000105014310000000000543214424
1045339299321141341400244043421910230029432104294900013310000001009014210001000000523413281
1045339299923149341400944043421910990029432104294900013310000010005014310000000000523413147
1035321290092101033109949291949999320493940332230294339410100010013013210000100000523142567
1035391290092101033109949291949999320493940332230294339410000100001013210000000000523142713
1025499932344034219009299329234910909311342200102901024120100010010012411101000000531423995
1015393349232193049334919149410924129231122322999921413100000010007011010000000000214353440
1015122440430303292023341243103942404310401132032291011310000100013011211001100000412354774
1005914332129900439332210410131991931002234014999991032001000100009010410000000000153244309
1005023223411094341313990091940930214014440492333999019090000000113010210001100000152433926
1005023223411094441313990091940930114099440492333999019090010001009010310000100000152433977
1005941391422249913102102349400990919499000129192493039300000100012010210001100000132454369
1005949391442249913902109949400990919999000929192499039300000010108020320000100000132454095
1045400291330144040211334103032991439420112292132394144201000100007014310000000000354213905
1045423922941901449399991121000902214100904423900940311440000001010014211101000000324514757
1015322009949243102993404221112901394132131132000423413440000100008011010000000000215344291
1035201410003320101944049933234942044413233310329204122110100010008013210000000000452134287
1035392992414000034233322903024942940034114411422431130390000000000003900000000000253144465
1045400020313222240130424440301991312123093130131344024140000000000004900000000000523414394
1015124231309921001423341334311449213102002213324442403001000100009011211001100000213453143
1025039444943240224494902120202949310023031149411221311330000011003022020100100000231454129
1025400110433221220031142244344934101013232334919390940220001000109012110000000000451324425
1025933310290093429211991203244921192093034293913120943240000100010012110000000000351423141
1025933310290093029211991203244921192093933293913120999240000001110022421100000000351423073
1025933310290093029211991203234921192093939293913120999240000001012012411100000000351423025
1045410330412324229019344349034913091120930292234199434990001000113014210101000000432514423
1025223044339310212043421139912940003040112324331400442210100010011012411100000000431254451
1045039123310124042499009041924942133900042093111431334240100010011014010111000000254314078
1025204443404121224433409292392943102121010149403302031330100010012012111000100000321454605
1025234193221031131492204399910933142010233044234044041220100010011012010101100000241353499
1045420020334412132943434140002900233011420209999299494130001000110014311110000000534212656
1035990044201924920203309103212909430123331399242294413300000000000003900000000000452134339
1035020122213042440114344321490921101031033320204293134430000010012013010110000000345124466
1035920122293142440910324321490991101931033320201293134430000101007023020110000000345124129
1035024311410114330430423099301243042100422394421032213410100010010013010110100000243153880
1035449110392104242210930301333910944402323312212304014040000100007013210000000000254134851
1035310399124319341930424412444999390999292340022419319331000100011013010110000000453123720
1035321992400290930113143223044923003114313021344102424201000100012013411110000000354123610
1005032411424002103291410001333922221394314044432091310320000001008010410001000000123454541
1005139230004022412323991023211934244314014023319101094400000000110010410000000000123543840
1005139230004022412323991023211993244314014023319101094400000001002010410000000000123543844
1025211323033341303434410444202990930012292213121440014420010001011012311100100000251344664
1045999944294999419331312294924999139419344239399293399940100010011014210101000000423512579
1015002424239119932243111233149943129943132293441939999210000100011011010000000000214353512
1014942424239119932243111233199943129943132293441939999910000010012011011000010000214353544
1015942493239119992949111233199942129943132299421939999910000110004021420000000000214353357
1034999399994243299933219994393993111244313919919224932290000000109013011110010000253142860
1045432344241939209139030390494911442001313291311149900140000010012014211101000000352413224
1044901134330914149994399440109131133041904911303499909340000001010014210011000100452313563
1035932493421231104499993309410999999431024039449921394330000010004013210000000000253142450
1025249344042132194414001332202914420349323213130392101000000100013012311100100000241354345
1025934244412012429334231093942993343914942293239909421000000010101022120000000000231544075
1004941134401913994434393403300911909040990033140499991110000100012010210011100100132453667
1005922210341003909224091291990922420911943391910433309300000101010120320000100000135242155
1005922990419003909224091293990922910919943391910493909900000100008110410000000000135241970
1005922990919003909224099293990922910919943391910993909900000000107110410000000000135241987
1005922990919004909224099993990923910919993991910993909900010001011110310000100000135241441
1035202104313444031314211302223932091909034440411210330440010001009013210100100000453123960
1035202104313444431314011302243932991909039940411210330440000001004013210000000000453124102
1025290090933120420091342434412993299920341299923133912010000000109012110000000000531423659
1035024901141433124911224031220924099100043393492430043330000100003013210000000000245134423
1045234019190201149019449010344933412224014304300291919190000000109014310000000000543213348
1045234019199109149019449010144931412194014904000299999990000101008024320000000000543213035
1044924019199109149019449010144911412194094904000299999990000101011024320001000010543213052
1045924019199109149019449010144911412194094904000299999990000000000004900000000000543213323
1005132299000422202113240421001913331440133449131424300210000000000000900000000000125434645
1025132430213444213403113022102944132091499242340302304300010001012012111001100000321454056
1035302119043441409191239999340111299433993399991200434430010001011013210000000000453124245
1015349432244121310491923201002999900932131139409993211340000001107021020000000000514234505
1015292294233011332129440921214919994242991094999243041110010001011011411010000000415233773
1035211422001434321212090141343241403021330091024340343400000000000003900000000000452134884
1005939109924434442290219131203931901343021329090114002100000100007020420000000000153422842
1005939109921934912290299191303931901339021329090911004900000001009010410000000000153422829
1004939109921933912290299199909931901339019129090911003900000010011010410000100001153422833
1005939109911933992290999199909931901339019129090911003900000010005010210001000000153422906
1045490240404411240029333022241920931101433312922349990140001000110014311110000000534213907
1025013341032421221044444100112939334914912233330022003210010001010012411101000000231454574
1015004302111140132424942243113922901913130039233224400430000001007011311000100000315244481
1005221111930044132120142341310912034402344422903232013000000000000000900000000000145324368
1045322991422049049139043949444123313024113012220301403010000000000004900000000000345214818
1015343231093942233410324420211901411491020140330134422200000100009011311000100000314253866
1015333231993942299910329420211901411491020194339194422900000010002011010000000000314253789
1005044343244134004122240112103931902294130123223403100310010001008010210001100000134254533
1005044143241134009122240912103939902294130143223403100310000010008010410000000000134254502
1015400210303032310221114231301922124434304029992304431410001000104011411000000000415233681
1005994491322241003029143200011904443329091090944311949130000000000000900000000000123544645
1005909131022129121903324390909193233344992909034999190000100010007110410000000000132452676
1004909193022129121903992990909993933332992909091999190000000101004120420000100001132452498
1005909993022129921901992990909999933312992909091999190000000100012110310000000000132452552
1015499443910332329412001001012941399300113299944933122210000000103011010000000000312453378
1045949290409434110994942919923992901391913249090212334440000011010024220101000000523413103
1045031311303220043204323032440919191120941413221410244040010001010014310100000000254314740
1045031311303220043904323032440919191120941412221410244040000010002014310000000000254314863
1045900422441300029200140334042924193992920499419111231430010001010014210101000000452313767
1005312442419100101322993400300492212434333099221049301430000100108020220001100000145324798
1045433312300424302332011003440932241041041129923412914100001000109014210001000000235414103
1045433312300424302332931003440932240041041129929412914900000010105024120011000000235414234
1045290440310294203333909411214994409131310422003129044120000100010014210001000000234513030
1045992440390294203939909421214994409931310429393329044120000101007024120011000000234512501
1025031210413132223021929434103900132200914399933400214420000000101032431100000000531243633
1025991290411992229321929414144900932209919499930400299920000101004022120000000000531243871
1025313949040222331412300443022900944232112003411143132141000100005012010100000000341254472
1035304220114323034444323213001924419311401142243030020100000000000003900000000000234154265
1035194411143320114420290133333912404440200399104993439090000000102013210000000000423154645
1025909203994232029999922043391999993994929114299994929320000000111012111000000000531422850
1025909203994232929999922043391999993990929319299994929920001000112012111000000000531422575
1024909203994232929999922043393999993990929999299994929920000000101012110100001000531422676
1015212239330034141090413422011939221043219102929233433190000100105021020000000000513424686
1025419939914049024924993121922992090149992099211309200200010001010012111000100000341254040
1035499041932920314321121012434990401423400344019233103230000100009013210000000000532143739
1035999949934999314300991912434990499403400344909933203030000110008023220000000000532142976
1025311994122010224143432044030913422139990134342201424931000100004012110000000000241353843
1045404929901314100490231239414902043041321400923024393310101010110024220001000000523413241
1045404929991314300490230239414902043049329400923024193910000001009014310010000000523413410
1045404929992314300490230939424902043049399400923024193910000010008014110011000000523413285
1035490201001013132229120014413902441331243429903934433420000010004013210000000000534124264
1035304414121201202413303319402930422100211903404443042330000000000003900000000000342154185
1035399924992140029990999144221993993204323099934243313310000010005013210000000000432152712
1035041102149431234901402309433940001123330340021192234240000010010013211100000000352144855
1045999411199394039149920429944990929092430492409999243030100010011014111011000000453213556
1045430491432119142202914011304943320933120024401022933400000100011014110011000000235413290