0115999994909999999999994999999999999990949999999099019090000001002011010000000000333333000
0145999139099993991190930991939919099909911990439390939090000010013114310000000000452134000
0105949944099999999999999999999999999999999999999999994990000000103010410000000000352142000
0145990992922909999999999990999999992099910990299199999490000000000004900000000000333334000
0115991992900909999999999999999999992299009992999299999990000000000001900000000000333333000
0115999993299190992320999999920999920000990922999990299990000000000001900000000000435124000
0115999099990999990901994999999990994999999999999999999990000000000001900000000000531243000
0105999999909999999999999999929949992999999999299999999990000000000000900000000000315243000
0105919941991199999499999019999949999919999999999944944990000000103010410000000000352143000
0115999999929923999992929999229999999999999999999999919900000000000001900000000000431524000
0135999490909999999999499499994994094999999949999999990390000000000003900000000000512343000
0135999099099999990999999949999999999999999999993990999990000000000003900000000000512343000
0145999199929129999199992992999919991991439991212929929990000000000004900000000000154234000
0135090991490941994019999999499940099999999190999499993940000000000003900000000000521344000
0105939399999119909339999919199999993999999999939999999990000000000000900000000000351423000
0105999999199949999990999919949999499999999999999999999990000000000000900000000000345123000
0105909999994999999999494999999999999999999999919999999990000000000000900000000000342153000
0115999999999999999999299909201999999990099999290999099990000000000001900000000000435213000
0115999300399993913930099993999999999999999990999999999990000000000001900000000000534213000
0115999999999939999999999999999999999919999999999999993990000000000001900000000000532412000
0105999949399929933490939434299994999999993949949494933990000000000000900000000000312454000
0125999999993999999339999999399999939399392999999999999990000000000002900000000000143522000
0135999499999999999999999999999999999999999999999999999930000000000003900000000000214352000
0125999999992999999199999999999999999999999999999999999990000001001012110000000000143522000
0145230909099929239039929492931939999339330902092939922930000000000004900000000000514235000
0125939999999920993993393999999999399399099999999999999990000000000002900000000000423513000
0125909199392999009003399909999999999994339900319919939990000000000002900000000000413525000
0145999999999993999999999999939999999999993939999999999490000000000004900000000000142532000
0125999999991494999499993999999999999399991299999949999990000000000002900000000000213454000
0135999949999999999919949999999999999999999999999999999390000000000003900000000000142353000
0125999190099911999929099990919999099999991999999311199090000000000002900000000000423514000
0145999999999999991999999999199919999999999999999994999990000000014104900000000000452132000
0144999999999999999992991994199999999999901999999999999990000010008014310001000010452134000
0105993999199999911191921993099999399999919919399199999990000100009010210001000000342514000
0125999999991999999191119219919999919999999999999999999990000000000002900000000000243512000
0105991912112999999999299199229999121999999999999999190990000001010010210100000000354213000
0145999939999333999993999999999993994999999939399999399990000000000004900000000000215432000
0125939999993999993939999999999999939999392999939999939990000000000002900000000000213542000
0135999999999999999999999999930999999999999999999999999990000100009013010000000000521342000
0105241449321320329992992932149991112142144911999499392240000000000000900000000000351425000
0115999209909901999999994999909999999994949999999999499990000000000001900000000000532144000
0105999999931999994999999993999999949993314499994910991990000000000000900000000000321544000
0135919929929931999999999999921999999999999999999199999290000000103013210000000000154323000
0145999299919999999999199299999999919992199499999999999990000000000004900000000000245133000
0105991999239999192199293999099919299999999931999319199990000000000000900000000000325414000
0115999199990999999949909999992999999909909999999999499990000000000001900000000000234154000
0135999999999939999922199921991929999999929992999999999990000001009013210000000000145323000
0115999939999999999999999999999999999919993939999999999990000000000001900000000000532412000
0135999919939999999999919999991919999999999999991999999990000000000003900000000000451322000
0145999909999999999099999199999909999499199999990999999990000000000004900000000000451233000
0145999999919014993990999999999999909190999909999999019990000000000004900000000000541234000
0115999992999922992929929999099990929999299999909909199990000001003011010000000000435213000
0124999911999991999919999992999999999999999999911999999990000010009012111000010000253412000
0125900999900919991999991999999919999999099201101999199190000000000002900000000000453213000
0125911990999999999999999119999999999910092919999199999990000001011012110000000000453123000
0125999909099991949910999929109904199944199091410149919490000010007012110000000000453124000
0124999999999999999939999299999999999999999999999999999990000001004012110100001000243512000
0145999919999191199399999999199993499929919999919999993990000000000004900000000000214534000
0145999999999999999919999999999999991999419919999999999990000000000004900000000000452132000
0135999909999999999099099999909930099999999999099999999990000000000003900000000000512342000
0125901999999499999299099999991999909990999999099999909990000000000002900000000000413254000
0105999939399994999919191903919999199394499999999399999940000000000000900000000000341254000
0135992292432999999122991149492949294219994219999999994990000000000003900000000000251344000
0135999449999999999999999999999949999999494994999999999930000000000003900000000000124352000
0145993999099349999939939990322999999399929999993999999990000000000004900000000000241534000
0115993919999939999999399399999999999999999999999999399990000000000001900000000000431522000
0125933939999999999393999999999999929999993399999999999990000000000002900000000000243512000
0144991999999999499929991999999999999991999999999999999990000000110014011110010000245133000
0145991991992999919919999929999999999999194991999999999190000000000004900000000000245133000
0145999919999999999999991999999999919922992999999999949990000010005014210000000000254133000
0104999993999999999939999999999999999999999990999999999990000010001010410000100001321542000
0145999933391939999999999999999999399999999999914391939990000000000004900000000000421533000
0145929902999930293912229211912199939119939499121003921290000000000004900000000000241535000
0105999999999499999949939999999999999290999499999993999990000000014100900000000000351244000
0135994499999999999999903992999992999292299999999999929990000000000003900000000000215344000
0135999992999999999999299999999999929999999999999999939990000000000003900000000000125342000
0105929909999292999999942299999999999999994929999999992990000000000000900000000000345213000
0105999209999999999993999999999999999399999999999299999990000000000000900000000000324513000
0135991939999991992911919921999999919999999999211999999990000000000003900000000000254313000
0135999999999929999999299999999999999923999999999999999990000000000003900000000000254312000
0115999939999999999999999399999999399999999999993919999990000000000001900000000000235412000
0135999993929999990999099949099909990999242909999990049090000000000003900000000000514324000
0135999299999929999999299999999999399999999999929999999920000000000003900000000000215342000
0115992409999929194422999999999929909999944094499499049990000000000001900000000000235144000
0105999299999990999929929999999999999299999999929999999990000000000000900000000000325142000
0125999999999999999393999992999939993999993999339999939990000000000002900000000000243512000
0125999929999199999999999999999999499449999999999999999990000000000002900000000000153243000
0145999999999999999929999999999999999999999949999999999990000000000004900000000000245132000
0115929949929399999999994499999999994932999922999999399910000000000001900000000000134524000
0125993949993139409114993099991939999239313013911391999910000000000002900000000000123545000
0115999399934193999399999999999999399994999999399939339990000000000001900000000000231543000
0115992340439443999130994999990939243994494993939999944990000000000001900000000000231545000
0135949999999999999949494939999994999999999999999999999990000000000003900000000000142352000
0145039993929999249993909299199922932191099231109999992910000000000004900000000000251435000
0135991999999999999999999229939299999999992991999929999990000100009013110010000000245313000
0125999999911994091099499990994999909992090999911999999990000000000002900000000000543124000
0145999999990999999990999999999999999999999099999999999490000000000004900000000000542132000
0115999991393999999399999999999999999999999999939999999990000000000001900000000000135422000
0135990999999999999993999990999999099999999999999999999990000000000003900000000000541322000
0125999999099999999999999999999999999999999999990999999290000000000002900000000000513422000
0125919914499999194990949199929999099994944949999999999990000100011012010100000000243154000
0115999499999999999999999999994949999999999999999999199990000000000001900000000000235142000
0135999991993999999991999999999999999999999999999999999990000000000003900000000000251342000
0115999939999999999999999999999999999399999999999999919990000001003011310000000000135422000
0125993993929399999399999999999999999999999999999999999990000000000002900000000000243512000
0115999943439099992929999949049299949993949993934399134440000000000001900000000000134525000
0105999902999999999999999299999992999929299999999999992990000000014100900000000000354212000
0145929904992999999999999999909999999999999999999999999990000000000004900000000000425133000
0145992999999999242929999999929999299999999999999999999990000000000004900000000000524132000
0105913903999999999999999191999999331991999919991991999990000000000000900000000000352413000
0105999999339999991339399999999999333999909999331999999990000100010010110001000000341523000
0105999909199999991199399999999999999993991919991993391990000000000000900000000000342513000
0135999999909099999999999399999999999999999999999999999990000000000003900000000000521342000
0135999932999999999999992919999999999999999999999999999990000000000003900000000000145323000
0135449999099999009999499999020999999999999992994399999990000000000003900000000000145324000
0115923229949449992199999949994939929999299992999999999990000000000001900000000000234154000
0105929999921942999299990994999999919299991999192292992990000000000000900000000000315244000
0135929291290499914949990919099929921991129491422409490130000000000003900000000000425315000
0125990990999939999999909999399999929990999999999999939990000000000002900000000000523413000
0125999999993999999999992999999999999999999999999993999990000000000002900000000000423512000
0145991323120023099391999929309912993922929991311999094300000000000004900000000000452135000
0105999299092929999999999999999999999993999992999999999990000000014100900000000000354123000
0105999399999999999999939344399999939930991939999939419990000000108010410000000000351424000
0125999999999994929999999999999999999999999999999999999990000000000002900000000000123452000
0135919992199999991299129922199999999991999312291929429990000000000003900000000000145324000
0105919199991199999091999939999999919999999919919199993990000000000000900000000000352413000
0105991999999939999999999190919999999999999991999999919990000000000000900000000000351423000
0105939939999911991939919929999993493990999931391991312990000000000000900000000000341525000
0105999999919999999999099393999999999999999919999999999990000000000000900000000000342513000
0104993919999099199993393199999999999399999993939999999990000100008010410000100001342513000
0105199999999994999999999999999999949949499999999949999900000100012010410000000000351423000
0125999199999991999999199999999999999929999199999999999990000000014102900000000000423152000
0135999090922931040920010991292911009102911199221929919990000000000003900000000000425315000
0125999990099099999999099999099999299999999999999399999990000000000002900000000000543213000
0125933099909099999930999990999909999999929909399909990990000000000002900000000000523413000
0125999009999999999900999999999999939999990999939999999920000000000002900000000000513423000
0115999999999900909090920999999999299929999199929999299990000000000001900000000000534123000
0115999999939999942349990919939999999999999999999299093340000000000001900000000000534215000
0145993221199999999991999393919999999949319999999999993990000000000004900000000000152434000
0125999999999999919999999499999999999494919999999999992990000000000002900000000000153423000
0125999009499999999949494199990992949991119199999999991990000000000002900000000000243154000
0125999999999939993999999999999999999939999239999999939390000000000002900000000000253412000
0135994999999999999499999999999999999999999999999949999930000000000003900000000000214352000
0135900929299299990002299990999920299999999909009999399990000000000003900000000000412353000
0125993333999999219499399999993999991991993999999913999990000000000002900000000000153244000
0105999939339049393943999939999939393999999999999999999990000000000000900000000000312543000
0135993999999994499999999999999999999999999999999999999990000000000003900000000000152342000
0115999944999999999999999949919999499999999999999999949990000000000001900000000000132452000
0145999993999999993399929999999939999299999929493329999990000000000004900000000000214533000
0125999999929909999999999999999999999999999999999999999990000000000002900000000000453212000
0115999999999999990999993399199999999399099999999999999990000000000001900000000000431523000
0125991999999919999999999919299999999999999999919199999990000000000002900000000000543212000
0125999999999999999129191199999911999999999999199199999990000000000002900000000000253412000
0145999999999999919999099999999999999099499999999999999990000000014104900000000000245133000
0145999499999999999999999999929999999999999999999999999990000000000004900000000000452132000
0125929099999999993994943304394994999400931994999944931910000000000002900000000000523145000
0134999999992999999999999999999999999999999999999999239990000001009013011010010000425312000
0115929499949991999999999499999994499949999944499929999990000000000001900000000000234153000
0115999999999992999449992999999949491999999922994229299990000000000001900000000000234153000
0135999944999999499991191999999991949999139299994199994990000000000003900000000000254314000
0135999949999999999949999999999999999994999399999999999990000000000003900000000000124352000
0145939999990131999999093993993999199199340911139919339090000000000004900000000000451234000
0125449999099099994990990900909999494090909299949999099990000000000002900000000000123543000
0125949419094949990144949914409999990902909999390949999910000000000002900000000000423155000
0115999099909999999909999909999909999900999999019994999990000000000001900000000000431253000
0105999949499999999994999399999994999999999999999909399490000000000000900000000000312453000
0105993994994199994999449999999999999094199919999949419990000000000000900000000000321454000
0145992992099922929999909099419929999099999999999299999990000000000004900000000000452134000
0115944499999919999949999999999999999999499999999999949990000000000001900000000000235142000
0105911911229344431999093939299929421991932192944229999990000000000000900000000000354125000
0135941994910210919499449409021939940929021999991991091990000000000003900000000000124355000
0135999999999991999999919919993999999991999999999999991990000000000003900000000000214352000
0135909999999909999999119991009119999199909911139999999990000000000003900000000000452313000
0125999319999999993919999199939991919199399939311399192990000000000002900000000000253413000
0125999191993999999999999999999999999993339999992339993990000000000002900000000000253413000
0125999399939999999993339390999939929999399999999999999990000000000002900000000000243513000
0115999999999999999999999949999999999999999999999499491990000000000001900000000000234152000
0125999921999999999919949499999999199999999999999949991990000000000002900000000000243153000
0145049999999999999999999999999999099990999999990999999990000000000004900000000000214532000
0125999999999991499992499949999999999994919999999999199990000000000002900000000000253143000
0125994499499934994939994429009999999914301499119990993330000000000002900000000000253145000
0105991999999919999909999999199999911999999999999999999990000000000000900000000000345122000
0144999099991019909909999999999990999991994999009999999990000010010014310001000010451233000
0145999999499999999999999909991999909999999999999999999990000000000004900000000000451233000
0145090999999999993000999991999901999999194999909919991990000001008014310000000000521434000
0145999991999999299999999919999999999999999999999999949990000000000004900000000000245133000
0125999999999994293139993999999993999993999999934999993990000000000002900000000000143524000
0145949999939909999999999999909999999999999999939999999990000000000004900000000000142533000
0145999999999919999999999999999949991999199999999199999990000000000004900000000000245132000
0135994449499999999999999999999909999999900999499993909990000000000003900000000000421353000
0135940909040994999900999999499999999999949999993944999990000000000003900000000000512343000
0125999349999999999399399939999939999299993939999999939990000000000002900000000000123543000
0125391199999999399919991112999900999011139999999991999990000000000002900000000000123544000
0125991991999199992999999919999999999199999999999999199990000000000002900000000000243152000
0105999999949999999999999999999999909994999999999999499990000000000000900000000000321452000
0135949429099099999991249099920999199999020099932499999990000000000003900000000000154325000
0125949999994090999999999009999999299999990999999999999990000000000002900000000000423153000
0125099992999999999999999999990999999999999999909990999990000000014102900000000000253412000
0105999999994914999919199999099991999949999914999119999990000000000000900000000000351243000
0135999910909999999991990999999099199999999999999909939990000000000003900000000000541323000
0145999999999999999999994999999999999990999999999999999990000000000004900000000000514232000
0135999199999939999999999919199999999999999999999999999990000000000003900000000000154322000
0125999499991999999999299199999999999199339999949999999990000000000002900000000000153424000
0135919999999999949999999999999919999391999999499919999990000000000003900000000000152343000
0135999419499939999049999994499999499499099944999499999090000000000003900000000000421354000
0145999999999099999099199099999994999990029990999099999990000000000004900000000000145234000
0145999949999999399999999999999999999999399999999999999990000000000004900000000000512432000
0105999929999949999999949949994290929992999999992999449990000000000000900000000000315243000
0105999092999999494993999999929999994999999999999999994990000000000000900000000000315244000
0105999999299999992999999999999999099992999999999999999990000000014100900000000000315242000
0135942924992239499999999944099949999994999099999999999990000000000003900000000000215344000
0105991119999999099999999999999919999919999999199999999990000000000000900000000000345122000
0125999999999999999949999999999992499999999999999999999990000000000002900000000000253142000
0135992999999991999999329919991999922199999999999929919990000000000003900000000000145323000
0135999999999994999999993999999999999999999999999999999990000000000003900000000000154322000
0114299929999499912949999299999994999999999999499499999990000001011011411010010000432153000
0115999999929999999919999999999999999929999999999999999990000000000001900000000000234152000
0115944499999999999949999999999949999994499994499991999990000000000001900000000000134252000
0145920092299094999122999999029919991999909922999299999090000000000004900000000000415234000
0145990999909990990999999999949929999009999900999999999990000000000004900000000000415233000
0145999999992949999099999292999999999992999999999999999990000000000004900000000000415233000
0125939999949999999939499999999999999939939999949999992990000000000002900000000000123453000
0125993999999499999499399999499933949949942999999999499990000000000002900000000000123543000
0125939999999999939999994999499399999499942944999949994490000000000002900000000000123543000
0125990919990099999999999999999999099199099999999921999990000000000002900000000000453123000
0115993994923999919933493429499999332499999999399999924990000000000001900000000000132544000
0115949999999993993949399999999099934939990990994093199990000000000001900000000000132454000
0135999024944299992399299209209999299909992999999929999990000000000003900000000000514324000
0125990999999999999002999949909999949944499999949999094990000000000002900000000000513243000
0135999999949999949999999999999994999999999999999999999390000000000003900000000000152342000
0135919199999911999999999991909919990999999391999990119990000000000003900000000000245313000
0105991999991199999999999999199999999991999999999999999090000000000000900000000000351422000
0145321939999139249999993911992299999399993299999999999990000001009014210001000000241534000
0135909494099900939999909999999999999949999999999904999990000000000003900000000000412353000
0105939999999939993399999993999933999999999993999909993990000000000000900000000000325412000
0125999930399999099999099999999390039999399999909999990290000000000002900000000000423513000
0125999999909999999992999909199099909009999999199999999990000000000002900000000000513423000
0135999999999999990999909999999900999999909990999999399990000000000003900000000000521342000
0125999092199999999999909949999999910991999999990041909940000000000002900000000000523414000
0145999349999999999999999999999999999999999999993993999990000000000004900000000000142532000
0125999919999999999999999919999999999999999999999999129990000000014102900000000000123542000
0145999999992990909999910923329919911999229219999139941990000000000004900000000000154235000
0105999994929949999099999999999994999299449999999999929990000000000000900000000000315243000
0104991931999939999999993399399999099993999999939999999290000000105110410000100001314254000
0135994191941242999991949492399949999499299199999999999990000001003013210000000000152344000
0135999922922999199991199999999999221232999991119929992990000000000003900000000000145323000
0135922929999999949299999991999912992999992992991993429990000000000003900000000000145324000
0125999999999999999949999999999999999929999999999999999990000000000002900000000000253142000
0145909209029092919229992039099999931193390292049929339990000000000004900000000000415235000
0105993999499999999999999999993999999999999999990999994990000000102010410000000000312543000
0105999999999990999999999999991999999999999999999999999990000000000000900000000000321542000
0115909934994232929099932203293999992990939919299994929920000000000001900000000000531425000
0125993339399999999990390939999939430033999920939990909990000000000002900000000000513424000
0125914194919129914904049900919911499911099994494900490990000000000002900000000000523144000
0105994949993939999994999999999999999999999999999999993900000000000000900000000000321453000
0145909299299920399990999929909992999299929924999902999990000000000004900000000000214534000
0125909929993933999999399999999939999099999939993999999990000000000002900000000000523413000
0125990403399939990999099030990994939499940994993399949290000000000002900000000000513424000
0115992219999949992249992942299999999999299992999999942990000000000001900000000000134253000
0115999999912299499949929999999999999992999949999949949990000000000001900000000000234153000
0114999999999999299999999999999999929991999999999992999990000001003011410000100001134252000
0115929990999009992929999022299992299990999999929999199990000000000001900000000000534123000
0115999999999999999999292909999999999902091999999992099990000000000001900000000000435213000
0105999994499999999999990999919999499919999999999999999990000000000000900000000000352143000
0105944994999999999499999994909494999999499999949999999990000000000000900000000000342152000
0105999994999991199999499999999999929999990994999999199940000000000000900000000000352144000
0145999192193909493000999911092932012119099200919299932990000000000004900000000000451235000