1015400910194930330004219929912901213124034492321199402130100010011011411010000000425312601
1025240331241411449021401022412910443310002290340304132120000011101032321100100000432514679
1025240399241411449021491022412990993310002290131304132121010101005022020100000000432514600
1025299999241411449021491022412993993310002294131304132120000100001032030100000000432514705
1025499100334422921232311924294910444494200099010239334920000100102022120000000000342513869
1025499109934422929232991924294910409094200099019239334920000010001012110000000000342514151
1025492009323403419009190331222903222113142400231444041430000110001022120000000000542312411
1025492009321493419009190439222903222913112400231999091430100010010012010100000000542312395
1025949343423031331119132440000911220342220299993241044200000010104022120000000000352143585
1035340241114410401411313344034302234100321022030122232020000000000003100000000000135243635
1035044444414901339231901303023923190319432090213441900020000011005023220000000000153243102
1035944494414909339239949313003923191319431094213491909920000110004023020110000000153243132
1035944994414949339239949313003923191319931994413991949900000100003013210000000000153243424
1035412221103304024422133143203324110401334300121400241020000000000003200000000000154234455
1035241914041323010102403231010940033432203490934413224410000100103023220000000000435213264
1025293131233412130312343243123902444400244319999042111240000101001022020100000000532144149
1025340301234132111442201244142243304043333220001010103420000000000002400000000000532144121
1005003433210240011322411203231432424042043209331211431010000000102010410000000000214533841
1015322242433030130432432012101103034140443012241201443010000000000001900000000000325144425
1015120400203310314934400122313432420411301309201422143230000010102021421000000000523144689
1025012314020443929101314044292934222341402010233101011030000110012022421100000000352413247
1025092319120443929109314044292934222341402090233901011030000100101022120000000000352412917
1025092319124443929919014144292934222991402099233999011030000010102022020100000000352412557
1025192919124443929999314144292934222991402099233999011030000110003022020100000000352412158
1025192919121449929999339944292994222991012099299999319990000100011012010100000000352411900
1025919043420043311199442403001913220402220299194231343230000010104022120000000000352143840
1025411344204234021141311320004900302214120340392119323240001000108012010100000000352414430
1025230030311304410121420241244201001401234331133240432420000000000002100000000000542314139
1045023122420234002334402401144433302103012443121011310210000000000004200000000000134523823
1035211900919134939294034039331919139093441299943309149420000100012013211100100000531243488
1034411900919134939194034039339919139093491999943309149490000001011013210010000100531243408
1035119990919134939199034039339999039093491999943309149990000110004023121000000000531243747
1025001232324102029494423404031932249223311393913944010030000010001012110000000000342152713
1015930341432044203314024393012231341140914421031202100020000000000001900000000000423513156
1005024334410410013343001402221021230113431144322322340210000000000000300000000000213454416
1005103014433013112322024122321940144320301002204231334410000001001010410000000000215432233
1025329932104144242190330133234432101423011409204244100230000110003022120000000000452312364
1025329902104119242199030193234432109123091409294294130230000010009012010100000000452312263
1025329902104919242199030993234432109121091409294291130290000100009012411100000000452312227
1024929902109919212199030993209332109121999909290291139290000100008012411100100001452312421
1025440014219332234000229131432941420991224391100012431330000101008022020100000000352143974
1025294419242140134122911303121901443004342303221330033020000110005022020100000000432153877
1015294999990931301322313421002901229234230110143320121000000000000001900000000000123453842
1005192233231442010422912430211931210013442003309321404100000010105020420000000000214533221
1005992233299944010929919490491931910039442003909399904900000000103010410000000000214533006
1005039223041004413922343324134223343042001139224012411000000110102030120011100000215434377
1045993004321211449020400324114993420901931024243223123140000010001014310000000000315423821
1025093230003924044330321220124902911102941093443394344220000001010012110001100000142533803
1025230010424324300114110124031234310420441410303322122430000000000002100000000000542314506
1035302234342411410110131301323990022920993320444421041320010001011013210000000000513244795
1035302234342411419110131301323990022920993300444421041320000010001013210000000000513244919
1005921302204143039314200211000911492940214299239232011430000001007010410000000000251343944
1005312433241222334441313421000043420320000212311110444230000000000000400000000000251344670
1025200344332323320004103124112204431340142311010410244320000000000002200000000000452134792
1025324402332140332311422440232940040104313299910420303040000001001012110000000000452133288
1025291243133201421393203000012939311034044432422441124400000011003022120000000000342513103
1005902902211100002191234401434991929903912309901122442140000100103020420000000000243513203
1035994334391041934144403040313999931999491194999993309010000001003013110000000000431252292
1005910332999902103443122233349903011019210093101312209140000000000000900000000000234513987
1005203424333210010444113030201934342102212133420321204110000001001010410000000000213453591
1005324343002024113423403329021921110042214040493132314100000010010010310000100000213454015
1005324349002024113423403339021921190049214040493332914900000001109020220001100000213453975
1005324349002094113423409339021923390049224040493392994900000010107020120011100000213453584
1005324349002094213423409399021923390049294040493392994900000001011010310010100000213453558
1004324349002094223423409399099923390049294040493392994900000010012010110111101000213453543
1005049444031212119101332333231990024403101199424140042200000101102030320000100000213543436
1005000041424023321999434301322430313424103113111232222000000010002030430000000000241353021
1005000041424023321999434301322930313424103113111232222000000001001010410000000000241353404
1015240044319300039221423911341940111002332340024102412320000110008021421000000000523143385
1015240044919900929221420911391940111092332340024109912020000100109021421000000000523143247
1015240999919900929221020911391940111092332340029199912020001000107011010000000000523143138
1014949999919900999021020911291920111092229940029199919090000001012011311001100010523143308
1045400090032311343322012422041921942343431493004112110410000101004024320000000000415324812
1045431201402133229411432244000991199342034014132143000230000001002014310000000000154323203
1045499920999441432099294400014902099412343120299420302310000000104014310000000000543123387
1005114300211243109434101210440943333304021331202032222420000101001020420000000000231544331
1015100414042312012044313300231134413341022234430432201220000000000001100000000000321454131
1015301134221021400920294310311493039434042292142213431330000100001011010000000000324153727
1045090939022412334932233440044999149010014349932332041111000100005014310000000000415322806
1045099939022409994902233440044999149010014349932332941130000100002014310000000000415323401
1045031423123404120903404224321033412111043419232120421000000011002024320000000000314523323
1045931423229404920923404994292033419929043419932290421000000110008024120011000000314523459
1045493333434091903004039211012923343011441202209429490140000100012014211101000000341523780
1015294421233193104014414119001930494294439193219049090930000001105021321000100000423153515
1015134404202043114001322203413941330322210191242143033440000011001021020000000000523144514
1025243112321444419040301230421920130040323201321043304420000011001022120000000000532414126
1015330130012110339132331224244903104144342124430422402120000101001021020000000000521342712
1025244202000434303422230013021932314440323394012143014110000001101022120000000000432152974
1025921499211349232211144319429933999494929992349114192230000000105012310100100000152342612
1005942449010114900944910220919294019992221904049994410920000000000000900000000000243152617
1035214211304122204333412140340923013241102004100043143430000001001013210000000000453213631
1035999921222044142033401120134909313912130320322320304110000000000003900000000000415233557
1035399299931013139020441240033902404131443101320311224420000110001023220000000000513244404
1005921302331393909302010119919912123302190013222923099100000000000000900000000000235413493
1005440324241423413031312210430032201401341132222131000340000000000000300000000000215433343
1005120323033122443392022130400901320441411090914132212140000010103020420000000000214533708
1005130323033122449992029130400901320441411090914193212140100010002010310000100000214533990
1045422141032224301924100442041192120313014309211002433400000011102034320000000000145324239
1005900929991013340992099334934909293041102490229403929430000000000000900000000000254311808
1035340403002421014390211923213940190349214202493343231210000001009013110010000000413253249
1035940220109341033202241932223904994444310330230193999110000010008013210000000000315243118
1045092222031314119204203141904922021140014394442133041200000010011114310000000000315422456
1035139992341200334491290130931999914192232130004993400320000010011013110010000000513243786
1025204422410343334944012231131093202209310404403432921310000001109022120000000000432153079
1025294422410343334944002231131093202209310404403432921310000100001012110000000000432153277
1025112934203443314243441004233929230014221192003330140420000101003022120000000000542132918
1025192934204443314293491014233929230099221192403349940420000100001012110000000000542132992
1035190101494122219130944343493903991132240300339300901120000010012013211100000000431252925
1005191133431340029212134224203930134412102332201230004040000111001030420000000000251343828
1005991133421940029212934224203920392419102319909230004040001000103010410000000000251343895
1015142204439410314221311003120940120403429132214394303230000001012011010001100000124354148
1005024304344401201192120323300941022132124014011449933330000010009010210101100000253143825
1005911400492290299411499209009911999029944992910191444000000010007010410000000000245133390
1045043440300441944399909490941994999939119920339999390100000010011014210001000000143521883
1045049449999441944199999490949994999939019999909999390190000101002024320000000000143521470
1045222411234320143210333441331422014130203041220103414000000000000004300000000000513424057
1045039340313244202143122041300924042223304411013101211400000100002014310000000000134523969
1005021111299934021241102231040999032340023244133032044120000100007030430000000000241534466
1005029111299934021921102231040999032340023241133032044120000110002020420000000000241534483
1035311304104304402212241302240300233140210014321244311320000000000003300000000000154233731
1005312413421030432322202040101941293312101440003213234140010001005010410000000000215343641
1005932212999030439999902040101991299322101490009399234141000100008010310010100000215342654
1035342441432434119203049420330932310320121421103294020140000010107023120010000000435212825
1035342449432934919203149229332932391394029421103299991140000101005023020110000000435213190
1035310412321242431033341419134229343000344122922104094000000010110023120010000000345213563
1035319912321242430033341419134229343000344122942104094001000100003013210000000000345213678
1035123210411103039329929029930922944313421092032301013210100010004113411110000000314252476
1005100033000009021312321904944991922292334993311449413410000000000000900000000000243513914
1005043342940113012233290392401929421112011399044343040030000010009010410000000000215343861
1005012431203114332221424340303929309402044041019042211430000000105010310000100000235143844
1015102004312233302242324210340999131041400130022414333110000001001031431000000000325144372
1015102004312233302232324210340999131041400190922414333110001000103011010000000000325144371
1025400303312140440320140233142930432210122493102410424310000001101022120000000000542313526
1005002220112214040422430913021923313319410992301399990410000000000000900000000000234513811
1015233919993109119434431203922919999313042139912192029340000100107021421001000000123542506
1015233919993109119434991399922919999319002139913192939340000010010011010000000000123542404
1014933919993199119439991399939919999919439139913193999990000010004011011000010000123542294
1015044202202441040204032141211143102333244233013103124330000000000001100000000000321544399
1025149120921434213493120920221940912413043013090223143430000010008012010100000000512344216
1005091142022210329313333120430934441002100031341224134220000111001030420000000000231454623
1045403224243430423292019143034913009431339420091010421120100010012014310000000000543124536
1025210004332303234410221112334020033432430194194102144420000000104012110000000000542134176
1005044090202321149133023110222930923421334410013104221440000101004020420000000000241532336
1015100320001421443343022214412103332241324443103342001210000000000001300000000000521434321
1025214333442012331430010300033242221444210414300110421230000000000002900000000000542133979
1025013920320440144299333344434104221412433310192012023200000010104022120000000000352142686
1045310134990144243243100214022943094194331233099103209240000000111014211001000000541323495
1045310134990144343243100114022943094194931233099903099240000001110024220001000000541323362
1045319134990144343943100114099941094194939930099903099940000110002024320000000000541323243
1045414233002404312222310431440923311200240024211411301030000001001014310000000000145324089
1045021031301244041111323430034942112022034324022021130440000001001014310000000000145324586
1005213342203203209131321004220914300103324413324144124010000011001020420000000000241534317
1035341141424102234944033211323940030242103241103102032000000010002013210000000000143254440
1045993092042012432009914934049909291124912492010201443420000011005024320000000000534124592
1035393019012314442043000442313922191122314023144303400401010101005023220000000000354213360
1035393019012314442043000442313992191122314023144303400400000001002013210000000000354213743
1045033123493403209922304012104920201441230094223139041440000000108014310000000000145323502
1005023432302130009993311133022444231142103244440432020420000010001030130011100000231454422
1035012431210000132420410004334312023244314022431214331210000000000003100000000000145234207
1025441033133103241332002042142921300243404092143022410140000011001022120000000000342513813
1025204934003112143921491444302093212430434203943930212020000011002022120000000000342514484
1035429414103424433903223420120990324121442039411330030000010001002013210000000000354212181
1015142234142244304242232103434930021433023394311000101110000001101021020000000000325144570
1015399919934234110310200023043991003231104399990112243410000000104011010000000000325142829
1014999291910999919912110999191992209222910099200929919990000000112011010010100001425312414
1045433302439420249330493204412910209393221291304924423110000101008024120011000000513423828
1045499049934403310210122331143909114023432399902224013441001100103024220001000000534124330
1045103230042429239022924104214904414310491191330013109140000010005014310000000000415323491
1045334204301102323494120411000923201414420321229394310140001000107014310000000000153422485
1035349420230031312143342021130441420011200024213443012310000100002013210000000000135243991
1035292310200423239200423109324901013342494193410044443300000010010113210000000000543212597
1005241910411122209020024213002319331334412093304232444100000101003020420000000000231543990
1005223911231022023933290143242933190044101199910033024400000010002010410000000000231543691
1035192323391213929124440434293944242093299044923031190300000001011013110010100000413253234
1034992323390223999224440434293944249093999044923039290390000000108013110110001000413253061
1025234431001042123421442211302934430099102934313143329200010001013012110001100000312544151
1025239431001042123424442211302934430099102939343143329200000100102022120000000000312544234
1015932920309999913031942011139239099004094403914143119100000011005121321000100000423511578
1015930990309999913991939011199999399900094409912193119100000010107121421000000000423511858
1035122323104432313413402104300312041024200124210134210430000000000003200000000000135243100
1045921942409424011241229914340929491940030499929100210310000101003024320000000000134523302
1045993221331000221331224003144914411242104433321340210240000101001034020111000000143523585
1045993221331009221331224003144914411242104433321340219240000100111024020111000000143523631
1045993221339109221331294903144914411242104433321342219240000110008024020111000000143523469
1045993221339109221331294923144914411249104433321342219240000001009014010111000000143523439
1035940024390249099344933399432904022493492992330992399490000000000003900000000000314253050
1005331332412044449023904120300922919199140430112024313200010001009010410000000000254314247
1005931132992024449023909120300922919199190930912099391200000000108010410000000000254314053
1045413291140013102319012221400924194034234092349342310410000001105024320100000000145323913
1005043223400300114241320114234032441314132122313301224000000000000000000000000000215344472
1005324442330342334119404421110924330312913022429010040010000001010010310000100000234154638
1005324442330341339199404421190924130312993042429010040010100010003010310000100000234154546
1005493390910933999294909031091924402020210134944249120210000100009010410000000000234153278
1005493390940991999299909091099924402020210934994249420210000010009010310000100000234153338
1005992990940991999299909092099929102020290944994249490990000101003020420000000000234153017
1035022912214203232014013000300914331441013392942014343440000100103023220000000000154233886
1015933031330001242420939990211990100111394223213099193220000000110011010000000000523413095
1015933231330001292220939990211999100111393223913099199290000100103021020000000000523413361
1015912420433222401942440140311432403220031033929110131900000000000001900000000000124354532
1045201144439204130144109303242934032112323402949091931900000100008014310000000000451322757
1044301144439094990144109993341934033119909400949091931990100010009014310010000100451322902
1045009144439094990144109993341914033119909409949091931990000100102024320000000000451323100
1025440030133344029331334219144940020212902293121143449220000111010032120000000000432514086
1025440030133344029339334219144940020212902293121143449220000010004012110000000000432514313
1025109432221034439004422239412393929010913194233042441010000000000002900000000000512433535
1015049999242314403910910942001341294292409091021002213110100010008011411000000000123543157
1015104431401223334044414024213123100342123232304030010210000000000001000000000000423153933
1045493933430292241444431339024929393009191043909193999490000000113014211101000000431522964
1045493933430390241444431339024929393099191043909199999490000001108024220001000000431522829
1005233404212140024144441313000909431102233040223121312230000010003010410000000000241354280
1035422210314031130940024122234900400404433129999230434330000010002013210000000000534214826
1045410133130134410404220142291942430033012322210492310430000010012014010111000000345123545
1005111033221310403934330420141939292022244019931941040040010001005010410000000000243514176
1035249912341034311021190134043994002249342209033420943320000001109023220000000000541234182
1005313114144312021331023200302044444002432434121023312020000000000000400000000000251343817
1035111230303240330142130420130911441404012494203432320210000001101023220000000000145233992
1035309214114442044902013431040092341242330020322231203310000111002033120010000000154233395
1005939119304404201929000399032901011222313039311132212440000010004010410000000000253413146
1005911101302901192130029039292999900992212121331330923300000000000000900000000000253412776
1035011012110223039190044024013941344341304291341322430300000010003013210000000000154234216
1005220444044032023114200321302943140113430323241231131200000001001010410000000000241354729
1005043442011024244332142022302033314241011213140133034200000000000000400000000000231544379
1025214304000230223344423331010131942040921191341122244000010001010012311100100000132454722
1015132004234431219414413204002943043432300212111123343220000011001021020000000000421533544
1035392310440004909213292190990912424911330093332223119300000010111123220000000000135243154
1045900033992304243290349001211999404210141432349224313240000110007024320000000000531424115
1045122004302431301411302422014993942021443314024330023130010001004014110011000000435123210
1045014120321414222133113400200423233340220044114313021400000000000004100000000000143523110
1004941224219292001920409149491999400999004419929019990290000001009010310001100010253143553
1015294999910922949914029419331991001129444249119190092930000100001011010000000000521432219
1015314444214301304233113213001941433000222214410222024330000001001011010000000000421352428
1025249142334144413030139120311949133122202200409403922090000100013012111000100000412354736
1025104909920449249110901294922999223349421199029930929410000001102022020100000000532143342
1045099134102414031903242423423911122420103099010441134000000110102034320000000000154323296
1045099114109414039902242423423991199490203099010449234000000010001014310000000000154323309
1045911103491009439224011424104912002992194092134499299940000000000004900000000000345124263
1045311133240144429241219999144113499413003099994203300330000000000004900000000000453123328
1035302401122313224044134240224990143923134911143123300000010001013013210100000000351244217
1035301401122313224044134240224990943923134911143123300000000001004013210000000000351244288
1045303023044413310400311112322440331220442404312322110210000000000004200000000000514323674
1025213494119493929332301002933914202440291291024013231311000100012012010101000000152344299
1025244142044402431111100333323243221000304204201121403330000000000002000000000000452132933
1025994423949391224420321920439314141939120291220934193410000000000002900000000000142534394
1005933399114003139044034220120943141413441030199404022121001100105020320000100000231542947
1005990199023123049114941903930912020299199419409429111000000010011010410000000000253413451
1045422202341103403130142100424421121104023031032430133420000000000004300000000000153424740
1015040221010343104324242133011134014224143320342230013400000000000001200000000000324154149
1015322240401133213923023423412420040033434109141010311020000010102021421000000000523143747
1015332240401133219929099403412420040333434109141910311020100010007011010000100000523143629
1015332240401133019949099493412420040393934109191910311420010001010011010000100000523143746
1005312091222010144993914110011199990040344029992243301320000011005020320000100000215343433
1015041240100120333434240014110219901332120994329499493910001000110011211001100000123454145
1015091240109190339334309919110219901939120994329299993910000110001021421000000000123454236
1045020330404301119341332412123914004222114092130420422140000111001034320000000000314523862
1035201133432212409139112400124940134302404241494303300300000010104023220000000000453212910
1015399244194902013320013422111993499402231299343140112301000100009011010000100000123454662
1015399244194999013320013422111993499402221299343149112300000001008011010000000000123454773
1035943999942403412432323219301934234043930142109200900920000011010033120010000000413252307
1035943999942493412432323009301934234043930142109209900920000100010013210000000000413252303
1035943999942493902432323009394934034043939942909209900920000000103013210000000000413252490
1025014413031422324110420320334193410034242219330142413200000001102022020100000000352144782
1025391902942433414241203102442994232300013219301930420330000100003012110000000000532143127
1045424443102303302293312002413999234190194924249999034100010001013014311110000000345122569
1035393003101431019434023249221944040193131399040999911320001000102113210000000000314252193
1035242112233132020142014001331923444410400443133021312000000001001013210000000000143253051
1045031443132022142333321211304994242203144100302004410310010001002014210001000000314523523
1045424391223034142434243401311900014220331009323010241120000100004014310000000000314523606
1005194219191023009141094403942939902934211094043922193000000010011010410111000000234513909
1005032003142423232402132211014020043313211141431033444200000000000000200000000000214534204
1005922322400111002323932214310933440390040429919430943910000101008020420011000000235413978
1045433113112310002242034243204413212120040023311204431400000000000004200000000000134523966
1005093324212094112023929340041991439400031440223149311400000100010010210001100000234513831
1015244234110131214412402400334143434102232230100313302200000000000001400000000000321453760
1035340110341331214204909449203900101403042224241312233320100010010013411110000000531244873
1035340110341331212204909449203900101403042299921312233320000000101033431110000000531244915
1025320403142100032430123110332244223410104304120344112430000000000002400000000000532143389
1025230331440124421010132340412203314002124101032343014240000000000002000000000000542314286
1025241402004212320141241233303211023334234340001400114340000000000002400000000000532143872
1015192000433234413220144340213922121140112392003310430300000101101031421000000000324153982
1015211142203132213044430313213934204044132290040341140320000001101021020000000000523142701
1015211194904132213044420919213934409044132290090941143320100010010011010000100000523142553
1014911194904129212044409919919944409944129990090941190920000000110011311001100010523142591
1015911194904129210044409919919944499994199990090941190920000100008011411000000000523142633
1014911194904199910044409919919944499994199990090941190990000100010011211010100100523142646
1015911194994199910904449919919994499994199990090991190990000100107021020000000000523142556
1015143430342322329490912132401904133020211041909340120140000110005021421000000000321453772
1015921200243311209999034422293919142412134199919399924310000000102011010000000000321452644
1015411114343011112003224102432903031424433442000320423230000001001011010000000000524133541
1045494091321941949442102001204914934103022211400393333021000100012014211001000000531422971
1005122233043231149223231401001924304112300412334210310400000011001020420000000000214534307
1045102040243142119321413333440924014312003112242030241200000011001024320000000000314523478
1045904343023211410994220043333994900441141133000324111210100010003014310000000000513422494
1025331214034223329441441320040923120312210494301414031320000011101032020100000000452132874
1035034214312220001044120142433312143102233122334400110400000000000003100000000000134254296
1035443911104032204400321120313942912144314023013024032320000001004013210000000000134253819
1025004441411132302344112404323940302332401220403113220030000001001012110000000000342154072
1035311243211434030011000103314913220123442401204244403230000001001013210000000000354214728
1035414114220301433202002324141301324144024430103200211330000000000003000000000000435213938
1035311012399434222312033122044911039400421499310923014431000100008013210000000000543212951
1035999192299909220041333931033914120209093320903399111990000101009023221100000000451234474
1035399140312034431203432421044992304201224014101043123231010101002023120010000000453214466
1035399140342034439103934421044991309001224094109943123230000010101023220000000000453214458
1005923992311209042331903434044921203943041322900112910100000100103020420000000000235414249