0304999919999999999999991199999999099990991999990999999990000000103010410000100001431251670
0305499999334909099949114334193999993999099349999999939930000000000000900000000000451233768
0334991919499194991499139999194991919993394499999999999990000000108013210010000100153422417
0334999911939199919222399299299922292999919392999999999190000010010013111010010000235412439
0335991999334994999999499299991919994449929999999999939990000100003013210000000000235412976
0325933999939349999992993933399999999992999934999929999990000000000002900000000000314522075
0345994019999199999941009999999099999999909999999999994990000000000004900000000000532142556
0345901099092029904990919090990992992299999191441909999990000000014104900000000000532143870
0334999909999999099290999993990929999920239292929399299990000001005013110110001000315422721
0325943904999990210440431192043999999191099049443399999420000000000002900000000000234154828
0335999999913993999999991999919999999911319999999999999990000000000003900000000000351421804
0335999991919399999999999999999999999193999999999913999990000000000003900000000000351422000
0335299919313109949999394912499994999991212099299999149990000100002013210000000000352413208
0335999999409039999094999999999993999909999999909903999990000000000003900000000000312452804
0335900119009942942991109093924999990990392403991099999990000010007013210000000000523413247
0335999099999990999999999099999990999093999999999000933990000000000003900000000000512431923
0335999999999999999999904999999999394999309999990999939990000000000003900000000000312453000
0305941919994949999191199099499999999909919919019999999990000000102010410000000000451232602
0325999299999999399299999999999929999999999999999999999990000000000002900000000000154232000
0325939929999999999999999999949999999999992991993929999990000000014102900000000000134521842
0305999999113999939909914199904949999999193149999499199090000000000000900000000000431254000
0314999109999999919999999999999999999999999999199999099991000100010011311001000010341521557
0315999999919992999991999999991994999999999999999999999090000000000001900000000000542312353
0304999999990299999999999299099999999992990919929999999990000100011010410000100001425312935
0315993023193930093199999999999999999919999293993392299990000000000001900000000000342513057
0315990903993991909199999999999999993999129943993092999920000000014101900000000000341523552
0335999999999999993999999499399994999499999949999499939990000000000003900000000000312451969
0335994432249999299490902394999949292929999999099929949390000000000003900000000000213453823
0305999990999999939139991991929999999919999999909999999090000010009010310000000000435212178
0305999991999999999199121290909919919999999919990199919990000000000000900000000000452312747
0315991931133999999399999993999939999999999993999999999990000000000001900000000000243511722
0335999999999999999099090930309199999991493199999999999990000000000003900000000000351423262
0335999999999933999999999999999999199999999999999399999990000000109013110000000000531422000
0325999999992999933999999929999999199339299939919911399990000100005012110000000000234512848
0325999399999999999999299999399199999999999999299399992990000000000002900000000000154231833
0315999999993999929999993999999919999919299999999999999910000000014101900000000000245312610
0315999999992999999199999999999199999999999999999199999990000000000001900000000000143521496
0305999399999999999909999999999990999399099999999999999990000001005010310000000000451321670
0305939903999939993993990993992999299099939299999999999990000000000000900000000000423511964
0315994999991993999399991999399939999919993949993399399490000010005011410000000000142532526
0335999999222090299199993990944999999499993291999943999910000000000003900000000000213453173
0335999999999993999994994939949999944999999999994943949990000000000003900000000000215431884
0325999999299999999999492999999929999994999999999999999990000000000002900000000000254131503
0345999992499230299999999949099999992999992949299929909990000000000004900000000000315242437
0345999919990402999999999990929990999992999214999199994990000000000004900000000000351243171
0345939409393299993939999999999099939499292993939399922490000000000004900000000000213543810
0325909992999999999999992099999999999099999999999099299990000000000002900000000000314251813
0325399939994143219499999993912990909919394199999930134920000000000002900000000000514235000
0335949493999449994903999991949904094400919349090999909190000000000003900000000000521433801
0324999999999999999999999999990999999999909992999992999290000100011012111100001000234151332
0335999193999993999993999919999999999119999999999999991990000000000003900000000000531421906
0335999939999999999999999933919999919119991999999999199990000000000003900000000000351421796
0325999939949330492049994999944929043394093990092349999090000100002112311000100000134523973
0325999929999999299999999999999993992993999999999999999990000000000002900000000000234511866
0344999999999919499999410999919999999999999999999499099990000100007014310001000010531242404
0345999439993499999999949999999999999999999999999999999990000000000004900000000000213541825
0315999999939949431999933999199999993999994991999999999990000000000001900000000000241351771
0315999099999194999999499999999999999999999999499199999190000001010011010000100000543212735
0335999999999999999994999999999999439999999999999399993990001000108113410000000000521431343
0345919994999999991199991999999999924999999919999299199410000000000004900000000000253142535
0345992194919199999921492323499939999992929933999111299390000000000004900000000000253143895
0305999999919991199999999999999999999990091999999990999990000010008010110000000000431521245
0305999991992919949112910999199999992429941992022099991120000000000000900000000000435212938
0305914414409211121994199194999999499924299099999999949090001000111010210100100000453213923
0305999399999999939909909999999999999990999999999299999990000000000000900000000000415322165
0315999999999939991994991939999999999999919499999999999990000000000001900000000000142351700
0315993999999999999939199919999999939999999999199999999930000000014101900000000000241351574
0315999140419399990339439093999993090999909949009399991030000000109011411000000000341522972
0305999999099994999999099999999999999999499994999909999990000000000000900000000000423151511
0315994909199093094409994903499999999999999999990149001390000100010011411000000000341523621
0335909999199141909919999999409919991193949319319919914990000100012013411100000000352412388
0325999999992909999900299999999990999999999999999299999990000000000002900000000000514231781
0304999999999999039999909992929992393209999999239939999990000000110010110111001000423512687
0325919929939939444993991391999999499999299199931323199390000100001012110000000000234513099
0345919999214949991911121299419991999992929999999919999990000000000004900000000000152342685
0345919999999999949994999999291999999929299999299999429990000100007014210000000000153242269
0345999999994999999999929999999999999294499999999999999290000000000004900000000000235141479
0315999209999999909999999999199019999999999999999999199990000100009011211000000000345122306
0315999929191299999999999999999919999999999999999999999990000000000001900000000000345121506
0305991999999991319191999999993991999949099999990999404390000000000000900000000000432153095
0305999999991990999992999999999999992099999909999999999990000000014100900000000000435122231
0305999092199999099929999929999999999939999999919990299190000000000000900000000000453123063
0325400999299999939939990990009990399999999999299990999290000000111012010000000000354212903
0314999999999919999919929929299999999999999999999199999990000010002011310001000010145231441
0325929199302933399399901113293999999913999999399999999990000000000002900000000000254313038
0325999991199903939999919999992999999999299992199999990990000000109012111000000000354212932
0325933239991929199399919331199999929119999999999393999990000000000002900000000000234512507
0305990999922499929999999333399999299940994909999999999990000000000000900000000000413252656
0335092200442900999339102919999949999499941192099994999390000000014103900000000000315424731
0345999290049499929999229294999990999999992900929999999090000010001014210000000000513242895
0344999993939990990009090909999999999999404994990999999990000000111014210011000100513242474
0345090902993999999049099299049990199999993499199999999990000100009014310000000000512344195
0304994499099999994944949999999994999999999944099499990990001000108010210010100100432151966
0305999999991999499999910949499999999190999999999909994490000000000000900000000000431252359
0345912299199914991199929919999919999999494991999999999990000000000004900000000000253143000
0314999939999449949999999499949999999999919999919994999190000010010011011000010000143522684
0315999999999939949999993999999999199999999199391999939990000000000001900000000000341522234
0315991999999019399099099999939999999909999939999949994010000001010011311000100000241532261
0315991999999019399099999999939999999999999999999999994010000000107011010000000000241532517
0325994999999999999999999993999999992992299999999999999990000000000002900000000000154232504
0324999999999999999991992999999999919921992999999999999990000000110012410100100001254131754
0345999993949999994909999999999939999999999999999949999990000000000004900000000000321543000
0305439334403124411099999091422999234929132194432343412120000000000000900000000000421533657
0305921229092944909109129939444992994993939112224192993140000001010010410000000000435214462
0335939999994999399992299999099939999999492999999949994090000000000003900000000000125433110
0335929999999999399999939999999999993092999999999929999990000000000003900000000000523413000
0345999909900991999999949999919990191999199949999499999990000100102024120000000000531243000
0334999999990999999999999990399993999999399999999999999990000100009013210010000100523411836
0325999199913229109999999991399913939319290999399999999010000010007012010100000000234513050
0344999999999499999999999999999999999419999999499999999990000100004014210010000100153241481
0325999999999299999999992499999999994332999994999949399990000000000002900000000000134523000
0305991291012199411049929999199991940999999999299199999990000000000000900000000000453124000
0335001199992012490391940922494913944093941409109149290940000000000003900000000000352413100
0345929190999999992999099009129949999909994400999990919900000000000004900000000000523143677
0315939999991949001990999093990999999909490949910900940940000000014101900000000000142353298
0315999499990949999993904990019993944999901993319990999990000000000001900000000000241534000
0335099999449994999999429929349942292399429909499994229430000000000003900000000000513423277
0325999990942994249393499290999909304909900999994409494390000001010012411000000000514233658
0325999994942994299099999290999999944909909999999909494990000010105022020000000000514232926
0315999949999999999999994999941999999999999991999994199290000000000001900000000000542132309
0315919999999999999999999199999999999994919499999999999990000000000001900000000000243151254
0345949999999939999999999994999999999993999999999999994990000100014014310000000000153241499
0335999999999113199999919943999999999949949999394999999990000000000003900000000000152432556
0335999491199999999949994999999999993199999999999933999990000000000003900000000000251433000
0345999999999014999909909409929999999990999149999099999990000000000004900000000000523142540
0345990999994901099900999999999999099999099999119149949990000000000004900000000000532142731
0315993393929291999329999999919999919999999999999999999990100010009011210001000000243512906
0324909334499499999999999929924999929994349903933349994440000000109012110100001000134523151
0325949399999499999999999929924999929999349993933339999990000000000002900000000000134522642
0305909922999999949999999090499999999999999999999999999490000000000000900000000000425131754
0315999914919999499999999994999999999999919999999999999990000000000001900000000000142531477
0315299299294999929994499922129924349999919399999199299990000000000001900000000000143253527
0315999939999999993339999999999999999919199939999999919990000000000001900000000000142532000
0315999399944199999993939939994999399939991199999993939990000100007011410000000000341522930
0315999999199919993309399399999999333999939999313999999990000001008011010000000000341522763
0315999999199999991999399999999999999993991999993999999990000000000001900000000000342511873
0345999990933399149909939099999999039999919999999449399990000000000004900000000000521343775
0335990399099903999099999999999990999909199919999099999930000000000003900000000000531422782
0315999999999999999999999999999999999999939119999999199990000000000001900000000000241531491
0315991999999999999999199994949999994999991999999499949990000000014101900000000000345121879
0325999939990932099993999939999939999999999993999909220990000001009012010000000000314522611
0305992111022902999999999999999991992991909999199999999910000100008010210100000000452132742
0305911919099919299999999991199991999999999029192109919990000000000000900000000000453212933
0334999139999999219999999929999999999999999999919399299390000000108013211000010000235412572
0335900444344499999999499949039999943999999994099940999990000000000003900000000000321453000
0315999399999929991999919999999993993999999999993993921990000000000001900000000000341522726
0345999939999094994999909099999999909999999939990930994990000000000004900000000000521343000
0325929992910093239999990993939999999999999999999199939990000000000002900000000000354212863
0325999024991419429909994129491999999991199999999499199990000000103012110000000000234513890
0345999499109119999999999999999999990999909294990499999990000000000004900000000000523142531
0315393902044243929100999199499992290939499390029102393220000001012111010000000000543214829
0343993999999399999999999999999999999949999993999999944990000000109014111101011000231541917
0305349933929931214493392394012999309491329299943432441900000000000000900000000000421354687
0335149929919929999942914999911911113994999942921243943990000000000003900000000000132453709
0325999999999929999992999999949999999999929999999999999990000010010012410000000000134521248
0345999293999919999932922939931999999943419433999923319990000010008014210001000000125343712
0325992991991999199299999992199939999999139999999919999990000000000002900000000000354213000
0315929999299999992299991999919999199999999999999999999990000000000001900000000000145321888
0345999099999999999999999949999999999999999999999949949990000000000004900000000000523142000
0345999990999999999999999999999999099999499944099999999990000000000004900000000000531241724
0315999999999399999939999199199222399999999999999399129990000000000001900000000000245312806
0334999999999993999999999399999499949999993999994999994990000000109013011000010000123451933
0335949999999999994494919999999999343999994939444994499990000000000003900000000000231452346
0335909999499939093099949439949999994999944999999099999990000000000003900000000000231452134
0335499941199909939404419990999909409019993999909399999990000000000003900000000000321453836
0305999999999999999199909991999999909999099999999999999990000000000000900000000000453211752
0315990999190999499920449949994900941000999999992901999940000000000001900000000000543124000
0305924999109299919992199193924999999999999991041422930140000000000000900000000000453123878
0335993994999999999999999949299999999399999999999949349420000001004013210000000000123452091
0333911199999999999111939991999999999999199391999199909390000100010013210110100101352413000
0325929991199942999999999919999999999999999999999999494290000001003012110000000000234152781
0345924299999999999999999999999999999399999944999999999990000000000004900000000000215343000
0325049994900932999999999999992999099999999999990999439920000001103022321000100000214534000
0325311419992949939199901999423991913194924999941999194990000100009012010100000000154233660
0344999999999090994199949909499999999990909909991991999990000010010014310001000010531242512
0345999919919991299941999949299999999999999999991919999940000000000004900000000000253142439
0335994999990911949994039349199999000949909949999493999990000101007023120000000000521433418
0325991999999919999999199992999999299199999919999991999290000000000002900000000000154321992
0325129999933929949399991999499999999999994499929999999141000100009012110000000000514232620
0315090224321999010292343300999990493349909929291940929000000000000001900000000000245314926
0345909490929430929900999929992999909999293399909999992940000000000004900000000000512343592
0325994143399911199999419939399999299393919399994299992940000000000002900000000000154323409
0335999999994999999999199192999999999439239999319999999940000000000003900000000000153423262
0344929999499199999999994999929999929999999992999999999490000100007014310001000010215342627
0345109499999399909999490919999999399990499139999090099910000000107014310000000000312541926
0335949994999929039990993999999999999994909349999949999990000100008013210000000000213453762
0305999999999999999999199999999029990999199919999099999990000000000000900000000000451233000
0345999919911202339929491220439999929499299099929999321300000000000004900000000000135243466
0345999999999999992999994999929992949992499999999999999990000000000004900000000000125341795
0345029929110019132229111200949999329391039422999990031490000000000004900000000000125345000
0345999999999999999991999999919999999994999994999994990990000000101014110000000000351241524
0345999499299999999999129999299991449999999999999999999990000100004014210000000000253141616
0305934499933499993399993994999999990939999934099999043990000000000000900000000000421532661
0305990999099909999999999999999993999999999999999999999990000000000000900000000000421531747
0305999029999919122429299099921999999991999909999191129920000000014100900000000000421533321
0335949499994990994994999099933999999999999909999499999390100010011013010000100000123453000
0315909999999999990299199999999999902999999992299991922100000000000001900000000000345212694
0314499149993994299949999949494991999339494399349199432930000100009111011000010000541233982
0314999149999994299999999949494991999999494499949199442990000000113111310001100010541233000
0345909999099929999999999999949999222242992499999999999990000000000004900000000000253142939
0325919999999999999299999999999999992929999999999999999990000000000002900000000000254132000
0325909929910999099990929929999911099099919099919999999990000000000002900000000000354122692
0345999099999949999999990999999999994999099499999999999990000000000004900000000000512342000
0335999999949999999999499999999939999999399999999999399990000000000003900000000000213451833
0335993999949999993999999999994999999999999999999999399990000000000003900000000000312451217
0325999294999999999999099909029999299999999999999999999990000000000002900000000000514322228
0325999999929920099990999999099999499909999299904999999990000100001012010000000000514232817
0335919993202219902909999199919999929029991909033909190090000000014103900000000000132453908
0335990091311120299919919999999999901991930900999399999990000110004023220000000000351424000
0304909999999999999999999999099999999999999999999399309990000010009010110101001000453211757
0305909999999999999999999999999999999199999990999990999990000000000000900000000000432511505
0315991999999933999999939939999399999199991999999999999990000010007011310000000000241531513
0345939999999999993990999999999999000004999994900999499990000000000004900000000000512343000
0315429999194999494999499999999129999999999994999199999940000000000001900000000000145233000
0335999499939990999099499904349991949193449010990911941910000100009013110000000000531423182
0335999999939994999099499914349994909193499099999919949910000100003013110000000000531423375
0345999999999499999999999999099999099049999999999499999990000000000004900000000000352141751
0345399999999299993990032099942902909319999219099990099440101010111024321100000000532145000
0345999219499999999999942919999999999994999999999999129990000100011114210000000000123542736
0325999999992991399999919919139991999999999929999239999990000000000002900000000000154231578
0315939999922490044292002290991999090199192929929999999990000000109011311000100000345124742
0315999999939939999999999999999999999999119999999991999990000000109011310000000000143251861
0315919999999999299999999199919999999999999999999999999990000000000001900000000000142531515
0325999999999332999999393992999999999399999999993999992990000001104022320000000000314522000
0335990990199999999099099939399999909099931999999999999990000000101013110000000000531422332
0335949490399499129990911993994999910910994999091931924440000000000003900000000000352413655
0345999999999999994949199999299999999919991999991999149990001000108014210000000000253141942
0345993909999944999999999302239900990932939290409999999990000100009014310000000000523143182
0345949999399999999939999999999999999999999994990999994990000000000004900000000000312541735
0345099119409992029999049999999999991999992999099190900400000011002024220000000000321544000
0325999929499999999999949949999999999999449299999299999990000000000002900000000000514231905
0325999994999499999992990202990949999990999994999999499990000000000002900000000000324152595
0325999292949919999999941999999999999999999999999239999930000000014102900000000000124534000
0315999949994999994999999919999999919999999499999941999990000000000001900000000000142351878
0325309999099339199999999239999099009999909099999999291290000010007012110000000000314522967
0305999999099999999919999999990999999999940199999991994990000000000000900000000000452132830
0345919499999119449919299211999999999999299991992299999910000001012014110010000000235142724
0344929499999999449929999999999999999999999992999299999990000100010014210100001000235141941
0345919922191249999932929392999999999919999994129922999490001000110014110011000000135243864
0305299994990403019999999919999999999913199399994239491990000010004010410000000000432153537
0305999119999199994991001999999991099999999999999199919990000000000000900000000000452132505