0515200919044999294092340991912994991139900299993324940390100010008011211001100000531243174
0545994139099993991190430991933919049909911930433040939091000100005114110001000000452133463
0514999119992999999999909999199929999999091999299192999990000100010011311001000010435122222
0505999992299900499109224099999991994999202999919299941920000000000000900000000000351242953
0505991299999910929920029492999902991994999199191094192990000000000000900000000000354122174
0535999000319090931119990909999931999929191990919990293930000000000003900000000000542313876
0505949924094191909199099049039929949114229499199943912940000100010010310000100000352143685
0515992999939333249999929129999999999392194391929193991330001000109111310000100000534123084
0515999992929192999231999299199922292999999992919999999190000000000001900000000000235412922
0505924999911323002392902413344034299231210122999123113440000000105010410000000000314524612
0525999999299990291999992199999949992439399999999929094030000000110012010100000000123542880
0525999999299999291999992199999949992939099999999929099930000010011012010100000000123542370
0525941929994919494393149499999999394413323942421999939920000001003012110000000000123453069
0545999099000999499999999999949999099949999999999949949090000010002014010000000000521431922
0505299992993999099391993092990919129192320993999232099991000100008010310000000000315423753
0505999992992999099399999099990929299992220992999999099990000010010010310000000000315422953
0535942392129241119309329202999920094990393092249099011410000000000003900000000000425312846
0515941922330909129399492390404929224300401394213204019040000000000001900000000000333334537
0545990942922909999999999990999999492094910990299199499490000000000004900000000000333333322
0515944949999090014440130192044999949991999039142399999930000000112011311000100000234152752
0515990239193999120031004919922903990394902999142349392040000100011011311000100000531243054
0515999099193999190901904919939990990399999999193949999390000010005011010000000000531242596
0505999990909944999929999999929949992999099999499999909900001000107010410010000000315242181
0505909902449294999999499099999999229904099999229929499990000000000000900000000000325142414
0505919941091191909499099019049949499439999299299941943940000100010010310000100000352143197
0504991919919904994919911999999999099110994999910999994900000100012010310001100010341252145
0504991999999909999999991999999999099910999999990999999900000100004010410000100001341251797
0504999999099999949090999999999999999909999999999909999990000000104010410001000010312451214
0535999490909399999993499499994994094999939949939999900390000000000003900000000000512342919
0535999099091394990990999943999999999999999939993991309990000000000003900000000000512342409
0504991999919919990990999991999999999900999991999909999990000001004010310001000010352411341
0545994129929324999114112993949919991291439991212929929990000000000004900000000000154233490
0535090991490941394019999999439940093939419190999499993940100010009013111000000000521343530
0504939399999319009339999119109903993999999999939139909990000100007010410000100001351422915
0505990999099119919999999999399999990999999999109999099990000100004010310000000000341521600
0505929122133040432900199214243994299111944049929913192990000000000000900000000000345124148
0504900999993999999993493903990999991999914991919999994030100010012010110011100100342152425
0515999300319993913930099993119999999999999990999999991990000000000001900000000000534212988
0535999999030999099999999939909999990399399009999999999930000000000003900000000000125341708
0505099949399920323490939434209994999999993949949494933090000000109010410000000000312453659
0505999914229949299910909992499909909244999999449099999990000110001020420000000000345212229
0515933009199300933339999999139943190491909990999009199990000001008011411000000000531423508
0525994949293391929434349393194992919339022199999999909111000100012012411101000000143523950
0544994024392222340992399999349929222499999309000299909990000000112014110111001000415232949
0535949449999999999999999949999949999999299999939934399330000100008013210000000000214352256
0525999999992343929199229499949199991133911999999129999990000000000002900000000000143522481
0525939909929923993993393999992939399029009299999999090990000000101012010000000000423512873
0525909199392903049003321419092992999194332100319949914440000000000002900000000000413524503
0515990119499300239499949999393940433119930904991429900020000000000001900000000000432152195
0525999999933494299499990992433999990399931291999201999920000101010022120000000000213454214
0525999999931494299499990992993999999099991291999249999920000010012012010100100000213453985
0535999949999393999919949999999999999939999999999399999390000000000003900000000000142353000
0535949993393999999999943999999994449949994999394999994990000000000003900000000000152341728
0505990999293049439999999999999999999999039094999999940930010001012010310000100000315242040
0524999999991091199191319202019999939919992299999999929990100010009012010100100001243513355
0505921922112099999199299199229091121029219999999993300990000000000000900000000000354213340
0525939923999949999299939949299933923393349499999999999290000000000002900000000000213452175
0545999439399333999922949999999992994999999939394499393990000000000004900000000000215432812
0525949339290999993939999999999299939999392994939299932390000100009012010000000000213543488
0535949399194314911091900439999999991943399199999999999990000000000003900000000000521343334
0505241449321320329992992032140991112142144011999490392240000000000000900000000000351424915
0505109330319901129913203114411930422499334249993414999120000000000000900000000000312542644
0544990909999949991999490419199999111099499909990999999410000000108014310001000010451232693
0545991999999949999999490499199999901199499999990999999410000101004024120000000000451232550
0514999994999999999993499999999999991194491999941919493390000100010011210011100100132451857
0514999291992241219929194999999999099999999929294949299911000100007111010001000010235141672
0515999309909921199199994039239999999994941999999999403310010001008011311000100000532144354
0535912923229932999939991991344999999312499999299199999290000000105013210000000000154322408
0525999929999994429999999901911900299992999999099929119990000100005012010100000000543122320
0545999219919949999192199249999999119992194499994999199990001000104014210000000000245132967
0545993333349393949921913941493992299199914322229192929990000000014104900000000000145231597
0525909999909999999999902991929909990999200929999929991990000010009012010100000000543122068
0525949022109414494991199290994999492911499199999999912490001000109012010100000000453212115
0505991999239991192199293909090919299999999031999339119090000000000000900000000000325413892
0505900920229994999932992992490992339999949494992992909990000000000000900000000000314522939
0544949999994999999999999990499949999999999999999994999990000010008014310001000010514231244
0515999122023233249444422009433949999133901199999903413090000001005011010000000000234154266
0535999999999939999999939499199999999999939999993943999191000100009013410100000000152341906
0535992939999939999922119321991929399932929991999999999990000100001013210000000000145322341
0535991319339993199999919999990919999999099999991900909390000001002013110000000000451322483
0505999939999999999993039990029999939999930999993990939990000000000000900000000000324511876
0524929999999999949994999999992999999929299999299999999990000001011012110100001000153241131
0545999909499991399319909099994909490499191399990999499990000000000004900000000000451232885
0545999999919014993990999919999999909190499909999449019490001000108014110001000000541233697
0515999992999902992929921199099990129912299999009909199990000000000001900000000000435212567
0514909912291091090000239933099999919990909199902299999990000000112011411000100001534212454
0525999311102390009933992912992929990019999999911909019990000000000002900000000000253413247
0525900992300110941999921999992919991999092201144999399190000011005022120000100000453214328
0525900992900910911999921999992919999999092201144999199190000100009012411100000000453213887
0525913410341204439399204119409919991203102010930339241330000000000002900000000000453124000
0545929909043993999940990399993999999999993249909244223990000010005014310000000000215431814
0525999999299992999939999299999999199992912999999999999990000010011012310100000000243512369
0545999919129140099399999999191993491919402099919999913440000001007014310000000000214533248
0505922929099190919199931009929911929993999929299192099290000000000000900000000000345213303
0545999999990499949919999999999999990991411419999999999490000100111024020100000000452132727
0535099902912399999409099999149930223999994099039499999930000100012013110010000000512342569
0525901999999422299299099999991999909990999999099999909290000101008022020100100000413252766
0505919939390194901449101903919994191394499999190399999941000100005010410000000000341253395
0535999009399919909999999393104904999999491994999494319930000000000003900000000000124353142
0545911009494999999429999999199940499299991991999299229910000000000004900000000000245132498
0544993999049349999939934990322999999399929499993999999940000010012014210101001000241533050
0545994019942312092992139130920999943499009299999999429990000001102024320000000000154232119
0545990929942449499932900999919994900201299999999999911990000000000004900000000000245133839
0545991991292999919021949909994299092940144991919299999190010001007014010110000000245133856
0544999929999999999992142999294999911412922999999994249990100010009014111010010000254132365
0505942341049343992933990999443944199099111190433343994900000000110010210001100000321543977
0504941341049349993933990999443944199099119990433343994900000100011010210011100100321543475
0505999991049449994919990999994999999099199990993934999900010001003010410000000000321542895
0545999133393939949999999999949999399949999994914311939990000000000004900000000000421532662
0545929902999930243912224210012199939111934499121003021240000001010014010111000000241534986
0505909999433499999949930999409999993390999494099994499240000000014100900000000000351243257
0534944099999999999999943432903990399022200392409099229990000010011013110110001000215343268
0535999492999999999992439999999999923993999999993999932990000000000003900000000000125342774
0505929909999292999999942299090999999999994929990909992990000100005010210000100000345212115
0505992992039039999999999999999999992991909991330302993990000000014100900000000000314251723
0514999909991991999999999999909999190999199999999919999990000001003011010000100001531241335
0545999499999992229999909499999099999999999999994990494920000000000004900000000000451231732
0505999209999999990992999999999999399300909999999299999990000000000000900000000000324512337
0534991939999991992311119921399992923999999999111399999990000001008013011110010000254312561
0515999139999919199999999399299999399991999999993919999990000001003011310000000000235411953
0534993294999949999999499399999999393999993999922229999940000000108013110110001000215341690
0515992409199929194422919999999929909199944094499419049990000110005021221000100000235143937
0505999209099990999920929999999999999299999999929990999990000000000000900000000000325142000
0525990909099999999999992099999299099990999999999929229990000000000002900000000000453121938
0525932999239401143093314992029913394994191109109323439010000100004012110000000000243513969
0525994929929499999949992291999949199449999992994999999990000000000002900000000000153241893
0525949449149919299994999999999999299929491499992999992990000100008012410100000000143251995
0545999999999999449919999999999999999499299949499999992990000000000004900000000000245131834
0515929941909399191999910429942999994234999902999929329910000000000001900000000000134523917
0525293949993139409114993099921939999239313013911391929210000010010012010100000000123543952
0515992340439443999130994999190931243994414993139999944990000000000001900000000000231544677
0535919399144113029911494939493991999299999199492129939090000010012013210100000000142353307
0545032093424210249993904099092932932191319231139499913910000000000004900000000000251434609
0535994999199199999999949229934299991993994994999223313940000000000003900000000000245312982
0544999929990999099990922999999999999999499099994499994490000010010014210100001000542131902
0525122000999433944299294433211909999909391404990903330010000000000002900000000000523143000
0515394931903999999430990999099990999193999999411991999990000010005111010000000000135241798
0515929991443923019399941399391999139399999999939949929000000010105021221001100000135422909
0515929991493933019399941399391999139999999999939949949000000101007021221001100000135423080
0535990999929033999993999990994993092209909309999999999990000000112013211000000000541322385
0525499999429992999999209944999904992999999449994994499290000000000002900000000000513422380
0525219414101103104333143042320999092991904944304123300040010001013012311100100000243154501
0525219314101103104993143042920999092991934949904123309040101010111022020100000000243154323
0525219934101103104993143042920999092991934949994123309040000000104012110000000000243154569
0515999292149994994912294999194949949999999999999919199990000000000001900000000000235142830
0535999991993199999994933994999999999999999993999999939990000000000003900000000000251341570
0515991999940940499933999999999999099999109019109199909990000000000001900000000000532141908
0515099939912922909331319990229990139293909992990290919990000000000001900000000000135423401
0525991293929193999129299329919999939999999999999999999990000100004012110000000000243511730
0515999923409099992929919909049291443943104193934399134440000000000001900000000000134524273
0545992999949999242929999999929999299499994999999999994990000100002014210000000000524131968
0545999911939903424999399991999934901249432191910219322910000100001014310000000000142533196
0505913903999014329999929144444939331992200419993091131220000100007010410000000000352413400
0505990999339399391339319999999909331009909929331999999990000000000000900000000000341523743
0505299909199939001193309249294999211094214419332992394910000000000000900000000000342514161
0535999993909099999999999399999999939999939999999999399990000001004013010000000000521341461
0535919232311999992292312919929921142113993919229999999190000000000003900000000000145323421
0535929929129909992999993939099991199322929399199923999990000100005013210100000000145323004
0514299999999922991999999319999999999939391999999991929190010001009011410000100001132451522
0535449929199999009949499939440999499900223992390399309200000100010013210000000000145323140
0534449929299999009999499939420999499900993992394399309990010001011013210100001000145322636
0535449999499999009999499939420999999900993992394399309990000101004023220000000000145322702
0515923021949449932199929941990939929949091092991299999090000000000001900000000000234153617
0505929999021942309299990994999999910299991999102292993210000001002010410000000000315243728
0505993909993902099993999999999929999930999999999909332990000010007010310000000000314522049
0525930990999909919209903993199999029293332999999999039920000001008012110000000000523412480
0525919093211999990332922991909903320909919999399393330990000000000002900000000000423513049
0545991323120023049391949929309912993922924991311499094300010001010014010111000000452134851
0525994999999943929999329994999999999992392992994949999990000001002012410000000000123452629
0535911231199999941244113922139929214441999312244229423990000000000003900000000000145323932
0505904994904099999999499949999999909999499999999904999990000000103010410000000000321451546
0505919199991199099091909139999999919999909919019199993990000001002010110001000000352412495
0505194999099139990991999100949999999994999991999999919900001000111010410000000000351422394
0505991999099939990991999100919999999999999991999999919900000000000000900000000000351422242
0505949939919214441339911920902943493990919031391091314220010001012010410101000000341524194
0504999999910999999999099393019991999909999919199999990990000100010010110011000100342512357
0535999090322931040920010991294911003102911199221923912930000000000003900000000000425314107
0524999990099022999999099999022999299999993999999399999990000000101012110100001000543212126
0524933309929929999030993299939909939999990990309929999920000100011012311000100001513422775
0525939009929929999900999299939909939999990999939929999920000010007012010000000000513422871
0515999999999903101390920900993923299321909199929139299991000100011011311000000000534123514
0515999919139994342349990919939999999990991199999239294340010001011011211001100000534213720
0545493221199994999990999300410999999949309199499199393991000100013014210101000000152432969
0525929999991999219999999499999999999494919922999499992990000000000002900000000000153422437
0525999009429990299949424199990992949994119199999291991990000001002012110000000000243153086
0525999999999939994999993923294999993933434232999999249490000001007012410000000000253412414
0535991329121293999292949199429999949999923329999912499230010001010013110010000000214353835
0535900923299299990002299990999920299999999909003399399390000000000003900000000000412352963
0525911331299949209432319221900991930911394304999913104300000000000002900000000000153243608
0505939339349049144223999949919939304399999939400439940990000000000000900000000000312543740
0545991999999999949999999999991999949499999999999994949990000010003014110000000000251431126
0515999312913239999999999999999999399999121919929939994940000000000001900000000000135242401
0535993999999914499993999999993999999999919999999113493990000000000003900000000000152341766
0515999944999919999991999949919999499999999999991199949990000000000001900000000000132451847
0524999999939999299299999999999999999999999992999992299990000010011012110100001000143521568
0525999999939999299299999999999999999999999992999992299990000000000002900000000000143522000
0535949430229902394942329909029934094999999992309222994920000000000003900000000000214352524
0544994323431434193222211219999939999199399913413322292990000000110014011111010000214533077
0525999992929909929999999999929999999099999999999299999990000000000002900000000000453211573
0515990933339999290993340091191999021099099299919039999290000001011011411000000000431523539
0525991919990913999999022039299900999932939999912091931990000000000002900000000000543213148
0525499913993120991990314323209499994992033933999992101190000001005012110000000000253413752
0524999999999129929129391199999911999992999999392199991990000001012012011100010000253412485
0545999999999994914999099999999999949099449999999999999990000000014104900000000000245132429
0544949491499999999999949199929999919999999999999999999940000000112014211000010000452131954
0535909999422999399991999933492099999994299099093999239900000100009013110010000000425312971
0535999999999299999939999131192232399999999999999999139990100010007013210000000000245311582
0535941924022992491991121910494941323913033222940090991990000000000003900000000000254314697
0545939199940133149999093403422999199193240211339319332020000000000004900000000000451234074
0545999999924499999494022299992999999409929999990990999990000000000004900000000000512431746
0525990229929999099999440999990990999994999909922499909991000100002012010000000000413251806
0525449999191009224990901900209999494093109229949999499000000000000002900000000000123544347
0525942419094949920144949914409929990902909992390949999910000000000002900000000000423154908
0514999099909919999909991909919909999900999199019994999990000010008011311001100010431252277
0535999993131199999999139991999999909939990993991909999990000100004013110000000000254311738
0505992142399999999993430399001934499299933293994900394430100010010010210001100000312453440
0505992994993199912992419999994999934094100319994949419000000100010010210001100000321454491
0545992910130922922209929039413902091390904099341099441220000010004014310000000000452134078
0515944499919914999942999999999999999119299999929991924990000000000001900000000000235142347
0545999999999492999499994999949999994999999999999999999990000000000004900000000000541231225
0535941994910210119499449403021939240923022099991991031930000011004023121010000000124354102
0534099999990930119999909919993999993931993999999999191990000000112013210010000100214352085
0534999999999931999999919919993999993931993999999999191990000100008013011100010000214351846
0535909999399909399999119991009119993199909911133999999990010001004013111000000000452312534
0525939319099299210919939199939901019193399319311092122990000010011012010100000000253413696
0525999191993909999999999129992999993990302099912333930230000010102022120000000000253413321
0525929399939992992991339390912939929999339999999999999990000100012012010100000000243512216
0515449441109402994224999049990911999422209990299092041090000000000001900000000000234152928
0525999921299999999919949499999999199999292999999949921990000110003022120000000000243152720
0545993292324429399909239999999902924220999099020434009990000000000004900000000000215433635
0545040394324920939999999992990999099991994990393999214200000010011014110011000000214532260
0525929499949991499942429949999999949994912299999999199990000000000002900000000000253142576
0525933499419934224939994129002999999413301449119920493331000100009012010100000000253144549
0505992999999019999901294909494999911994149121992194100241000100007010110010100000345123193
0545993090123314439209990142103902919321024042339901330320000000000004900000000000451234823
0544991499491999991909999910090940900999949409111019991990000000110014310001000010451232613
0545991499491999991909999910090940900999949409111019991990000000000004900000000000451232795
0545292942210403312300999193992901992009344990909914911390000000000004900000000000521434165
0545999992199999299992949419249949999999999999199999949990000000000004900000000000245132406
0525993939929941293134994314919991929193299991944993293090000000000002900000000000143523739
0545949993009909949999099999909944499099999999939999999990000000000004900000000000142532924
0545910999999914299149199999199149291994299999999199994990000001010014210100000000245132885
0535292449499300439999999999939929999999941999499993900390000001010013210000000000421353153
0535900909040994934900999999499999393999903999993944994490000100009013010000000000512342637
0545999090999099949999999949999994999499999994990999990990000000000004900000000000521431602
0525399349999999299329429339191939302213991939999999939990000000000002900000000000123543740
0524391199992999399919991112992900999011139299999991999920000100007012411100100001123543419
0523991191999199992999999949999999924499999992991919191220000100011012311101110010243151470
0525991191999199992999999949999999921499999992999919191220000000105012410100000000243151462
0505999999949999999999099099999999909994099999999949409990000001004010410000000000321451651
0535349409109440339921142402204994199092021099931049990230001000110013110010000000154324776
0535349429099490339991249409024999199092021099931449999931100110010023220000000000154324949
0535349429099099339991249099920999199999020099932499999930000011009023121010000000154324914
0525949999994090929999999009999929299429990999999299999990000000000002900000000000423152133
0525999929904994922099992949999909919999929999999994949090000000000002900000000000523142686
0525399902999999929992099999994999999990909999909290929990100010008112311000100000253411516
0514999999192999999991991999991999999999999999999999991990000000104011410000100001132451402
0505999104994423231240430921043991911934220942199139193990000000000000900000000000351244291
0505999999299019939999914992149990221999930490990999992990010001010010410000000000352141330
0505999999199019939999994999999990319999990990990999991990000010011010410000000000352141195
0504999999199019939999999999999990319999990990990999991990000010007010410000100001352141267
0535999314903999999991990949919499130949999999194043039990000000000003900000000000541323261
0545949999990993433994904999999999999990949999999909993930000100003014310000000000514231901
0535991134299934199999139949499999999999939999999139999910000000000003900000000000154322535
0535913999999993949999991999939919999394999999499919993990000110009023120000000000152342166
0535999419499039999049939394499999193499499944999499994030000000107013110000000000421353686
0544999999999099909099149090999994999991024400999099999940000100012014310001000010145233232
0504994024211249199209949919911490914991499999202994249900000000112010310001100010315242332
0505999024211249199909949919911290914991499999202994249900000110002020420000000000315242916
0504992099999009949992990949999929999999999999299990499990000010004110210100101000324151589
0505992099999009949999990949999929999999999999299990499990000000113110210000100000324151679
0505999092999994411991909999423909991991014199999199991900000000000000900000000000315242341
0504990299299999992990999999999990099992099999992999999990000001007110210000100001315241612
0535942920390039499402299340009944999934990099929399999990000000000003900000000000215343800
0505921429990991091949992092199411199421099219219099999490000000000000900000000000345123865
0525999929299999999919449929299992149999999999999999999990000001007012110000000000253142151
0535922999919991999929329319391922922199921992999313919990000001009013210000000000145322267
0515394409229299913949449290999944199999909099409211019220000000000001900000000000432153111
0515909999209992992211999909919999999929910029999999219990001000104011211000000000234152459
0545923022339094449123919019021919401193330322924120133030000000000004900000000000415234671
0544999229122949942209924242911990994192999909099991991910000100012014310001000010415233395
0545999229122949942209924242911991994992999909999991991990000001007014110010000000415233538
0525143104039330021312009934112939941939419944019099992210000001109022020101000000123454710
0525119304039390029332009939112999941939319994019099992210000101002022121000000000123454527
0525939999999999939999994992492399999429932944999249944490000010004012310000100000123542728
0504992909939093009999923999999929999999999999099999993990000010011010110111001000314522123
0525990919910099929999999999929929099120099999999920999990000000000002900000000000453122653
0514993992923919119233412424499939322499999244399139924990000000108011011000010000132543978
0514949999199993913949399949199099934139090990994093199990000000112011010011100100132453587
0505991999224999343999999399249999999399209099099999012090000100011010310110100000354123525
0534999024944299932399299209209999293909992999999329999390000100011013110110001000514323839
0525990999499999992002929919902990942944399994949339094490000001012012311100100000513243524
0535999393349994949399999999999991999999999999999999499390000000000003900000000000152341395
0535919139399904919991939991904919290991193391999990449940000001103023421110000000245314291
0505991990911190999999909999199999990991999999999999999090000010003010110000000000351421981
0545321919919239249999993931942293993212423099999999499420000010101024120011000000241534032
0534909494099900939999909999999999993949393999999904939990000010008013210010000100412352969
0535909939999399994994999094999999000390949394903999099990000000107013411000000000512342592
0515919999999999149999419999999999999991999991999944999940000000000001900000000000235141408
0505939399939939903299993992999923099999290992290909993390000000000000900000000000325412781
0525999930399929499992099999992390439399300299909999990290000000000002900000000000423513600
0505903999499999901993904994994390493099993999919939999930000000000000900000000000341523283
0535199099999999991999919930999900909930909991999939399930100010008013110000000000521342464
0525909092129313910994941939942992910491999209091444339430000000000002900000000000523413827
0545999349994999999399999923999999249949939999493993999990000000000004900000000000142531859
0505903992929943990099999290494994490299429999999999932990000000000000900000000000315242485
0505994041099930999134293129399949013993099999931999939290000100008110410000000000314253123
0535941192902201204991004432332949110421022149911924030430000000000003900000000000152344884
0515993903131999393209099931000939929199909913229999930390000010008011211001000000531423286
0525999990999994934902119994499999994022144244091112419130000010008012110000000000253142935
0544199919292499199910999149011499999929942999919912920410000100001014310001000010214532656
0545909209029092219229992034044999931193390392049929313490000101002024320000000000415234470
0505199999909990909999999999911999990999999999999999909990000000000000900000000000321541099
0515909434914432229099932203293999992923439119299994021120000000105011010000000000531424213
0525993339399929999990390932999939430033299920939990902990000000000002900000000000513423873
0524914194914129214904049900919911429911029994494900490920000000110012311101100010523143937
0505994949093939999994999999099909999999999999949909993900000000000000900000000000321452497
0505992942213442329399103212320919134311249490940299910110000000000000900000000000321454258
0545909299299920399990944429909992999299929924999902999490000100009014310010000000214532800
0525909929991004990999392949394930939049093312933204499920000000000002900000000000523413052
0525940103319934020939091041211993931442140194993313240241000100009012311100100000513424725
0524990403399939020999099030294994939492940994993399249290000010012012110100001000513423870
0525990403399939020999099030294994939492940994993399249290000000000002900000000000513423957
0515199991499999299999992199214994939991329999994992399330000000000001900000000000134253085
0515909440300404124229139033214992002924234399909999192190000001107021321010100000534124071
0515912201999999999909292901199929922902091999929290099990000000000001900000000000435212950
0505999994199990999992910999929999409949109994999091999990000010010010410110000000352142544
0505944994009990999499999994909494999999499999940999999990000000000000900000000000342151989
0545999193343209443000111913023932032139091200912249232940001000112014310110000000451234802