0815929934032342103423012403020121344002331410410243214020000000000001900000000000333333919
0845999942902939029999994090493909499004039999099024439410000001005014310000000000333332371
0815200919044999294012340491912994991131900299993322140390011001103021421000000000531242814
0814999119992939299999901991131929999999291399299193099990000010008011411000100001435122006
0805191212491230339220034442223903331944033101123094104120000000000000900000000000354122604
0815492244039303240923909149314902014094144321001133021330100010010011010000000000534123279
0815992922039303240993909129319909010394144321901193021330000000107111010000000000534123123
0815992922039333240993909129919999910394194321901193021330000011011121020000000000534123032
0815919149313999993993119999999992944231993919391299929230000000000001900000000000134522094
0815001904241203439133220909431993920299190991932909914130100010010011010000000000435213067
0815991939291303399199923939991993992999190991922999919190000100005011010000000000435212573
0814932292922190299331299321199903390990919303219291009130000100010011411000100001235413575
0815999992922190999231299321199902390990919392919291009120001000103011010000000000235413348
0815993291444193999999299199999949993419919919991999129940000000000001900000000000235412608
0845944099001999499099909999949949090949999999999949949190000000000004900000000000521432010
0805299902033999099391902092990919129132320993919232099990000011003020320000000000315423608
0815922999209091112299220909919912199990992999921099991990000000000001900000000000534122557
0815941120330300122324412220434931224300431394213204010040000000000001900000000000333333657
0845900943220909099999494290492999432024011192399399499490000010002014310000000000333332656
0815944949929013014440130102244919923391223039142249910931001100109021020000100000234152543
0815990239113992120031004419242903990392322191142349303040000001004011010000000000531242658
0805999990909944999029999499929949992999099990409999909900000000000000900000000000315241882
0805909390013021429090994214993913993103333991949409993920000000000000900000000000312451659
0815939929221143109932322013322933492119099199999934919940000001105021020000000000431523669
0835941022904392249003499403321994094992930109939093022310000101010023120010000000512343208
0835941092904392299003499403341994094992939109939093022300000100004013210000000000512343247
0835999099010394990934999943999993091139499939993091349990000101002023120000000000512342316
0805992999210913930990991991999990291900992991999909999900000001007010210001000000352411624
0845994321429324201114102433040919093293433311012124929000000001011014310010000000154232993
0845994121429324999114102433040919091293433091012124929200000010101024320000000000154233193
0835090991431941394019993049439940093939419190999439993941001100105023020100000000521343438
0805339399919319009339194229402903092201944499939132100240000000000000900000000000351423674
0805900319099319919909909999399999990999999991109999099990000010002010310000000000341521641
0805929122133040432900109214243994290111944049929013192990000111002030320000100000345123759
0815919999929939099999999919919991119919939919999999990990000000103011010000000000532411352
0835999939034999094999990939909999994399399009930940993930000000000003900000000000125342750
0805939011229940241940909992440909909242999999349044999940000010008010310000100000345212818
0815933009140404323330044121130922192241042410323024132320000000000001900000000000531423919
0845394324392202140042309991143924322499293102000299419130000010008014310010000000415232580
0835044442131200209091311411422909441213024099931430301330000000102013210000000000214353271
0825911199392343224449229429149132993333431919949424999990000000000002900000000000143523179
0845130209044022139039224491111932994332330402040334902310000011004024120011000000514233693
0825439402329921440903013199102430143322003232034449090110000010110022121001000000423513499
0825439402329921910903313199102930443322003232099449090990000001001012110000000000423513798
0815910119299300239494949991303940432113030104931429930220000000000001900000000000432152272
0845924999191230201239432140200331993114330113131492424420000000000004900000000000142533755
0835994941331343999919919999999999999334499999999394499390000000000003900000000000142352851
0835919933393999999999913999999994449949944934341939494990000100003013110000000000152341641
0825443393499911123929422324442992000999141019300331144420010001002012110000000000423513788
0805290322194043319992299394199994020999034094399909910330001000105010410000000000315242455
0805493333110390222191942293004999334014911412339400199020001000111010410101000000342513732
0825199992924494199191330202044999939919992299992991021910000100101022020100000000243513708
0825433924414110909293939919290943020443344023099332102210100010010012411100000000213452132
0825439924414910909293939919290933923443344023999932902210000010109022120000000000213451905
0824939924494900999293939949290933923443344023999932902290000100007022120100001000213451915
0825939923499900999299939949290933923493344023999932992290000000110012010000000000213451791
0845999439399333994922949994999992294949999939394499393990000001007014310000000000215432335
0835949309194312111094000434401991904943329134212993214930000001007013210000000000521343103
0835949309194312111094000439401999904943329134212993994930000010010013210000000000521343010
0834949399194314911090900439999999991943399134191993990930000100012013210010000100521342983
0835949399194314911090900439999999991943399134191993990930000000000003900000000000521343350
0834939019399001194944439939130994000999991433403494410490000000107013210010000100521342115
0805241440321320329992092032140991112142144011990490392240000000000000900000000000351424308
0805109330319901129913203114411930422499334249993414000120000000102030230001100000312542353
0845990909292941331109491409133949112219400401940992991420000000000004900000000000451233251
0815299241902331319920190112932999040999193429204933239410010001009011010011000000235143519
0825311229090921234031332993331949900909032914901929921930000010108022421100000000453123603
0825311229390921293031932999091939990909932913901929921990000011005022020100000000453123222
0815394409321021139100244031233929903043141292999324323210000100105021020000000000532143667
0825999920999014422099499933911900299992444320099029131320000001108022020100000000543121910
0825999920999914422099999903911900299992449420099029131920000100009012411100000000543121868
0825999920999994422099999901911900299992999920099929119920000000111012010100000000543121828
0825340422404034423991199210044999492911414392999912012330001000104012110000000000453212043
0805991999139901192199293909090919229299099031099339119091000100009010210101000000325413500
0805900920329994993922332992490192339909240434902492909290000100003010410000000000314523408
0845949490994939999994939322499943002999999999999934349230000000000004900000000000514231588
0835414131919330409322109344410922310232020112912942302000000100008013110010000000145322784
0835911139919339999322129321991922399232129992919999399990001000108013210000000000145322385
0835991319339993191393119099990919990999099991991901309390001000103013010100000000451321794
0805999919999919909993039110021999933999920909993990339090000001008010310000000000324512254
0845949911919034392991999919399949009110449302020440119490000001001014310000000000541233908
0815990192099002912929931199044913122913294999009933199240000100007011411000000000435212013
0814990192999002912929931199090913122913292999009939199990000010012011411000100001435211939
0815909112291221030000240344333999919094420199102293013430000000000001900000000000534212405
0824999311102390009933992912992922910019922999931909019990000001010012411100100001253412527
0825900212100114941934321032992911031999392201043923009140000000000002900000000000453214185
0825213413344204439399204112440919901203102010230331241330000000000002900000000000453123757
0825929901092193932210004221302904113244133301410341444030000000000002900000000000453122965
0845929400043293992942390399993949999903933244202344322990000000000004900000000000215431946
0825099999209112941139390214394992330932412429931994929490000100008012110000000000243512711
0825099999209912949139391294394992330992412929931991929490000010009012110000000000243512438
0825999999249912949939391299399992334992412929931991929990000010002012110000000000243512709
0845949921224140009391999999121993491319400199919194913440000001105024320000000000214532775
0845999999990491949919999999499999990490401419999949991490100010010014010100000000452132428
0825103993090322209229099999091992939040329999099999334290000110007022121000000000413252734
0824901999990422299229099999991992909900929999099999909290010001009012010101000010413252173
0805219131300134301249104402914994391394292199290329100430000001005010410000000000341253531
0835992100032934039122930141422900290429324013129321404430000000000003900000000000251344529
0845230333043343024033004112220999100111422413342121102240000000000004900000000000241533651
0815240013329343023413410399491991091992990410199299394940100010012011311000100000431522318
0814490013939933999414410399991991091999990910199999394900000100012011411011000100431522010
0814990019999939999313310399991991091999990910199999390990000100011011411000100001431522031
0824933913994911949394913394299991429999924199239222419210000001010012411101010000243512712
0845994319942312302291139130020909943443030243999922401040000010007014310000000000154231835
0845990020942444499932901999419994022201240999001999911990000010009014310000000000245134033
0845991941022994919021949909994299042040144991919292999190000000000004900000000000245133618
0805942341043343302933090499442944209099111190433311914200000010010010310000100000321543587
0845949133390439949999999399949999399949999994914311939940000100012014111001000000421532224
0845204402299930243412324210012399033111034491121003021240000000000004900000000000241534496
0805303294423240324412910994103494991190002214024311143130000010009010310000100000351243064
0835144440023232119202913432103930399021201394149440110100000000000003900000000000215343600
0835943042201993104994439992114299943943231099923919931100000010109023020110000000125342878
0835943042291993144994439992114299943993231099923919931100000001108023020110000000125342685
0835993492999993149994439992991999943993239199923999931990000010001013210000000000125342594
0805929902999202999099922299090099999929994929940909994990000000000000900000000000345211668
0805092422033012239929929099911993192291201291330401313090010001002110410011000000314252957
0814991909991991999999909999949990190999191941999419999990010001011011010001000010531241515
0815394132399919143921929490221992393041391392493010939090000101011021020000000000235413263
0814390132999919193921929390221992399031391992393010939990000000112011411000100001235413025
0814992404199929194422219999991929109199944094419219049990100010012011010001100010235143498
0825990004490011349022102412434291099903333399100924224410000010001012110000000000453122249
0825932239219401403023314322024913194394111100103423404010000000000002900000000000243513427
0825094929920033439909992210133949199009244392993934294240000000110012110000000000153241583
0825994929929499939949992213439949199449299992993993299290000001011012110000000000153241935
0825994929929499939949992291499949199449299992993993299290000010009012310100100000153241947
0825309449144909249994999990299949299922490429992999992110000010008012110000000000143251881
0815929031209399191914210429142999394234999932339939321910000000000001900000000000134524039
0825293949993149409114213020921939999232313013914391329210000100107022421101000000123543904
0815139342104130239394349901422999331994022214312004331420110011008021020001100000231542909
0815139342104130939394349901422999331994929214312004331490000000113011010001100000231542929
0815992340439442019130994334120931240194412293139210044020000100105021020000100000231543009
0824949922209992030939394399039993239329203900392049399990000100010012110100001000513422577
0825999922209992099939393399939993239329290990092909399990000110001022020000000000513422499
0835912304144003023142422030423911941209993034442120131210000000000003900000000000142354198
0845032031424210249990004233042432332001311231131412312400000000000004900000000000251434591
0835994299199143992419949229934139991393414921999123313940000000000003900000000000245312937
0845209420142903311902901193032910019042412319094423924430000000000004900000000000542133361
0825122003992433144209294433213909992909391404090233330010000100007012110000000000523142464
0815394021003391909432090943310940199192939993411091332000000001005111411001000000135242464
0835990999920033399993999924494993092209929303999939999040000000105013210000000000541322154
0825499999429992999999209944329904392999929449294994499290000001007012311000100000513422296
0815999244149994194912294999114949249999999999991919194990000100004011410000000000235142846
0835999392993199999990933994499949991999493293999999939390000001011013210000000000251341627
0834999394993199999990933994499949991999993993999999939390000001010013210010000100251341827
0845949100993902039941144211342941102092903399999940423300000100009014310100000000254131786
0845949100993992339941144211342941102092909999999940420300000100010014310000000000254131866
0845949100999999009941144211942941102092999999999940429900000000000004900000000000254132124
0815011139912922909331319990229990139293909992990290919990000000000001900000000000135422954
0824993213923111941129299122444999939319249939392139914990000000109012011100010000243512344
0825993213929111941129299322949999939999239939392199914990000101008022120000000000243512382
0805999902909990299909490290099992992949209999999999992990000000110110410000000000354211936
0845929414990940949929999990409990991999999999440210049090000000000004900000000000425133094
0844992949249909342929933994329909393492294999949999904990000010009014310100001000524132796
0844992949249999042929929994929909290499994999949999994990000001009014310001000010524132232
0845919011939403424999323241221934921244430293910319002100000100108024120011000000142532734
0805490933224312344434319910224909221002002429331341143300000010008010410001000000341523207
0835349044990390494943403009399911390391939011199910199941100110010023421100000000541323090
0835349494999390494913403009399991390391939011199910099941000100008013110000000000541322916
0835919032301412232232312111020901144403403119229294049030000000111013010110000000145323734
0835029322424049992132093930190991023302929399191923019110000010012013010110000000145322898
0834029322121009992132093930199991023302929399191923019990000000112013411110100001145322872
0835029322129009992939993939099991193322929399199923099990000100004013210000000000145322534
0815499993939122191199992319999999999932321999999991929190000100008011410000000000132451916
0805923129023932109209140304431994910224903199302331993230000000101010410000000000315243472
0835329241200493414901240119033923140391123490422049440130000000000003900000000000425314902
0805433902393902094992033999929929309910939109999909332990000100009010410000000000314521921
0804933902393902093992033999929929309910999909999909332990000001011010410000100001314521977
0805993902393902099993093999999929909910999909999909332990000110001020320000000000314521977
0825949030241249010332322921940904320942414999310393330140000010008012110000000000423513372
0845991323120023049391949924309912943922024991311499044300101010108024320010000000452134603
0805930219092932390291919990033939029992033391901992992190000011007120120011000000354123398
0805999399990910099999939344394999930940991939000933449990000100007010410000000000351422182
0835911231199993401044113322130929210441299312240223423440000000000003900000000000145324249
0805404413304092029499393449131991003919193994499402113040000110010020320000100000321452082
0805394999021434240091929100042994199942309991929919912900000010012010410000000000351422828
0805394999099134240091919100049994199992309991929999912900000101008020420001000000351422587
0845999999349994994999999404339949903499909099909993499990100010003014310000000000521431289
0805909999910932199999099392029991999900299919191919300990100010008010310000000000342512118
0805909999910932199999099391029991999900999919191999900990001000109010310000000000342511989
0805913949301009413993394490124093994209210433919999999090001000108010110011100000342513158
0805199019019244129919993009944900939130449491439939149200000001012010310000100000351422398
0805199019099194199919999009944900919140499991439949949200000110007020320000100000351422218
0825913319299991992490032992999129994029294492990919910990000001104122020101000000423152682
0825933324019122442011401940022309223901991300199110344490000000000002900000000000543213583
0825133499244019113913404303402904242329020400391902124310000100011012111001100000523414091
0825133499244019113913404303402904292329020400394902124310000001005012110000000000523414046
0825933342329920209434993220939909949999993990309920999920000000000002900000000000513423587
0815499999909023141410243100334923392321344199922139201030000001005011010000000000534122944
0815999914139994342329990919931999439900121191999239294340100010011011010010100000534213286
0825429920991919209999199199990999242194909922909499912990000100011012110000000000153421383
0825929929991999219999999499999999292494919922999499992990000000104012110000000000153421453
0825229134329140209443124194330902030494110329444201930130000010109022020100100000243152674
0825229144329940209444124194390902040494119029999201991130000000110012010100100000243152459
0824229144029940299444124194990902040494119129999201991990000000113012311101100010243152490
0825999293299933444944930021244993234301114232394099203400000010005012110000000000253412503
0835991329121193999242919419419934449312223323999912499230000000000003900000000000214353591
0835900023293239990002299990999920299992999903023399399390000000000003900000000000412352817
0825911331220140209432310224200991930311324304999913104300000001004012110000000000153243715
0805939332310042144223349242111932304399492939400430140100000110007020220001100000312543515
0845212109191113249920929392140994943433903219149994940000000001010014310000000000251431887
0845211109191900949930939399940994943439999919149994949900100010011014310000000000251432065
0844991929999999949911999999941994941499999999949994949990000001004014310001000010251432034
0835923991939414001913492199913310949329910949991223113490000010011013210100000000152342144
0834923991939414491913492199993311949319919949991223193990000010012013211100010000152342151
0835923991939414491913992199993311949319919949991423193990000010005013210000000000152342149
0845444323430404113222211210023939999099394013413320212010010001011014111011000000214532735
0825992102320939929990009292923999390099390399019299939990000000000002900000000000453212834
0815493932334990240493340341111934021039021230112034492220000100110021421001000000431523737
0815494933333999240993340341111994021099001290119039499220000101008021421000000000431523390
0815490933332999290993340491111999021099001299119039999290000001102021421000000000431523091
0825991919990913999992022032299900992932939999912091331990010001005012010100000000543212651
0824939091099122221129003399991211903112993919392319003990000010009012411100100001253412837
0845909124422004914991129909999999140190449229929999240090001000105014210000000000245132837
0845909124492994914991129929999999140299449999929999949990000000111114210000000000245131660
0845940411440099999110949192920999009490999991011999940140000000107014010110000000452132669
0825929030992323293320133104413944009400231290244444131430000000000002900000000000523144097
0835909999422199339991999933402099099994099093493992233940000100010013411110000000425312884
0815034029149311109099491214993902443122923044424439313300000100108021020000000000234153967
0815394090912012909441933042090939341214230220914204313410000100004011010000000000234153963
0835941924042132431991121900494941323213033222340090991490000000000003900000000000254314511
0834993943921949399944192499992439223294499323949192999930000011012023121010010000124352800
0835993943924949399944192999992439223294499323949192999930000010008013110010000000124352880
0845939119340133149990043403422999094193240211334019332020000000000004900000000000451233787
0825304224124313109994343433211200013134023100422401341100000000000002900000000000413252509
0825942439004144220144949000339929920332012392393941401910000001004012110000000000423153950
0805992241399991213003430233001944432299933243014400342410000010008010210001100000312452554
0805992141399999999003430233001934492299933293094900394410000010101020420000000000312453127
0805992994093119922012419994992999934094100319994049419000000001104020420000000000321453710
0845992330130123322201139032413902023340304094041094441220000000000004900000000000452134015
0815940291919214990922949909900949199119299994129991424491000100004011411000000000235142419
0805911911420334441249034334200919221291932102944229000930000000000000900000000000354124123
0845499999393492999499394990940999914999999949990094999990001000111014311110000000541231592
0824999199994421399911249993393991222243423939919323914390000000109012011100010000253142115
0825999199999924399911239993393993222299323999999329999990000000101012110000000000253141810
0835099293094432119191202949993990903231913199091030441230000001010013110010000000214353502
0835099093094432119999002949993999903231993999991031441230000001103023220000000000214352700
0835099993090232119999909949993999903931993999999931141230000010005013210100000000214352573
0825939319093292210919939199139901019193329319311022022990000110007022020100000000253413714
0825991191933912092199999129292999993990302093912303930230000110004022020101000000253412780
0825329399032202002911303394442139320999440199999999249940000100105022120000000000243512747
0814449441109402914224999049990911209422201910299092041090000100012011311001100010234152365
0825991120242931109944242493400913100319232093440933921900000011009022020100000000243153236
0825991120292901909949242493410933100399202999444943921990000000102012110000000000243153750
0844993292324429099909234049394922924220999009020434009990000100011014110111001000215433364
0845993292324429099909234049394902924220999099020434009990000000101014210001000000215433589
0845040304324921219999992993030999099421404191393949214100000010101024320000000000214532536
0825322344440911094932123940930941413994912293199924429930000000000002900000000000253143002
0825933491410334224932994122002999999413001449319924423330000001102022120000000000253143718
0805992990134014319901241909324999112044123121992304300340000011002020420000000000345122937
0845993040123314439204990142103902419321024042339901330320000000000004900000000000451234007
0845944999949914499499999913314999490991019999999999999990000000102014310000000000412531556
0845910999299914099149199994099149091994219999994129924940000100009014110010000000245132215
0835292449149300433394949019339929999999441999299993910390000000000003900000000000421353243
0835900309040494934000999993499394393999903999943940994490000000000003900000000000512342503
0845999290999249244309990944992994909499999994990909992990000100007014310000000000521431847
0845999290999049944309999944992994909499999994990999990990000010107024220001000000521431594
0825399349999999299329429339191939302213991939992229939990000000000002900000000000123543449
0825393199012909399131901112992930994413139232912494992920000000000002900000000000123544022
0805399499934999219490099042091999409994029999099939209990000100009010310000100000321451711
0805999499934999299490099092093999409994029999099939409990000010009010210001100000321451764
0805999999934999299990099099099999409994029999099949409990000100003010410000000000321451489
0825444943023343123494012400413920293429300390009240932310000110003022120000000000423153142
0825399923934094922001942312493903049442921309909093244300000000107012110000000000523142854
0825399902999999929932499009923999990294949999939220024990000001005112010000000000253411559
0825399902999999929992099099924999999290909999939220929990000010109122421000000000253411376
0815991999194999919991991999391919999999399999929999991990000010010011410000000000132451923
0805300104412424231240430921043991911934220942119133233090000000000000900000000000351243142
0805909199112019930921214992149990211292330490990229934900001000112010210001100000352141572
0835999344903999999991490949919439130943999399110043034990000000000003900000000000541323043
0844949394900993433994904999999999999093449999994939993930000001008014210011000100514231540
0835991134499934199999132942499999199994939399393239992910000001002013210000000000154322324
0825009094990901203349299191333922243304004199449299320920001000112012010101000000153422679
0824939499991999293999299191993922299439339999949299929920000000111012111000010000153422027
0835999413129231409049334394199999193499439944999149994030000000110013210000000000421352716
0845099931199094039094140001033904400991224413999399999940000000000004900000000000145234135
0845994949399999394939999934949993994999399994399999994990000000000004900000000000512431443
0805303023311244110209924410411420934991429399203924232100000000000000900000000000315242682
0805992009999009439222990949999949999991999090229940299990000010005110410101000000324151888
0805919092104432412221309411333904291221033199299101224000000001105020420000000000315243238
0805390219192499442220999029993940094131012393991302240940001000104010410000000000315242051
0835942920330039499402299340009944999334990099929393999990000000102013210000000000215343362
0805321429990091001949992002394431199421013219219099991390000010012010410000000000345123953
0804921429990091001949992002199411199421099219219099999490000001012010310001100010345123782
0825999929299244999219119929299922119199999999999991994990000000000002900000000000253141693
0835922323919991999329319319391922912199921992992313912990000000000003900000000000145322157
0835929339199942999399913944924923299492232943299999949390000000000003900000000000154322135
0815394409220291913349439293999944194991902099409211011230010001007011411000000000432153244
0815309999309992303211999939110999999929910031922991212320100010008011311010000000234151959
0845423022339094449123414019021919401193330322924120133030000000000004900000000000415234252
0845192230121942342004024240310990334122914309321323991410000011010024320010000000415234131
0845199230121949142204024242913990394122994309323393991410000001011014310000000000415234133
0845199229121949142204924242913990994122994309099093991410000001104024320000000000415233282
0825143104033030021312002344112939941204419944019099322210001000108012111000000000123454554
0825393992912120003439392314100934904142102499330224411040000010004012110000000000123543064
0825939999119992919994994492492399929129332934299239944440000000104012110000000000123542835
0805492102919031009093123911103929239993903229019999992990000110008020420000000000314522788
0804392102919091009099123919103929239993909199019999993990000001012010410000100001314522530
0805392902919091009099123999109929939991909399019999993990000010009010310000000000314522234
0825990902011303429939312321424923199123401099999920340030000010002012110000000000453122408
0815913920923119119233012424494939322499999244391132224990000000000001900000000000132544486
0815949999192992913949339941130219934139030990994092120010100010007011211001100000132453830
0805991319124994333091994399239909929329209099099990012040000000000000900000000000354123619
0835432040144202432390409213204999203940112239041319991390000000000003900000000000514324362
0825990999432199332002324912902920942931149394949344094310000001001012110000000000513242870
0805993010221210199911909921299999910993992903999390999090000001007010310000000000351422106
0845011913114232242999993431040293993212423019999499499420000001005014310000000000241533647
0835344494093941932999329290990499903049393949999924932000000001013013110010000000412353190
0834344494093940932999329290990499903049393949999924939900001000112013210100001000412353260
0835344494093940932999329290990499903949393949999904939900000001007013210000000000412353363
0834909939993399194994990114144939000390949394903919093990000100011013210010000100512342327
0834909939993399994994999444999939000390949394903909093990000010007013110100001000512342326
0815914424912310109914212929333999924991929391999943394030000001010011010000000000235141981
0815914424912919139914212929339999924991929391999943394030000100009011010000000000235141960
0814919499919919139919414999499999999991999391999942294220000001011011011000010000235141254
0815919999919919129919414999499999999991999991999942294920000100003011410000000000235141234
0805939399931919003299931192999923039109290302290903291190000000000000900000000000325412718
0835193099999999991399911030999900909930909991939939399930000000000003900000000000521342307
0845999349994999999399939122394999249944931994493991299190000010001014310000000000142531577
0824929249429992129999912919919999999994994999999129129990000010002112310101100010123541669
0845494449942230909111411923329919921003209222999239241490000001004014310000000000154232863
0805994041022930309144493129110943013293011999431999931200000000014100900000000000314253596
0835922929203040219433931341140901342411404420220323421100000110005023120010100000145322998
0815494903131002393201039041244939124199329913429140930340000000105011411000000000531422942
0805943999499930999999999099993999000991999999990090994490000001103020420000000000312541985
0825114394914121214304042900132933429211021394494900490320100010010012010100100000523144269
0805994949093939099994999990099909999939999909949909993900000010007010410000000000321452103
0805992942213442329399103212320919134311249490940200010110000000000000900000000000321453887
0845102249022211099190344432919902430231331334990912429400000010103024320000000000214533315
0815294219499943900043193942339929412913223112922994932110000000000001900000000000134253956
0815949199412443239241049012911121993240442049400002339330000010001011010000000000234152297
0815149991219999294999992199214994939991329999912212399330000000101011410000000000134252355
0815912991931221999919999999993999333912299912399919999990000100104021220001000000234511540
0815101440300404124229139033214912002324234399909939192190001000113011411010000000534123028
0805999994219990099992910294422904409940102991991094999990000000101010410000000000352142868
0805944994009940999499999994009194999999409999040999999990100010009010110000100000342152940
0805291194199991190949421999999994920099990901049091299040000000000000900000000000352142923