0135999929999929299929999939999999999999999999999999999990000000105013210000000000435212000
0125994009909199999409444999999999499990219999999949194990000001002012110000000000532144000
0104993999939920999399992299939932923939999999999229999990000010003010410000100001214533000
0145999923022399192022999002911990003002901320339993334290000000000004900000000000435125000
0115999299999999999299929991999999999999922999999299999990000000000001900000000000425312000
0115929242240090999999999099999999229140499999249909499990000000000001900000000000325144000
0115929494224319394999949922093492924999399309299492940230000000000001900000000000523145000
0125999919999119999999919910999991999999099999299999199990000000000002900000000000352413000
0125919944490093919199499409949919299419999999499931941900000000000002900000000000352145000
0115930029939909942992249190949999999990990000990999999990000000000001900000000000523415000
0125901099919939999990991990999999392919990991999999999990000000000002900000000000352414000
0125930031104904410199999991999909901999904431931299909990000000000002900000000000542315000
0135999999994999199909911199991949999199394949999499199990000000000003900000000000431254000
0135909990909099999999994099939999099999999999949999449990000000000003900000000000531243000
0125931999999999999994493903001999999929911393919949090030000000000002900000000000342155000
0115999399333939993999999999319399999999999999399999999990000000000001900000000000423512000
0143999999999999999999999999199999999999999999999994999990000000110114211110010100341522000
0125999929999999999999999999939099999999999999999999399990000000000002900000000000412533000
0105994332999999999499992492994949290929999999299929949290000000000000900000000000213454000
0134999999992243999999999992999999992299999999492999999990000001002013211000010000415233000
0145949999909990990990999999999999999999909999929999099990000000000004900000000000435123000
0125940004919999299990999194949994494991999499990019999990000000000002900000000000352144000
0125994919999940134999919999393904443000942903991309903090000000000002900000000000432155000
0115999999999999999999999999939999999399999999199939999990000000000001900000000000123452000
0125993994414433999949939999999999999411493299939391399990000000000002900000000000142354000
0125914341394949999114933291999934149949933934111949393990000000000002900000000000152344000
0105992233999994999929929499994934939039444993999999999990000000000000900000000000214534000
0105939223941994413922943324134223343942901939294922419990000000000000900000000000215435000
0145999209023920949090990399999993929902939929993229992990000000000004900000000000315424000
0125999993993999993393099999929909993999999999999999399990000000000002900000000000142533000
0125993099099393990999090190991991119999999999903399092900000001002012110000000000542314000
0135999094942991949990490901329990902920999990944421019920000000000003900000000000513245000
0135990999993009499999999999999999999999949992999999944990000000000003900000000000315244000
0105911493199941999319999949990914493999919999999934999490000000000000900000000000251344000
0105419943994299239919313429999999929929990999911129494290000000000000900000000000251345000
0123999199999999999991999999209999999199999999999999999990100010010012411101100011452133000
0125991999199999999391913391999999999999919939129199999990000010001012110000000000342513000
0105992991991999099991229999999991999999991199999999199190000000110010210100000000243513000
0135929940999949999994900299999999043299999929999499049990000000000003900000000000314254000
0135999909999099999999999999939999909999999999999999999990000000000003900000000000514232000
0134990990999904994949909999909999999999099999999999399990000010004013110100001000431253000
0145929999999999999999999999999999999299999999999999994990000010005014210000000000435122000
0125909330949911319931340433311931144999949999990424999910000000000002900000000000312545000
0105999932999992399233329293999993913099999993993999299990000000000000900000000000234514000
0135999999939919499999091994999990999999999999999499199990000000000003900000000000531244000
0135994909199999999999190110499499119499099909991993999400000000000003900000000000451234000
0105324349992994229443999399999923399939294039493992994990000000000000900000000000213454000
0105999444933399999493932999293999929499292999424949099990000000000000900000000000213544000
0105999911444911321999934499932939993919999191931934299900000000110010210001100000241355000
0115999999999909999999999919999999999999999999999999999990000100001011010000000000523142000
0145990090032990990322012929991921992393921493009112910910000000000004900000000000415325000
0145919911929933999999992994322999999999299999199199999290000000000004900000000000154324000
0145999999999999999999999999914929999991999999999999999990000100011014110010000000543123000
0105914399911249199432993249499913392999039999993939219430000000000000900000000000231545000
0105392999933999939999999223999929329909339999999993999990000000000000900000000000245133000
0115949999499413099949999939299994999999029949099494499990000000000001900000000000321455000
0115929999991399493999399992999499299939992292999292999990000000000001900000000000324154000
0145999999999999999939902499099999999990999099939999999990000000000004900000000000415324000
0145999992929999999909999999999929409999999999992992922990000000000004900000000000314523000
0145999333939099993009039091999991393999949909009999999090000000000004900000000000341524000
0105999999999999999999999999999999999909949999499999999990000000000000900000000000234152000
0115994949099990999094499999099944990999499992019949099990000000000001900000000000423154000
0115939499992343994491420903490949392322299999949949293440000000000001900000000000523145000
0125999999999994419999399999999999393909999939929999994990000000000002900000000000532415000
0145291019004921393291019019999939993999393931090111329390000000000004900000000000451325000
0135999299992200439929290090929904299294209999499249999990000000000003900000000000514234000
0135999032499994990409941191992949191999949994924192919910000000000003900000000000415235000
0125994939099939949999940999999939314999924994449191919190000000000002900000000000432155000
0105999399999909999999999999999999999999999999939999999990000000000000900000000000234512000
0125999199919949999911111199429999999991999999999919999990000000000002900000000000152343000
0105999999999992999992990999999999999999999999999999999990000000000000900000000000243152000
0145999999900222999999199009499999090199099909929992209990000000014104900000000000435124000
0145990192999999299919999929999999990919992999909990399940000000000004900000000000453125000
0145930999011322299939399100929190019339223219399991311940000000000004900000000000351425000
0135999292999449999929299994009992329999990999999494999990000000000003900000000000314254000
0135999999299004999999499929499999909992090399999999994990000000000003900000000000415234000
0135999099990999999029990999993991999999949999929990909940000000000003900000000000513245000
0105921392399393999392910319919912923993999913222939999990000000000000900000000000235414000
0105922393929399999939992999244922032424999994399249499940000000000000900000000000234514000
0105999999999999994944999999999999999999999999999994990990000000000000900000000000215432000
0105199929919192499999999999490991399939311999919999911440000000000000900000000000214535000
0145922199012229310999990992399992929999934999991012993990010001010014310010000000145325000
0105990919999999999999999919999999299999999999999999999990000000000000900000000000254313000
0135909999999999299999994929999990999999999999999993299990000000000003900000000000413254000
0135992429999999934294999909999992294994922999294429499990000000000003900000000000314254000
0135999999999929999992299999999999999999399999299999999990000010007013210000000000315242000
0135909092244942992909220234909920049099992924909999499290000000000003900000000000513244000
0135999999999990994999999999999999999999039999999999999990000000000003900000000000513243000
0125994499499994994944099999999090999999999994499492999990000000104012010000000000432153000
0125999999249999999999999999999999999999999999999999999990000000000002900000000000542132000
0135990001994499499090944943099909991191999999999900990190000000000003900000000000431254000
0135999919199994999499191994999999999391999999999999999990000000000003900000000000341253000
0105991133421999929212934224291920392449992419999299994990000000000000900000000000251345000
0135099299994999999999993999499999299999949994999949999990000000000003900000000000514234000
0135949999999299999999499399499999999999999999949999994990000000000003900000000000315243000
0115999409499999999999999393194949999999099994999499309930000000000001900000000000124354000
0105924294494991991199110949999941929999194914921499999290000000000000900000000000253144000
0105911199999999999991999999999999999099999991999199249990000000000000900000000000245134000
0105999921299499999299929249999999299990919999999999999290000000000000900000000000234154000
0145999999999949999199999999999999999939999999999999999990000000000004900000000000143523000
0145292993139310199912393991331992999933203091229193914000000000000004900000000000513425000
0145999999999999999999999199999999999999299499999999991990000000000004900000000000134523000
0105929911999932991921199231930999939229929919113922922190000000000000900000000000241534000
0135919991991999904919149909090991199999999919999994999310000000000003900000000000154234000
0135999499999349999949999999999999999299999999999999999990000000014103900000000000351243000
0104992299999929999999999990999992999992999999999299999990000000109010410000100001215342000
0135999999994992999999999999999999999999999999993999999990000000000003900000000000435213000
0135949902924242990099940449094229993900999922942909094990000000000003900000000000345214000
0135903999999999999999999999999990999999999999999999999990000000107113010000000000314252000
0105499949999999949922999909994993999999999999349999499940000000014100900000000000243514000
0105943392999913912239299393499929494493991999944343940930000000000000900000000000215345000
0105992449999949994929999999999949999999944994099999929990000000000000900000000000235143000
0115992004492920999202929990999999949049909992929994992190000000000001900000000000325144000
0125999999919999999999999991109999199999999999999999920990000000000002900000000000542313000
0115992992243394992003993992399939933999942249099903939190000000000001900000000000425315000
0104999999399909999993999993929939999999999993339999939990000100009010410000100001243513000
0115933999993999999999999399939999999999399139993993999990000000000001900000000000123542000
0115994993999999499999399991499999999999399999999999994390000000000001900000000000321543000
0125149120991444913493190999991940919413393013090993149430000000000002900000000000512345000
0105991142929219429313333229999934441992490931341224139930000000111010310110100000231455000
0145991999991990991999099940909999009999199999991999999990000000000004900000000000543123000
0125999999949999999994994999099099909999099999999999999420000000000002900000000000542133000
0125904494901409003940939011913993211939140319901930941100000000014102900000000000142355000
0115909999999949999333922299494993330049324903993909001490000000000001900000000000521435000
0135999990904990499093099490999949404929949999990229494990000000000003900000000000514234000
0125999949999999919999994999991999999999999999999994499290000000102012110000000000542133000
0125990999099999999999999999990999999999999999999999999290000100011012010000000000352142000
0125199999999334049999909940323999999909104999490909919190000000000002900000000000152435000
0145993399399900999039999994919999999909099909999099999910000000107014310000000000531424000
0145999099999999999999999919999991999999999990099999199940000000000004900000000000541323000
0145919233112919992292913919949922311212999929219999999190000010005014310000000000145324000
0145029020301299992111393930399991122022039399092921139490000000000004900000000000145325000
0105993349399999999131991999999911399994344419314199143090000000000000900000000000241534000
0135949494424102294949099491929991490291103241109109092900000000000003900000000000143255000
0145993092092112932009919939349909291129992992010201999920000000000004900000000000534125000
0134999299199999999999111999999992999999319999191999999990010001009013110010100001354213000
0145029090999929099999999999909999999999999994999999999990000000000004900000000000145323000
0105922929919929994339999949999999219909294294999999999940000000000000900000000000234155000
0145923019192912233090911993300929139090332290900091942130000000014104900000000000354125000
0105992499493139909993319939922444931144993944399991939490000000000000900000000000231455000
0145999294090292332999919099939999210999990099299999999290000000000004900000000000354125000
0135999999999999939999999999999999999999999999999999994990000000014103900000000000145232000
0125999999991191994999900913391999099929919999999999191990000000000002900000000000412355000
0125999999900901991999399999109993999901199999199992990990000000000002900000000000342514000
0125904949033019143993191490309099999439134293949999999990000000000002900000000000342515000
0115949999942994909942992999949922499922429994299900199990000000000001900000000000325144000
0115999999929290990399900029093999099299103399999999099990000000000001900000000000325144000
0115999299999999999992990999999992209222990099290929919990000000000001900000000000425313000
0145933309939920299330993209999929909999993292009934999990000000000004900000000000513424000
0145999099919903310210922921193909199023439399919229093990000000000004900000000000534125000
0145901990992929919922914919999999999991999992999092999290000000000004900000000000415324000
0125999199291999999991999999939999999999399999939999991991000100005012110000000000152433000
0135999449999999902949992921199444929900210999299493912990000000000003900000000000135245000
0105999999999949992939923914499993421231244433390399149320000000000000900000000000253415000
0135292999299999999994999999999992999949999993999994499990000000000003900000000000543213000
0105993999999199999099999999999399999999999993999999444990000000000000900000000000231544000
0105292911991921999939399444249933199999999999919933914400000000000000900000000000231545000
0135494990949993299994449299294999999499949999904999999990000000000003900000000000415234000
0135994949999099999049994999493949949099999944999999099990000000000003900000000000413253000
0125993930933999929393999994994999099999999939999999349990000100009012010000000000152434000
0125999939339409393993999999999933493999909999999999329990000000000002900000000000312544000
0145993009019922992902394193039900309999203933232939909120000000000004900000000000531425000
0135999913949199999999999999999999999999999999999999999990000000000003900000000000135243000
0145999999929999999992999999949999999999999999999999999990000001011014210000000000134522000
0145999921939129291399299923199939913249129933211992219990000000000004900000000000143524000
0135992999999499999949999399499999999499499999999999999990000000000003900000000000314253000
0115939099999999999930990999993999309999999999999303990190000100002011010000000000524313000
0105999199999229939199191299999911999993920999191299999990000000000000900000000000253414000
0105931212992924999992999120999929999199199939929999391290000000000000900000000000254315000
0145919999199199922299191999429999999929919199999999999990000000000004900000000000145323000
0105949299999999999999999949999999499194942291299999194090000000000000900000000000215344000
0105929492299994999999999494199994129919999944499949099990000000000000900000000000234154000
0105992999949992999299999999999929192999999944994249290990000000000000900000000000234154000
0135909492099009929999093499912944099290099199999999411990000000000003900000000000531245000
0135922912214209292144019114904999991949999992942099399490000000000003900000000000154235000
0115933099390909292039999990019999939999393293999099999990000000000001900000000000523414000
0115399939993999329493999229129909939029999993999432299940000000000001900000000000423515000
0115992999933344999299999939349924949999942123494324942990000000000001900000000000123544000
0115999944993929429942299999991299433993299999929992999990000000000001900000000000124354000
0115999390999994913999399499904999939949993999992999394990000000000001900000000000123455000
0145999099999099991999999999199999999019999499999991991990000000000004900000000000451323000
0145919090190293429909999390039993291999929291901122999390000000000004900000000000351425000
0125940039393909999339939999399940094992999993399999999990000000000002900000000000432514000
0125999999924099999499499999999099999909949999999999999990000000000002900000000000512433000
0115049999099419490990990920909499994492909099909999099990000000000001900000000000123544000
0115999499991999999094499944499999999949999999499999999990000000000001900000000000423153000
0145993933930390291999931339029929393099191043909199999990000000000004900000000000431525000
0125999949499999999991493999909994399099990999992943394300000000000002900000000000312455000
0105999499919149993149991499999999499902133999999991412920000000000000900000000000241355000
0135922290910094990990024122299900490404499999999999499930000000000003900000000000534215000
0145990939299139999929393949291992990911912322910992312930000000000004900000000000345125000
0105939939991999493994399440919999399999999919991933999910000000000000900000000000243514000
0145999999099999999914999199999909999999999999999999919990000000000004900000000000431523000
0135999999994499999299994999949999994999999999993994999990000000000003900000000000541233000
0125911491301004993149413940102144939490399431413339091300000000000002900000000000132545000
0105999199934914999991999999999999994999999999999934334090000000000000900000000000251344000
0115999399993999499399944393244999939939999999199993299990000000000001900000000000423514000
0115992999293249322002332399924923043993439932244994199990000000000001900000000000123545000
0135199999929499939991999494199999999999992499919199949990000100010013210000000000145234000
0135999949229914499999999999090999929949999492929999949310000001009013210100000000154235000
0105999119999299993929999199939901919399999939311399113990000000000000900000000000253414000
0105999193992909199999999999993999999993919199933339929990000000000000900000000000253414000
0105999999993999999999999990999939999999399999999999999990000100007010310000000000243512000
0135011119994949999199994999219991921394994999941999491990000000000003900000000000154235000
0105939494949939999114199939999943190999499933449199331990000000000000900000000000241354000
0105943944019999949339942999992993994941942993999993994990000000000000900000000000231545000
0125914304000930293344493331410131949040991191341199994000000000000002900000000000132455000
0115933009939039299494499499999943449994933913999933949390000000000001900000000000421535000
0125909400099999399403343904920994349990399499999999099990000000000002900000000000312544000
0125990903244999999493349994999999000499099099993499939390000000000002900000000000512344000
0135992990299014999219499199999912929909990999991993999990000000014103900000000000135245000
0144993301399999193090399090199993991099411999991999999390010001009014310010000100531424000
0145900033992309193990999000291999999230191939399224313990000000000004900000000000531425000
0145922990999091499290909219199919909029999991199099909990000000000004900000000000354124000
0144991199999921999999999999999999999191499999999199992990010001009014111010010000435123000
0145999919999999999999999999999999999993999999994999993990000000000004900000000000143523000
0125939994409949903999999099949934029099999099939499909490000000000002900000000000142534000
0125943193419914199393990909404939933914139994492391119940000000000002900000000000412535000
0105919229919992909919499919491999199999994999929919999490000000000000900000000000253144000
0105944949999919099119919999999119919994299299999199992990000100011010410100000000245134000
0115994999990944939994949919999999099949999949999999999990000000000001900000000000521434000
0115994449299991039999999999999949999999900999499990939991000100010011411000000000421355000
0125949499199049940009999490499949999999992900499099999990000000000002900000000000412354000
0125904909994499999910941999992999999199491199099949999440000000000002900000000000532144000
0125943399499999949934499999929999999499949999439993939990000000000002900000000000132543000
0105991191909192993999999912999999944199999991994929192220000000000000900000000000243155000
0125904990094933999339939999999990904999999999099493400290000010007012010000100000412354000
0125900990990999949999949993999930040902393993999909999490000000000002900000000000512344000
0145999129299999909912999499929999299999900099999999999990000000000004900000000000154324000
0145911192999999999229091999919992019992199992109999199940000000000004900000000000345124000
0145991999999994999191999999999919999999999999999999991190000000000004900000000000453122000
0125999999999999999991999999299999999999999999999999999990000010007012110000000000132452000
0115999999999900999999309990099999019009999999999999999990000000000001900000000000425313000
0135999499992919224149494919024994993929990911199419990990000000000003900000000000351245000
0145909999994999290999999999999999090990992929909900990990000000000004900000000000514323000
0125913494119493999339301009933914909440991991094013231310000000000002900000000000152345000
0135491440109992991910999991949991999909423294091999444190000000000003900000000000531245000
0125999999144999999419999990999994999910994999999924909940000000000002900000000000452134000
0125999139311399993992999199499999199999944999399913939990000000000002900000000000152434000
0125994493949993994990994991439394943939399299999994399490000000000002900000000000142535000
0105939999934993199999994439119999999994439099999999919990000000000000900000000000231544000
0105999999993919949114992903919912999299199919199999119990000000000000900000000000253415000
0145921209991903903190293199409991921109019039192930133900000000000004900000000000153425000
0145900099190129299409999922999999929290009992992090999090000000000004900000000000345124000
0125994009499434993409499934949993930999392493399949933990000000000002900000000000512434000
0125149099999499903490091939991999993993099199909900029910000000000002900000000000312545000
0115999299999449199092992909999909999299999999929990099940000001013111010000000000324154000
0115909990099949999999999999499949999990909909999910999990000000000001900000000000523143000
0105929992999990994999999999999299999999449999999499999990000000000000900000000000215343000
0135999499299994999999949999929994929999399999922929492990000000000003900000000000413253000
0105999919999999199999999999999999991919991999999999999090000000014100900000000000243512000
0115999999999999999949499999919299999939933999949999993990000000000001900000000000123454000
0115994999999999999999499399299942939999444999993499399910000000000001900000000000123544000
0115929399949999999994992394494399999299932144999229943490000000000001900000000000123544000
0145090330929391119399032929123919009992014099119999999990000010004014310000000000314525000
0115999999994199499999993999999999999399994999999993999490000000104011410000000000123543000
0145999909999999999090009119992999099919224999999291212290000000000004900000000000543124000
0145999999999999999909999999999999999499999999999999999990000000000004900000000000354122000
0135940909209422434294429999299229099949099490904999049990000000000003900000000000514234000
0135991999999999999040949929999990944920499994949029094930000000000003900000000000513245000
0105999199999919999919999991999119999999999999999991119900000000000000900000000000245312000
0115399244994999919920393429999993499422229299339949999900000000000001900000000000123455000
0135949999990493999999999999994999999999999949999949909990000000000003900000000000413253000
0125999199999499999999990090999999999049999299999499994990000000000002900000000000352144000
0125999999999999999299990999999999999999999999999993099990000000000002900000000000532143000
0125999349493999999399999999999999999949929999993999999990010001005012410000000000142533000
0145929999922090902290002092999999299999999929949999999990000000000004900000000000345123000
0135999992949909999429999490999999392499049999999999949990000000000003900000000000315244000
0105919999999399999199939999990999999999999999999999399990000000000000900000000000243513000
0144099999992392999929393293904999399299099999033929993990000000112014110111001000314524000
0145999393923094999939293903302900029290339999399920292990000000000004900000000000314524000
0105999929299999999443994493942939999992999994049929293990000000000000900000000000234514000
0105931993132929232992192911019949943312231199941939999390000000014100900000000000214535000
0105922322499119992323932291399933499399099129919439943910000000000000900000000000235415000
0145993999199399009992999999109999999992299999991229993490000000000004900000000000134525000
0105993923299999432929929349929999339909999949293249399990000000000000900000000000234514000
0115900909919999399099999999990999999999999090909999999990000000000001900000000000321453000
0125991393103040149341200191300991034430404104999994911130000000014102900000000000132545000
0135990990941991219194999449223940909409049299911910299920000000000003900000000000531245000
0125930999490194491013132330419999311409199101339949019940000000000002900000000000542315000
0135999904919999919994491949199499419999439999941999999990000000000003900000000000431254000
0135909949911129129940990240942992092149999219420009203190000000000003900000000000341255000
0125999909903919094940994933393994099194234340909900194940000000000002900000000000532145000
0115999290994009492290924940994929999990919999999999499990000000000001900000000000324154000
0115999994994999910904449999999994499994999990090999990990000000000001900000000000523143000
0115943430390309399490913993099904933049999949909949990900000000000001900000000000321454000
0115929209929999209999999422290999999912904999999999994990000000000001900000000000321454000
0115999999220999992099929992429900041429449942990429909990000000000001900000000000524134000
0115999999999999949999991999999999999999999999999999999990000000014101900000000000124532000
0125991444910991934099091439993999909901213940491911194900000010003012010100000000142355000
0145999099029991999992109901209919994903020291909199033920000000000004900000000000531425000
0105929299999922999992999909999992999299999929999929999990000000000000900000000000214532000
0145109992199399109999990399949999099993009919999123191200000000000004900000000000314525000
0125110499993099999094990090999939909039290193999999999490000000000002900000000000512345000
0125999219049999999994999499940999999999910999449994091990000000000002900000000000452134000
0135994249919929922091994942493919999929299192999999922990000000000003900000000000134255000
0135999999499999299999999999999994929994999999993992199990000000000003900000000000134254000
0124999999999399939999399929999999999999999999999999999990000000105012110100001000142532000
0135909129499994090091000109914999929113492991909999409490000000000003900000000000354215000
0135941121999991199909092320194929922920092999909290299990000000000003900000000000435215000
0135991910901191490124409094499901101109999999099939999990000000000003900000000000451235000
0135991019999099999911093999949999999900099999949999099990000000000003900000000000543214000
0135999192299909990021999931099912120209099920909999111990000000000003900000000000451234000
0135999910999992999999994929949991909299929291909999299930000000000003900000000000453215000
0105923992312999042339993444944922999999941322999319929190000000000000900000000000235415000