0525999999219243439939993940900999099314313299011199299230000000110012110000100000431254075
0525390039443142329939341094423939990039423149999999919240000000000002900000000000451234864
0505999219944421002221924404310929199909343999199924191390000000000000900000000000135244795
0505922494330949329119939304093914194419014493431093919320000000000000900000000000153244056
0505991491390213001194129999409919940992422494199492993930000000000000900000000000153424642
0534929999939999199999999999999999999993993991929993999390000010008113110010100001534121309
0505994999499991294999992399090999992299999999999933001200000001011010210001100000123543744
0525900041044999329099102992412949041901342149999949949010000000000002900000000000521434493
0545999299249121099299929992944999999999911999949200911410000000000004900000000000425313477
0515999990929244919409999091909909999199090194049902901920000000000001900000000000315243836
0525149934403031220309094039939909999993399993999290919220000000000002900000000000541234848
0505299429919432099339924304419993299994213099494099122100001000107010210001100000135424580
0505999999990999009999999999999999499499033999999099999990000000000000900000000000124532227
0515933300202220414991309319232993290094999939292230133190000010007011411000000000512434439
0515140423232309394424232939102904424399099990904139921310000000000001900000000000312455000
0545311912123924949199134004090911122223039022934902911330000000000004900000000000354214378
0545993903190099449391199129233992224911024499013999039030000110007024220001000000435215000
0545929301131121422100199932304991099339444199999919993910000000000004900000000000534214909
0545939994939199499990944919132993001901122439099991991190000100010014310000000000532413764
0545993193099222293111993419934999994014193093933190292240000000000004900000000000342514704
0545993242300101443999934999011999920393919039092393999140000000000004900000000000423514635
0545090413913990211919409999440920294099930299309222330310100010010014111011000000234513694
0525919190339910903939329991929991912399109399991922999990000000000002900000000000451323350
0525999944912943944919140099292094491199940099020133310320000000000002900000000000251434787
0515929349932941212994994299999999432349212999994993391910000000000001900000000000312454000
0505049132111444404933299922091431133240219249331324131900000000000000900000000000123544957
0535944299191090332929949242903091421421323024194941409400000000000003900000000000235144964
0515992322422923349333040099910990931924941109992209992190100010011011010011000000315424833
0505293994291930093390913999949999932999933999990099199920000010003010410000000000142532701
0535999999932249392000090492943992999999942222920999903430000000000003900000000000523143899
0505199943999499999999919949022999991999992099990093922900000000102010410000000000152433470
0525330919434121949999999990920911999431029994999294241430001000107012110000000000351244230
0525900090499902391940323911949940433410041349494299912320000100104022120000000000521434946
0525919119494430214993304102242994934940329103331990990910000100002012110000000000521344953
0525999994432329939499441199990909902010112299999101099900000010010012411100000000451324219
0524999999992929999999999999999939992939392299999999999990000001009012110100001000451321915
0525999999992929999999999999999939992999992299999999999990000001008012310000000000451322000
0505999999909994399499993999999999994043390993399039999090000100011110410000000000134522284
0505949322229130909994994312391999329323040322934944321101000100012010410111000000145234694
0505942130013939403999112233904922213939191093992299219190000010002010410000000000135424722
0505999344349949029991909990009999991111293999391934423320000010001010410000000000132454219
0505941191219300331142924391940999919119400999299999139390000001002010410000000000152344828
0514999999922941419990992990919999999919499994992249199990000000112011010001100010215343445
0505999399049909909994909999999999390999999333999999939990000000000000900000000000123542915
0545930022223312943911913032099909220993343430910099024940000000000004900000000000425315000
0535999999919299999999993129999919999992939911939399199390000100002013210000000000253142545
0505039924229941111122431419010299331193920194223930944240000000000000900000000000134524952
0505949999992299243499949200094991191113900499999411129920000000000000900000000000134524616
0525993999919099129999104199919399912290040299992990994900000000000002900000000000431524444
0515299923919992104994093349033930293099104299999929901100000000104011010000000000314254374
0505213332412123039121244499900999943430923113291214999300000000000000900000000000152344943
0505043220094192914332939322992919129113991394999023920290000000000000900000000000142534887
0505041139929430039433239211919912290231219322929992191040000000000000900000000000145324940
0525993903449100191309994904422130093391422293333440004190000000000002900000000000341525000
0545990313030919919493121999911949114309994093921399993140000100007114310000000000324513885
0545919999499111449919993999099939994491903019119999911990000001010014310100000000352413270
0535991911399929239044210029912929444999944994094391913390000001009013110010000000432154948
0545419923499920949919933222090999190999904929913292293940010001013014110011000000234514786
0545419999499920949919993222090999190999904999999392293940000100105024320000000000234515000
0545933132324420019002019113011919132312001439993092034040000000000004900000000000324514904
0545900110002233040210114132243999992249039311212099933340000000000004900000000000345214804
0545939133012929041312929191140919934110099029323320400040000000000004900000000000235414899
0545939939919409102992993204999999399313391019931491994421000100005014310000000000234514026
0545991390449021932939920299941921020923201999119901399440000000000004900000000000435214843
0545901919102032440103921303224910103929212493099010314190000010004014310000000000452314996
0525919999119201999939399303923291999399922919399993311990000000000002900000000000351423544
0545999912020294029911993902042921931339402499231909109140000000111014211101000000253414941
0545022999399999909900993499044992994999399999099990990040000001109024221001000000354213438
0535901919999933039999949149399990993914110919991999999920000100109023220100100000453124570
0535999949419392949904939919119941040911193410004009309130000000000003900000000000453124542
0515999992299242190929219231001990932993330429924393243190000100004011010000000000415234888
0505942199012309239929992991099299919029331999991220993990000000000000900000000000145323591
0545993939999042499993399103934919290301004292209409919390000000000004900000000000254314975
0515909999924193310999999923122990999299991999999492399310000000102011010000000000413254792
0515994429919291939292992003191994290494934399294249221990000111005031321000100000314254769
0515929224129939239099919930930999091992291992490290999190000010011011411000000000315244708
0535949199991949290999029924313499499190232200010321043140000000000003900000000000423155000
0535399909094094949043331410439901090499110411999419994490000000000003900000000000452134000
0515392993399990209932090991999992999991312193339399909910000100009011311000000000513423758
0525491413239900029101344099291934193999991209499299093910000101009022421100000000431524794
0525499341149212429999941911999933339949332099331991443200000000000002900000000000341524082
0525214104413010421094199339210909909931112244499404493000000011003022321100100000241534994
0545992931999914999992949493999934319939991139999999319140000000000004900000000000243513426
0505929994991999301919409949993991991119999919910990991900000000000000900000000000154234140
0505933944119991214933429992001999913901313249944920932040000000000000900000000000125344702
0505939490493102119949199931043949199219203199999393224090000001009010410000000000125434350
0515903900324092912294039049411109442909929122943203403490010001012011311000100000413254970
0505291231294304443311120239001931394290934291913329992990000000109010410001000000143523960
0505992992243419109999921929003999333149911099333294940990000000000000900000000000125434947
0504919249999040421999294912990299129490994021219299991990000001011010310001100010153243783
0505221913099999999992199399909929320929309299991399939090000000000000900000000000135423946
0535092149104492330940900191933994900409293410209941129240000001011013411110000000543124961
0535914242112031432213119492120942004949413090234192940040000000000003900000000000453124907
0525939443041113229493439940092999344991999293433031301290000000000002900000000000231545000
0515909344009910290929212099324993231339034130393229391490000000000001900000000000513424794
0515919993999949931099404999991990909904199449099999999910001000110011411001000000512342753
0505919299143304429911193914112993999209993399192219044000000000000000900000000000142354473
0505933302443201104929394212141942913449019139294393322200000000000000900000000000123544901
0545999999499299999191949299924999994993999992999119999240001000111014310110000000245314000
0524999499219413424993494994399991399999932293149991234140010001010012111000010000251433874
0505923933429930919399244299293319210199991291992410239000000000000000900000000000135424469
0525990999909204399993993909292990092339909343999999999290000100008012411000000000541323598
0525014131039949203110114929930941133009944240499931423240000000000002900000000000251434903
0525999093993399299939913993429949991999223294999999949390000011008022121000000000251344575
0535909114992993499900002414310941142291939399999900249340000000111013211100100000254134931
0515999929999919029249999949919999999941999942499199944190000000000001900000000000314253189
0544999900929990499900092292099990994909229994999999442990000100010114110110001000354212301
0545930999321303109322049044114939991910901292921129300140000000108014110011000000234514732
0505399991931124192399903320910999949431211094313022922420000000000000900000000000132454987
0505921199993943302909991122990991990993349299099911231190000100009010410000000000153424026
0535199491099999991299490429933994943012921399490094492130000000000003900000000000432154958
0535194499929119399442929290230090994991310319139911919290000010109023421110000000243154550
0545999119229120034019011992993990990343209449191193492900000000000004900000000000354214109
0505994292299099994999999499999999990999094994999094909990000000000000900000000000124352941
0515929992202941129999993992999991922099990999199294991300000000104011010000000000315242858
0535909211192493230010239349920929014942190219021194249130000000000003900000000000354124908
0545900929299021049029149901094900994999994011991111119990000000000004900000000000453213986
0525999399143230429999939044044999341930434209409903432200000000000002900000000000351424763
0545932109399942049912993929109923031999244090039292024110000000000004900000000000235414698
0545999111099299343221149221341933300994399939230099242930000000000004900000000000234514727
0535929290090329239999949299949999110939993099299399999200001000105013210000000000354123986
0505912241399994044213442941340929231112099221132439112000000010108020320000100000145324990
0505499999919099939991934099340999993999999990993049139990000010011110310000100000145232744
0525994003319321123333900313424903444099441290409400192940000100012012111000100000521434802
0524999949990993224999949039992940942909999449990900924930000100010012110100001000521343712
0535999999929033192099920009333999299099019099999999099990000001009013110010000000325143446
0545900322129011499019023904211909299990991419999199049490000001108024320000000000543214923
0544939299909949999900949943492900990999429909299909303990000001108024220101001000523413311
0545999994909999449339993929919999990992999399999949991340000100011014310000000000534213535
0514922990991919919922929909999999999999999992999191099290000010007011411000100001415322753
0535949001199493994440104132904904240222403299219019320390000000000003900000000000324154907
0535999199099141033999949291949999990499999332990199939410000000000003900000000000523144695
0525310933999992329093041140944909939394292903094314409321000100010012411101000000541324826
0515992939222993999292919149419999999999922929999921399140000001005011410000000000214353442
0505939292041930419199101491931939192939949913994219990300000100002010410000000000132454752
0515394944139334339920022229410294401299934104902239499910001000112011311010100000415234897
0515194242320420919344204043293934439092199234932391293010000000000001900000000000413254981
0515922440430303992023341203193942404390201932032299011390000000000001900000000000412354960
0505914332129909439939999110931991921992394013999991039900000000000000900000000000153244603
0545914991009999913992904031099499199901093119931044039310000000102114310110000000423513766
0544933039039993249999904929492039904349929999392939999390000001009014110111001000523413597
0525499934239999299990000191093990300199119299933232999490000000103012110000000000431524276
0545912111493312490091022303194913200922324491920093023990000010112024020111000000543215000
0545912993331999940219334990092999939419110292192394194200000000000004900000000000354214341
0545019013393120391992122300312299324942023932901391404490000000000004900000000000253414770
0505999900023999902999999119999999993999999992999999922200000000000000900000000000145324000
0525149901011302299944949909922909994391033101199012999490000001009012111000000000531244811
0545909999033299239990999932044493499991199493990990329920000000111014311110000000425313648
0515992099999249132999499229192939099132931132092994493441000100011011010000000000215344616
0535919940013340119919099939239919999493099990949499991990000000000003900000000000452134547
0535992992411000034299922903024942940034114411422499139390001000111013010110000000253144682
0545299909993999049293999039010203999229394192994432394310000000110014210001000000423513763
0515924231909929009443991334991499419102032293933443403000000000000001900000000000213454184
0525939444999999924494909129932949310429931149411293341930100010012012311100100000231454303
0525901944033031300091444102032999441193903241914402411320000000000002900000000000231454987
0525400110439991220031149244344934101013932334919390940920000000000002900000000000451324937
0525949113913400339999993923322999999199419233119209319040000100012012311100100000451234495
0525933190290093999919999290230991192999909999911099999290001000108012311100000000351423446
0545910339432924929019949399339913090993990992399999494990000100005014310000000000432514736
0545909333310194940999009941999999139909091093911439909040000000000004900000000000254313913
0545993303239910429930099999421990219101934013912990434120000011010024221101000000432514625
0525994990994129924994449992992999942391010149993909019130100010003012110000000000321454774
0535990094909922920999909009219929990293931399444299913320000101004023220000000000452134451
0535991929999119999929992999999992992991933322929999132930000000000003900000000000345122995
0535949110392104242210930921999914944449923312212399914040000000000003900000000000254134979
0535299009390114311202410149139921293999042922149490093420000000000003900000000000542134883
0535910999124319941990429412444999990999299340022419319330000001012013211100000000453124791
0535999994999999939499993999499999993994393499999999999490000000000003900000000000354121866
0505032411424002393291419991393922221394314044432091319320000000000000900000000000123455000
0505339239994099912999993993911999239314091023399292099200000001111020220101100000123544061
0504339939991099992999993993991999239911091023399292099200000010012010410000100001123543725
0505339939991099992999993993991999239911091023399292099200000000000000900000000000123543904
0505929999911434092429943319140993434431240993999433390100000000000000900000000000125345000
0505934193141301994999314910919999999190499044199499399100010001007010110001100000132543942
0525931399933341309193490444202990930012292993999030014490000000000002900000000000251344812
0544999999994999499339393394929999939939949999999993999940001000109014210101001000423512209
0515942499239919992949911939999942939942132299429939999910000000000001900000000000214353823
0535999999999913299993949991393999999999329999999199999990000000000003900000000000253142886
0534990499499991994499993399499999999931014199449990994330000010012013010110100100253142925
0525949344049132194414001332232914490999399213130399101900000011012022020101100000241354812
0525934949419992929339934499999993990914942293999909924941000100010012311100100000231544786
0505941134491913994434393403300911999940990933149499991110000000000000900000000000132453986
0515949444499910019400302902902994033193211499999399309090000000000001900000000000312544553
0515993903244000119393020942299940033491414233242394901430000000109011010011100000512344888
0535992192319113339921134944294999120990009011991994094440000000000003900000000000345125000
0525999999999490293199901900422999992991949909999990999920001000112012111000000000531245000
0525990093210109909949990010239943939391921293039939919230000100011012411100000000451234829
0525290013100122024909319214134944913999439109400119930930000011007022321100100000451234878
0525494999212092993040999991992930999139390990909933911290000000000002900000000000521434788
0525990090933190490091342434492993999920341299993133912110000000000002900000000000531424698
0524939030903129191990999331392939999202092909399099193990000001010012010100100001531423619
0525939030903129199990999331392999999202092939399099193990000001002012110000000000531423703
0535902902103014032410209119099919494223943391010499904940000000000003900000000000354124924
0535922999999141941199193493330994999112104422229199204930000000000003900000000000435124843
0534999994149999499914229294929944999149993393492999949330000001011013111010010000245133898
0545999199199109149119949110144919499999999929999999999990000000105014210000000000543213835
0524999490909939204439492904992993929300094993494929994990000001011012110100001000521433524
0525999490909949204439492904992994929309099993999929994990000001009012010000000000521433490
0525999490999949204409492904992994929009999993999929994990000100007012311000100000521433668
0505929919124119401999221499992932120212499233901040299990000100103020420000000000154234632
0505193932914039449113192432190923124192092931911334209400000000000000900000000000154324877
0505939999999493203399999491901993399990999919999944400230000001012010410000000000125433619
0505194923411421919431449130340994912392042239334999201200000000000000900000000000134524985
0525399399934099299490199022492999309991499999499902004900000000000002900000000000321454664
0535902119049441409191299999340111299493993999991200434430000000000003900000000000453124690
0514249939244129319499993999392999949999931199949999919940000100005011011000010000514233267
0515992999290211332999299991219999999232999999999299999191100110007021321000000000415233333
0525994433449332329942414341102999994099101913949439920930000000000002900000000000421354581
0525393144249990991949909994941994120919401293191999423020000010011012010100100000531243949
0535911409001494321212090141343241499021934091024940943900000000000003900000000000452134986
0505999219933399904941999199293999190900993099929911934320000010003010410000000000152434623
0505914414949291421221231929024912113930340393323942204400000000000000900000000000142534918
0545999499091909949114943910912911993999099929199429119990000000000004900000000000253413749
0505929109911993999390999999909931991999019129999999099990000100010010310010000000153422992
0545990240909911240029333022241920931101433312922349990190000000000004900000000000534214541
0525013344012491921349444901199939334919912939330092493290000000000002900000000000231454851
0525991109443110900140990394392999194931112209999423344920100010012012311100100000351244837
0525049944141992999949009992920999199999212949399900999940000000111012111000000000341254512
0505921111939093939129122341390912932292941192993232013000000110012020420111000000145324476
0505931223299920909199994932323924190494224039412443433301000100012010410001000000154324859
0505931229299920909199994932323924190494224039412343433300000100005010410000000000154325000
0505999949994990944994999093049990999399999939999099999390000010002010410000000000123452458
0545322991422099099139043999444123313029113012220301903910000000000004900000000000345215000
0514999999990999099999099999011999091999999199099199999990000100110021421000100001314252000
0504944999499994009949999931103949999994499993399994900311000100007010310010100100134253496
0515400210303032410229994231301922124434304029992304439990000000000001900000000000415234936
0515999429192929990929929299919992994992999122999199991990000000108011010000000000415234000
0545990993300199440309041011992930393399214233020210329240000001009014210001000000523414806
0535442109021940201022990392444910990121214391499902234330000000000003900000000000254134875
0535914224210939939004401012234900400993129101229411991931000100012013411110000000354124849
0535990919942203249129094101919990099119233099999902023340000000000003900000000000453124725
0505999999499993990919199999399399940939099304991094399990000010009010410001000000132452731
0514999999993999949919499949919991399939999999999999199910000000108011011000010000312452211
0545999290499939919994949999919999901991999399090210109440000010001014310000000000523414206
0545031311303220043909923032940919191120991412221910249040000000000004900000000000254314985
0545900922441109029200140919949999193992920999919191209400100010008014310000000000452314431
0505312442419190991322993490300492212434333099221949391130000000000000900000000000145324964
0505992119139949939213230221301121191921929029999202939900000000000000900000000000135424782
0505922241032213149492119999014941414312933992921023923000000000000000900000000000145324853
0545933312302429912332931993499932240990099129929419914930000000000004900000000000235414429
0505999990299190409299299999104921129931319999249431901130000010007010410000000000134524166
0525999990914992229194999904149900999909999499994909299920000010108022120000000000531243783
0524914949199992991419999491992999944299192914411949192990000010007012011100010000341252996
0535941224100321291942901034309412444011941329049029194030000000000003900000000000234154987
0535324922194323034494999213001924419919401142949994121100000001009013210100000000234154520
0535999999999992999909999209339900993909339490929999999990000001009013210000000000523143070
0505999911234242019323029994420919991229230139993392049240000000111010110011100000123454367
0525999930949929999993499419142919304499119299931999242140000100009012010100100000431254871
0525919949914049924994990120929999090149999099911009209290000000000002900000000000341253949
0535999949990999994990991999194999499493910344909993993030000011003023020100000000532143103
0535999919991999994999999999991999999993990394999993993030001000104013010100000000532143027
0515494004322429110224942201333990241999342309009099909130000000000001900000000000514234617
0545903399404134049029934093999990993209219139039322999930000000000004900000000000523414320
0545909929992339990999390999424900949149399499992039993930100010009014110011000000523414410
0535949999302193129049949919992229990044933249044003149420000000000003900000000000234154362
0535999200000013432229929012493992440994943229909999493990010001010013411110000000534124850
0535999940123392099994901424022900914914402300991994392390000000000003900000000000352144675
0535399994991140119990999949999993999914399099994229393990000000000003900000000000432153838
0535401901399232091910111999329940192999992399900139929100010001009013010110000000452133547
0535041102149431234901402909439940001129990340021192234240000000000003900000000000352144993
0545900019199091091909111944949999999943390499919999399990000001005014310000000000543213589