0814919299322993332900301921199212092090919921990929091390000000110011010000100001345212249
0815919299322993332909001921199212092090919921999929091990000000105011010000000000345212348
0805909109999292910900999929499990129294099999192119921090000000000000900000000000453122052
0805491099332304039049214114122919922020033234441342033421000100005010410000000000451232406
0805491099332904039049214134122949922020033239441399033420001000108010410001000000451232385
0805491099332904039049114134132949992020033239449399039420000001105020220001100000451232298
0835933300931199919222399121099922290990919332199092230190000000000003900000000000235412503
0825933999932349992292993933399999999922999934999922999990000000000002900000000000314521510
0845994019949199999941004999999099999994909999999949494990000000000004900000000000532142143
0845901014012029404400919090990992992249999191441409999990000000014104900000000000532143332
0805942291209201319949209109999943099990291192219099220330000010010010410000000000425313244
0805999293209209919939209109999993099990291992229099220390000000000000900000000000425312773
0825943904929993210440431102033999992191029049443329492420000001002012110000000000234154318
0835299931201394929090209341222939032433949199901013422940100010007013210000000000351421985
0835999931221394929090109349922939032433919199909013422940000000105013210000000000351421923
0835292029313002949049394012494930122314012092011431043230000100101023120010000000352413328
0835112292119244109329313340200922231404340024130129030040000100108023121010000000135422321
0835299292119244109329313340200992231404340094130129030040000101002023220000000000135421989
0835999490409030999294993949999933999340999993909303999990000000000003900000000000312452637
0835900109049344442901112043224199390131322403911099303041001100108023221100000000523413114
0835993099999490399999999099999990399093999999393000933990000000000003900000000000512431597
0824999919222999999999999929992999219999999992999919919290000010010012410100100001354211563
0824999299999999399299999999999929992999999992222999999990000001004012110100001000154231211
0825039923002221109939993412404990999240912490993929130410000001010012110000000000134522627
0825039923002229109939993412144990999240912490993929930990000000104012110000000000134522744
0815499990912292431991499303111993930939044119999992244290000001107021421000000000542312349
0815499990919092431991299099111993930939994119999999929290000100108021421000000000542312153
0815499990919992431991299099111993930939990119999999929290000100009011411000000000542312269
0805993999920494149099920429013903992043410422239929990410001000110010310000100000425312503
0815993423193120043199991919909999992113399294433392299120000100011011010000000000342512950
0814993023193120093199991919999999999119399293233392299190000001009011411000100001342512496
0815993023193130093199991919999999999119999293993392299190001000104011311000000000342512356
0834999939999949993499939434399994999499993949939499934990000000108013210010000100312451803
0835994432249910239430902321901949494929043393112921949390000010011013110010000000213452873
0805419901042919221299221390203024039190494419390192213390000100009010410000000000452312375
0804919901029919291299221390203022039190999919390192219390000100008010410000100001452312486
0805999901099919299199221290203012019990999919390192919990000000109010310000000000452312055
0804999901099999299199221290909012019990999919190192919990000100010010310001000010452312228
0805999901099999999199121290909019019990999919990192919990000001103020220000000000452312032
0815991131133999999311999993999939199999999993199999999990000000000001900000000000243511477
0835999919939999999039090934309193999394493199909993994990000010004013110000000000351422597
0835930019099033940339999999039913011499999990999309999990000000000003900000000000531422599
0825491100412932400242413223140993110039224139134011030401010101009022421100000000234513202
0825999190942932404292393223140999110039224139134011030400000000102012110000000000234513520
0825943934994312243493209119090933334024921194920902032140000010003012110000000000234513860
0835929494993999203333329929992999949493239299999949999990000010008013010010000000123451843
0815022499393324203139249322320144993111140442029132143040000110007021020000000000143522680
0815922499393324243129249329349144993111143949929132149990001000103011310000100000143522742
0845920190309401142019002329214944443924919210392099299190000010110024321010000000523143282
0844920190009401942019002229214944449924919910192999299190000100012014310001000010523142895
0845920190009401942019002229214944449924919910192999299190000000000004900000000000523143885
0805919191400914323909124392233990914399029400092943113120000000000000900000000000451322406
0805102399991244219013133239424912990320232000219903434410000010010010410001000000413522200
0805909399991494219013133199494999990390232000119909934420000100010010410001000000413521810
0805909399994399299013339999992999990990239000119909939990000000111010410000000000413521693
0805909399999399999013399999999999990990339000119909939990000000000000900000000000413522017
0835999939939993999994994933949939944999999999394943949990000000000003900000000000215431457
0825999992291999099992492429099929994994999999929999924990000001007012110000000000254131161
0845900492419100203942942944103992022999402249309129911990000000105014310000000000315242549
0844991919440401999999999990929901999442199214999194924990000000104014310001000010351242381
0825929921120999999299199209099999111999299999999992211990000000000002900000000000354211266
0844939409333294993033349949294099009499222943939299920490000000109014310110001000213542874
0845939409333294993939349949294099009499292943939399922490100010004014210001000000213542974
0825392313094143219409429993212940200919324119399134134920000000000002900000000000514234553
0835913403399421394903410992214904044100103349101499301220000010008013210000000000521433670
0845999911199999994999999199999999999999449494914499919410000000000004900000000000235141587
0835094013999133219043999911032904909109901299399223991340000110007023421110000000531422976
0835201132112221209991144433324331004021232400400144430240000000000003900000000000351423435
0824990939942330492349994999944922343394093990002349222090000100003112111101101000134523215
0825990939942330492349994999944922343394093990002349222090000000014102900000000000134523840
0825919924999932201131242303009991312334001492900323919130000100103022120000000000234512644
0845999433932499999994942999999999949399499999924949999990000000103014310000000000213541954
0815999993131949431999933499199999993919994991999911499990000100004011410000000000241351555
0815999099999194999909499190991999999999099919499119999110000010011011411000000000543212111
0835900909232044220994492311993949439990202490944340313930100010011113210000000000521432223
0844919494999999991194991999999994424949999919992299199410000100011014211100010000253141787
0845919494999999991194991999999994424949999919999299199410000001005014210000000000253141888
0845292314914133433921412003440929999990409233419011292320010001007014310010000000253143297
0805943431419213124944309231222013302490024299904200413120001000103010410000000000431522894
0805999409229239943900004429049999999420393999930394999490000000110010410000000000415321675
0805999309929499939900009449099999999490999999930399999990000010101020420000000000415322186
0815424991999933999309102019199919939999999193191909993920000000014101900000000000241352320
0815491120413290442334439013420933224410302121009309391040000000108011411000000000341522573
0815991120413290942339439013420933224910304121009349391040000001007011010000000000341522581
0815991120419390942339439013490933224910304121009399391040000100008011411001000000341522587
0804990021094491192014049199044904494999199194129409999990000001009010310001100010423151931
0805990021094491199014049199044904994999199992949909999990000010001010410000000000423152233
0815944130120043093329910924440903193193123093404140231290100010005011311000100000341523738
0835109119103121049949113924442919992293349313319923044900000110002023220000000000352412325
0825999299992909299904294492949990299990909999299299999990000000000002900000000000514232009
0825919221239109404993921391999999492932294119933323490300000011103032120000000000234512506
0845934499234449222131121229419941999193929991499911392990000000000004900000000000152342872
0845919993929991944994219199090994934922201999199441429020000000000004900000000000153241999
0845999429494994909999909992992941294294499999009099199290000000000004900000000000235142198
0815499249199092949991919909149011992299991999999909194990000110005021421000000000345121784
0804999999991020999992099099999999992099299909929990099990000100007110210000100001435121466
0805424001123042031234133421114994090340949922142420333120000000000000900000000000453123839
0825404494239394349240930000043990493292903199231240240210000100004012110000000000354212775
0824991293191300931911309090332902211913230912322990090990000010009012411100100001354211693
0825999293191300931911319090332992211913230912322990090990000101002022020100000000354211868
0825999299399999112299933992299920011099129999231990911990000010003012110000000000234511597
0845290422204100339910104024221994944012120119042119999320000001004014310000000000521342354
0805390999141433223294034323101929292040934102922042990390010001005010410000000000413252116
0845949140343424220929033294909920940999092900422039999220000001001014310000000000513242604
0845109493014112233031022411313191930334404004300342222210000000000004900000000000513243520
0845200032393299229044290349042990132994992419104299994330000000109014210001000000512343371
0805900999990222199199099999949999929909099999099999029990000011003020220000100000413251087
0805999000991999499099910949499909999190999999999909994490000000000000900000000000431251585
0845912299199914991199429919999911949999494941924499999990000000000004900000000000253142931
0815403034421024403999020332022133413040112023312402142140000000000001900000000000143523554
0815219939344399299339930913442999392021992211133094114920000011005021020000000000241531969
0815919999339499399939930910442999999391992211193994114920000100014011010000000000241531610
0815399134149944129999923991999931139934200199331993449420000000111011311000100000341522165
0814399134149949149999943991999931139934009199331993449990000100011011211011100100341522195
0815911944499013491094099919949949909909439939999441193010000000000001900000000000241532789
0825419199992033449292941491109920914990014499299992122900000001107022020100100000134521480
0825993419910432442390329344920919912392210300999942301300000010011012010100000000154233612
0825993019914432402990329344920939912392210390999992309990000010002012110000000000154233590
0825099991994443909991242403091999232324322399991991012430000010101022020100000000254131812
0825999999999999909991242409991999212424922499991991042490000001010012110000000000254131644
0825999999999999999991292999999999212924922999999991942990000000109012110000000000254131742
0805439334403124411090009001422999234920132194432343412120110011007020120011100000421532357
0835939291934310309942299934034939999131112099999244104190000010004013210000000000125432027
0835220999934923309099033992949939923094999990200003902940000100001013210000000000523412946
0835099124414009310422249910314993122203394000419130331210100010008013110010000000523413870
0835099499914009319994149910399993924203391099999430331240000101004023220000000000523413008
0835990999039292240339992902004934499034990990330992242340000100001013210000000000523411829
0835999990334301119399902291040999322011320499311294034000000010009013210000000000125431299
0834999994339399499399999999999999349994349999399999939990000011007023220010000100125431118
0835999994339399499399999999999999349994349999399999939990000000000003900000000000125431143
0815999999919199999199099911122999199209122999999999902990000100104021020000000000542311270
0845994229914499999949992334129949999439129993492992399290000000107014310000000000153241612
0825993320492200334921139120920932141944109439141394249100000010107022020100000000254312664
0825993323492200334921139124920932141949109439141994249100000001009012010100000000254312847
0825993323492200334921139124920932141949199439141994249100000100011012010100000000254312831
0824993323492243934921139124921932141949199439141994299990000000110012011100010000254312814
0825993323492243934929139124921932941949199439141994299990000011004022120000000000254312661
0825929313429299093991232149430999091312999923329949143910000010003012110000000000134522089
0805999099009001992091999919199999911999999999002299199991001100102020120010000000452131694
0805901211012141231049229991204922440909043291492199944030101010108020420000000000453122910
0805901211012149431049929999104922440909093291499199991030000101011020420001000000453122882
0835001193392022490391340121434913944093141409109142220340000100004013210000000000352412456
0835213399239123209990904999999921932391429210113493994900000000000003900000000000251432314
0815931199991149001910999013990999999909490949910900940941000100005111411000000000142352801
0815219099240144949933902910010943932299441413313220914900000001109021321000100000241532658
0815219099940144999993904910010993932299441413319290914990000000107011010000000000241532621
0834099999449394993339429929349922292399423904499994222430000100012013110110001000513421940
0835099999449394993339429929349942292399423909499994222430000000102013210000000000513422082
0815910909999999990099100499941999991049999911991040199290000000000001900000000000542132015
0814919942499410490949119149909999499990919049991999919990000100108021020001100010243152423
0845344991132129929199100024222943039320014041991913434200000000000004900000000000153243414
0835411492299403103309919913024194193019040039394021911340000000104013210000000000152432076
0835134024049929421041111919930902423139943040099933414130000110011023220100100000251434084
0835134024049919421041111919930902423139943040099933494130000000110013210000000000251434159
0845249499091014999901019409929994190491999149099099092490000000000004900000000000523142060
0845233141144321230430022031433999001412201210023042043310000000000004900000000000532143553
0815993313929441993329299129912999919999919939192399941990000011010021220001100000243512609
0825902334404192409939942929120994223201114903933319014440000011002022120000000000134522599
0815999913919924494999199992999919922339211391932149939990000000000001900000000000142532262
0813991939911999993339319999999999999919199939991999919990000000109011011000110001142531972
0815991939911999993339319999999999999919199939991999919990000000000001900000000000142532000
0815999003449149099991499931149190300340433933903311199340000001002011010000000000341522858
0815293922120111423340320440122939040033421431313204342440000000000001900000000000341523889
0815399939199929401194329139294999302990321219440991291940000001007011010000000000342511923
0835990399099303319099999991039990999949499949999039939930000100007013110000000000531422695
0815991014324031449003199190930941443943391991992243009990000010011111010000000000345123824
0835920139192902449932931000044922200999341432119399032340100010005013210000000000235412537
0834901114344190919399493419039999443949493990199140343900000001003013210010000100321453420
0814939319999933991999919939999993193999999911194993221990000001009011011000010000341521550
0815939319999933991999919939999993193999999911194993221990000000000001900000000000341522561
0845299909904334114990019099392942902249929439991920924940010001012014111011000000521342945
0845299909994334114990009099992942902949999439992920934940000011011024220001000000521342582
0844999909994094994999909099999943909949999439990930994940000000110014210011000100521342538
0825429942400414200991920023343992993993933909011319203420000001108022120000000000354212290
0845992449994092094929990942109244999939101999499293921330000100007014310000000000135241320
0845102440321030410004213212121999333201432304210410323430000000000004900000000000523143491
0805340913419431214433322214012909302491320290343131421000000000000000900000000000421354487
0835049323219121919942214993900911103994193340221443943020000100012013210000000000132453550
0835049323219921999942214993901911103994193340221443943120000100009013010110000000132453713
0825912999399124441292999991900929913942124499999999499290001000111012110001100000134521675
0825901990142211440333330429401919031404922292303301214430000000000002900000000000524314161
0815929992299199912299191999419999192949999999199999991990000000000001900000000000145321967
0845999399999999999999949140191999999949990944999944940930000011007024320000000000523141144
0845090092299113929419999123212999444991241290011419234940000000000004900000000000531244039
0835949432999999904494909319932949323149912339214194434110100010011013210000000000231452497
0835900931413434003094404031112999014191912210934449304320000000108013210000000000231452649
0835240041039909039414412911422914401019033203129339932900000010012013211000000000321453962
0835240041039909039414419911422914401019033203129339932900000010007013210000000000321453941
0804999999919099999209909191999990901999099999909199190990001000110010410000100001453211556
0805999999919099999209909191999990901999099999909199190990000000000000900000000000453211959
0805199903444314949909209001294921099913314210990433412220000100103020420000000000453121729
0815934220112240334943439199990992294093142314119294014240000101008021020010100000243152114
0815992920112249999999299199999999999294142912119992419990000011004021421000000000243151556
0815992929112299999999299199999999999294142912119992419990000000000001900000000000243151727
0805344130103330234242302144224999200999321121041343240340000000000000900000000000453124083
0835933414999999999999449919292929299399993933349929349420010001011013110010100000123451551
0845190311023139022020244420043940143003422121032133129430000100111024121011000000123543298
0845990999023139022020244420043940343003422121032933299430000000110014110011000000123543192
0825429114024002994214999419990990999004209992499990424290000001002012110000000000234152741
0815992124294942909919490193222941110009333991444102903990000010004011010000000000243151600
0825313431022430409121000322423911140124420394440011310330000000000002900000000000154233611
0805401022443333310419119394093929990999119940014194999090000000110010310000100000453122227
0845144099099293294199949902421099992990904904192332499020010001010014311110000000531242206
0844904111429491004940919049299099021999020099922219992440000001009014310001000010253142052
0845904111429491004940919049299099021999920999992219990440000000101014210000000000253142585
0845204949001339139112940291912909020409404192409222909420000101003024320000000000532142298
0845224949201339139110940291912999909409404199499922909420011001104024220101000000532141835
0844924949001929129110940291912999999409404199499929909420000100108024320001000010532141823
0845924949091999919110940299992999999409414199499909929410000100007014210000000000532141786
0845924949091999919110940299991999999499494199499909999410000001011014210000000000532141779
0845914949091999919910940999999999999499494199499909999490000000000004900000000000532141863
0825929919299999919999111999999922229999999929999929999990000000000002900000000000154231571
0825091441123339349210014422343920210092394343111041349210000001008012010100000000154322547
0824391911923939499213394422399921211492994343911141399290000100009012011100010000154322370
0825491999929919999219194922499921291492994919999991499290001000104012110000000000154321811
0824991999929919999219199922999921299192999919999991999290000001005012410100100001154321861
0835939999999433343999999349904993399992490909999941121000000001008013210000000000125431211
0805990303399940999949909999999990993999999909994490340990000100008010310000100000412351359
0805909909490090999990999109992940299429992299999999999990000000000000900000000000423151706
0825129940233129949099933219494999901920920499929992349140000010004012110000000000514232536
0845309490424431329900929323121390922149201199039294910440000010105024320000000000512343369
0835939993992900403999199092203911139432234299329499204900000110003023020110000000153422254
0845332241400024309299404121011929920312013332433221134430000000000004900000000000215343170
0835949394234929039990993939999999999992409349349229399020000001108023020010000000213452590
0845944922333409099232094044409942999323990390909293099090000001004014310000000000215342362
0815990999999999999919999991199991991019991499199999999990000100113121020000000000243512080
0815911119999999491900999999999912099991299499199499999290000000000001900000000000345121325
0845949919411202334929441220439999929499299049929999321300000100105024320000000000135242018
0845999999942999992299994999929992449492449992994999929990000010004014210000000000125341803
0845022411110014133222110200443949320231039422293130031440000000000004900000000000125344797
0845991109241321913941994092339999190904049014999494913900000100009014310000000000351242068
0845991999041391919941994090339999190904949914999494913990000100004014310000000000351241782
0845349414229102302022132109013431449333341329114992992900000010010014110011000000253141981
0845349414229102302022132139093431449339941329114992992910010001010014310110000000253141833
0804934449311190943139991904309909930939399934099909041310000010008010410011000100421532615
0805990999099901990994113091314994994999334909999939091090000001008010110001100000421531513
0805990039099919122429319099921902199991990909299191129020000000014100900000000000421533768
0835119124904100024494924233133392199300110121929424013300000010005013210000000000123454313
0815490149303404299443309141094911319304492390301139222430000100005111010001100000541234295
0805920430239092339300429119214909900393311122929423113310000001004010410000000000415231854
0845039949099210239499299991940949220242393499949999949030000000000004900000000000253142233
0825149199990900022219999991120990992229244991999991994990000001009012110000000000254131846
0825900221233999499210924229999911099091119090409992990900000000101012110000000000354122736
0845399004022142149992323192921904094094299400109349909910000010003014310000000000512343336
0835993999919994423999939999331999999994999999392211393990000000000003900000000000312451648
0825999294922299992999099909029999299949992999999999999990000000000002900000000000514321603
0825942949429220004290249999499939494909099230944999209990000010010012311000100000514233026
0825902949429220099290249999499949499909099290944999209990000010101022421000000000514232581
0835919313242419302909909490919293243022931909033909190090000000014103900000000000132453949
0835990012312044499011322943223999901391030200221391923420001000109013010110000000351423982
0805909999029099999999992310039191091211993999999103309990000000000000900000000000453212691
0805902929911324413230013911402931292332234210909990011990000010008010410000000000432511864
0805902929911324413230013991902991292332214210909990091990000000110010410000000000432511777
0805902999911329913220013991902999192332214410909990099990000000111010410000000000432511736
0804902999911129993220093991902999192129291910909990099990000001011010410000100001432511781
0804902999911129991220099991902999192129299910909990099990000010007010310001000010432511717
0805902999911199991210099992902999992129299990909990099990000001004010210000000000432511711
0815241919139233041999923942992491993132391219999999499220000100005011010000000000241531312
0845139929942320233900991044211939302224142094930043411110000001003014310000000000512343113
0815421091192120492299209199999129410299499942429129949940000000108011010000000000145232136
0815421991192140494999409199999129912299999990999199949940000000107011010000000000145231751
0805991900024033229221194111204390329299013499939912310140010001009010410001000000423512992
0805991900024033229221191111204390329299013499939992310140000000107010410000000000423513036
0835099423332040949003441100341991313413449010041222421910000101002023220000000000531423741
0845394913901332133930022042042902903324414219009991312440000000000004900000000000532144800
0845129333431001009213940414222943330394424229209119311000000001108024220001000000123543541
0815999991334939999119999999999999191999119999933991349990000010001011410000000000143251617
0815019190092039220999499120919993941112429099993999429910001000108011010000000000142532453
0825021933993432012129334292944999393399993009211939992090000000000002900000000000314522635
0824999390000399999929292902392932329393030999299903399990000100011012411000100001314521711
0825999993000399999929292902392932329393030999299903399990000100003012010000000000314521743
0825493239091011149200094240040922334121341192300903214440000010001012110000000000234512143
0824924991121939113993291921939949923393221399941939999290000100008112111000010000214532151
0835944343000091029494394019911044999901900294939199393330000000108013210000000000321452837
0845999909999994914949199991299999991409141994991142049990000000000004900000000000253141619
0845949909094943999939999399909994900941999994490090994990000100104024320000000000312541423
0845290109419991029049249009423914191999942141299100900420010001010014111011000000321542846
0815939999199399990919399193939999319109999109199919999930000001002011010000000000542312216
0825992241999491390292920202303939944940143391999999040290001000105012010100000000324151675
0815999441994999994199999119999999919999999491491941999990000100002011410000000000142351714
0805331421043949349014231291000990134119340390431124442230000100011010310000100000452133590
0805331421041949349014219291000990134919340390431124442230000011007020320000100000452133502
0805331421049999949014219291000990114999940390411124444930000101008020320000100000452133116
0805949421049999949014219299000990114999940190111124494990000100002010410000000000452133440
0824913921991233999339999999999919222911299931229911991990000000109012011100010000234512460
0825913921991233999939999999999999222911299933229911991990000011002022120000000000234512307
0825033394341130101029222012204911134493422413999109944430000001008012110000000000254313396
0845939492399211449910324311393991932411000341992294332410000010012014310110000000235142275
0845939492399211449910324311393991992411000341992294332410000000103014310000000000235142759
0805903111199190094991003999109901099999999999999199919990000100010010310000100000452132255
0805991911900094991999911099099900011149999999199999999990000010003030430000000000451232073