0625999992201243439939993940900999099314113299011139239230000010002012110000000000431253950
0625390039443142329939341094423939990039423149999299919240000000103012110000000000451234797
0605991491390213001194129999400919940992422494199492993930000001008010410000000000153424488
0635929999139943499999999999999999999993193991929993999390000001013113210000000000534122039
0605994999439991191999992199090990492292223999999933001200000000000000900000000000123544276
0625900041044992329099102992412949041901342149999949949010000100010012110000100000521434104
0625994029391999320401330939939940993490912999421209091020000000000002900000000000531244972
0625999919101393241910220919299999999913191049492099993200000100110022421101000000351423555
0625999930919193999199329099999919132091999299999933222930000000000002900000000000351424000
0625999919203911403112900219403999399031910299931912944230000000000002900000000000341253880
0625149934403031220309094039939909999993399993999290912220000000103012110000000000541234833
0605299420419432099339922304419993299994213094491019122100000000000000900000000000135424752
0605999999990999009999999999099999499499033999999099999990100010010010310000100000124532079
0615933300202220414991300319242993290494991339292230133190010001011011411011000000512434441
0615140423232309314424232939102904424399099990904139921310000100011011211001100000312454869
0615940420903411229443399932333990094900121109949290203210000000000001900000000000512344931
0615991499004391990931949934999913333149199909999990309990000000000001900000000000512343080
0625931433294343221001010042199901303114944909340239143240000000000002900000000000451234989
0645993193099222243111993419934999994014193093933190292241000100008014310000000000342514506
0645993242300101443999934999011999920393914039092393999140000010010014210001000000423514142
0645090413913990211919409943440920294099930299309222330110000010007014310000000000234513398
0624919190339910903939329991922991912399109399991922999990000100008012010100100001451323248
0615929349932941212994994299999999432349212999994993311910000100007011310000100000312453960
0635922112494400001190431144403919222224043341419299902330000000000003900000000000254135000
0635944299191090332929949242903091421421323024194341409400000000000003900000000000235144913
0615922992319442032990991940111990020999420139229249900990000110003021421000000000315244530
0615924221200929499992932390910939441922129049931399999210000000000001900000000000213454684
0615992322422923349333040012410990931924901109992209994190000000000001900000000000315424820
0605294991291940093340413334942949932993924993090099129920000000000000900000000000142533331
0605199943199309499499319949022999994999992099990093922901000100004010410000000000152433153
0625330919414121949999999920020910999431329094991234241430100010008012110000000000351244161
0625900000199902091941323231343940433410041349444299112120000000000002900000000000521434794
0625913119494430214993304102242994934240329101331990401910000000000002900000000000521344960
0605999909909994399439993999499999994043390994399039999090000001005110410001000000134522068
0625434433133024919490010194222934043909012430304149909290000000000002900000000000521434675
0605949322220130109994994312391999329323040322934944324100000100002010410000000000145234522
0605944130013939403299112233904922213939191093992290211340000000000000900000000000135424686
0615940921022441013230322930910929932914499492093349199490000000000001900000000000215344637
0605999399049909909994909909999999390999999333999999939990000000000000900000000000123542865
0645499994099934143999999999939920993399909429909999113490000000000004900000000000425314941
0635322411949931302141210043903990424149993914142104409000000010111023020110100000253144956
0635991292949299999919993123299919999992939914939329199390000000108013110010000000253143697
0605949999992299243499949200094991191113900499999411129020001000104010410000000000134524236
0625993903442100191309994904422130093391422293333440004190000100003012110000000000341524958
0625991142340011223044239994341944404991132340303309331020000000000002900000000000521344993
0645930313030919919493122999911944114309194092921339993140000000109114310000000000324513684
0645919949499111449919993999399939994490003019119999111990000000000004900000000000352413271
0645419920499920949919933222010199130943904029913292290940100010012014110011000000234514429
0645419923499920949919933222010999190943904929913292290940010001005014110011000000234514796
0645932312319404000130913204919922291023391019133491994420000000110014010111000000234514756
0645999930090192340202232902144999919090914109903399403410000101010024320000000000534214855
0645901129102032440103921303224910103924212493039010314120000000000004900000000000452314942
0625919999119201299939399303923291999399922919399993311991000100010012010101000000351423224
0645999912020294029911993902042921931334402499231909101240000000000004900000000000253414920
0635999949419392949904939919119941040911133410004009309130000001007013210000000000453124249
0615190240449433219242230994303944334349130202322203112010000011009021020011100000314254995
0615999099993190139449900192133990999949329999929990139910000011005021421001000000513244366
0645924999999299999999999999234944922933999992499229299940000000000004900000000000234512580
0645992229199112049090339030933902304141940422392091234010000010011014311110000000345214718
0645992229199112049099039030933902904141940422392091234010000011004024320000000000345214677
0615909099904133314999999920122990999219221000499494399311001100107021421000000000413254084
0615909999904193310999999923122990999219921200999494399310000101010021020000000000413253740
0615909999904193310999999923122990999219921290999494399310000000101011010000000000413254215
0615294420919291939292092303191994343493934399294249221910001000112011010000100000314254690
0615929224149939239099414930233999091232411092400290999190000110003021020000000000315244686
0615929224129939239099919930233999091992411092400293999190000001008011010000000000315244676
0635349199991949290999029924313499499190232200010321043141000100013013110010100000423154682
0615349999419994210399443999412999091399941194499903993020000100105021221001100000514234078
0615392993319290209932090991999992999931312193339399909910000000000001900000000000513423684
0625431413249000023101344492211934193993993209499299093910000010009012110000000000431524809
0625499341149212429999941911299933339949332099331991443200000010009012110000000000341523992
0625214104433010423044199339210901901931112234492404493000000000000002900000000000241534982
0645992931999914949992949493999934319939991139999999319140000010011014210001000000243513222
0605929994941999301919409129093991991139999919910990991900000011010020220101100000154233468
0605929994991999301919409949093991991119999919910990991900000010008010310000100000154233711
0605939490433102119942199931043941109212203199999313424090000010001010410000000000125434431
0615903900324092912294039249411109442100924122943203403390000000000001900000000000413254956
0605939991340999109141309334399994941110922039993399022920000000000000900000000000142534533
0605291231122304443311120439001931304240934291913329292990000000000000900000000000143523980
0605992992243419109999921929003999333149911099333294940900000001012010110011100000125434860
0605919249299040421999394912090399121390924023219399491920000010112020320010100000153244664
0605919249299040421999394912090399121490924023219399991920000000109010310000100000153244729
0605221913099990999992199399909929320929309299991399939091000100010010210001000000135423934
0635312249004444332100112244010910022999930901201294133440000000000003900000000000452134963
0635092149104432330940900191933994900409243410209941129240000000000003900000000000543124962
0625094103420099199301433341101933401424204293343429410020000000000002900000000000321544753
0625939443041113229493439940092999344991929293433031301290000000101012110000000000231545000
0625990404339342149311994992390934034994442293119299914920000010108022020100000000231544621
0615919993999949931099404999991990909904199449099999149910000000108011411000000000512342841
0605933302443201104929304212141942913449019139294393322200100010004010210001100000123544436
0645099499999049099990999949999939919190991499909919944990000110001024120001000000352412860
0645999999499299999191949299934999994993999992999113942240000001109024320000000000245313718
0645999999499299999191949299934999994993999992999119942240000000108014310000000000245313922
0625499439202413424993094934330991019991302293149991214140000011008022020101100000251434290
0625499499202413424993094934330991399991302293149991214140000001005012110000000000251434515
0625990999900204499993993909292990092339949343992939999230000000000002900000000000541323462
0625999093931392233939913493429949991919223243999949949390000100010012010100000000251344696
0635194209030142390049241113423942492190430242199439001490000000000003900000000000523144868
0635909114992933299900002414310941142291939399999900244340000000000003900000000000254134912
0615329443491029310432334440312990399349292149002190923130000101011021221001100000413254791
0615999929999919029249999949919999999941991942499199944190010001010011010000000000314253101
0645930999321303109322049044114939911910901292420121300140000000000004900000000000234514440
0605921191993243302909913422990991900393349219099112431120000001002010410000000000153424011
0635102491091992991149490429333990043022921399491024490130000010110023020110000000432154936
0635199491099999991299490429333994943012921399490094492130000000107013210000000000432154933
0635994092401134490029312931304949431201922190400202224430000000000003900000000000534124369
0605994292299099994999999499099999990999094994999094909990000010010010210000100000124352891
0615929992302941129999903392313941922099990999129294991400000010009011010000000000315243508
0635990319249334349499099944910944112939394991999100919990000000014103900000000000345122794
0625993199143230429999939044044909341930434209411203432200000011007022120000100000351424767
0625999399143230429999939044044999341930434209401203432200000101002022120000000000351424581
0625999399143230429999939044044999341930434209409203432200000010004012110000000000351424665
0625943032294439439993142919929414943424994930399323939110000000000002900000000000231454364
0605923249401110234343313304022943394412211124231142092900000000000000900000000000123454801
0645932109399942049912993929104923031999244090039292024110100010010014010111000000235414558
0605912241399994034213442141340929231113004221132432312000000000000000900000000000145324972
0605499939919030939991934099340999993999999990993049113990000001013110410000000000145232475
0625994003319321123333900313424903444092341290409400142140000000000002900000000000521434773
0625099949990943224992049039992940942909999449991903921930000000000002900000000000521344302
0625499149419331439919920102923904942003034291009949219140000100105022120000100000351424491
0635300242443990102243400392099344422419102910143929910290000110113133120010000000423154710
0635999999923033112099920419333999299090019099999999090990000010005013210000000000325144285
0645900322129011499019023904213909299933991419999190044410000000107014310000000000543214837
0645999934109913449333091901213999101402010192999949223340000010108024320110000000534214118
0645999934109993449339991929919999990402112399999949291340010001005014310000000000534213934
0615924994991919919922922909999999992999999994912191099200000000000001900000000000415323224
0635949001199493934440104132904904240222403299219019320391000100012013111010000000324154830
0625310933999202329093041144944909939394292903094314409320000000000002900000000000541324830
0625999992999939219919299999999999999391992999992919929390000100111122120001000000531422166
0635999009494900339000919391324992909910922340290913191210000001110023421110000000543124270
0615992339222993999294919149419999929999122329999921399140010001008011410010000000214353476
0605931492041930419129103291931934422934940413414219990300000010011010210001100000132454868
0615394944139334339920022229410294401299934104902239491310000000000001900000000000415234899
0615194242320420919344204043293934431092199234932391293010000000000001900000000000413254865
0605914332129909439939999110931991921992394013999991039000000000111010110011100000153244435
0605923443411099443343990091940999194099999999333999049990000000000000900000000000152434644
0645914941009999913902904031099499199901093113931044039310000001007114310000000000423513776
0605949399142249913992109949490999999999009929192199039300000101005020420111000000132454532
0604999399132219919992909929290999999999009999199199039300000010105020420000100001132453168
0645933039039993249999904929491009904342924293391909999330000000111014110011000000523413348
0604999900023909902999999119999999993999999992999999922200000100009010410000100001145323259
0625999092299133949919199211321999999994092299999019109910000001111022421101000000531243090
0645909999013249239990999332044493499991199493990930332920000001112024120011000000425313471
0645909999033249239990999932044493499991199493990990332920000010008014310010000000425313771
0645920922991901949399991191000990214190904490900999211440000001108024321110000000324515000
0615922009999243102993449229192931394132931132024493493440000000000001900000000000215344626
0635992992414000034299922903024942940034114411422431130390000000000003900000000000253144613
0615924231909929009443991334911499419102032293933443403000100010011011010000000000213453719
0625939444999999924494909129232949310429931149411293341330000010010012110000000000231454294
0625141430039909239444139921299949344019230000909319992020000001103022120000000000321454725
0625949113914400339999933323322999994194013233119209412040000110004022020100000000451234301
0625949113913400339999993923322999999199413233119209312040000001009012010100000000451234529
0625933190290093999919999290230991192999939999911020999290000000000002900000000000351423461
0645910330412324929019944399339913093930990292239999494990000000000004900000000000432514718
0625993099339940219039921139912940003940312394339190942210000100109022120000000000431254757
0625993499221031131499294399910999492310233099999904041920000101005022120000000000241353612
0645999999994492992999994142099999999912499999999999499990000101007024220000000000534211857
0635990044201924920203909109212909490193931399242299213300000000000003900000000000452134675
0635901121340242934111929943941902493299199094429391042130000011105033020110000000235144988
0635924314410119934934429099991293092194422394429092213410000000000003900000000000243154961
0635299009390114311202410149139921293999042322149490093420010001009013210000000000542134810
0635910999124319941990424412444999390999292340022419319330000000000003900000000000453124810
0635921992419292932199143923294919003194313499944129999240000100008013010110000000354124414
0605934193141301994999314910919099999190499044199419399100000000000000900000000000132543830
0645999999994999419339391294929999939439949999399993399940000010004014210001000000423512197
0615942499239919992949911939199942939942132299429939999910000010010011310010100000214353708
0645932394241939209139030390499911942001313291311149900140000000000004900000000000352414067
0645901134330919149999399440199131193049909911333499909390000000000004900000000000452313721
0635349112409299299912449929933933341999921194499924401900000000000003900000000000253144912
0634990499499931994499993399419999999931014099449990994330000010009013210010000100253142934
0625934949412902929339934499999993993914942293999909924940000000000002900000000000231544660
0625934309249441149393299399922934402994934203999939939390000010111022020101100000421534343
0615993903244000119393020942299940033411414233242394001430000000000001900000000000512344851
0605922990919004999224099993999923919919993991910993909990000000014100900000000000135242586
0635292999313049439319999990443939999919999994999991999990000000000003900000000000453123765
0625999999999490293199901940422299932991949909999990099120000000000002900000000000531244882
0625990093210143909949990010239943939321921293039939019230000000000002900000000000451234783
0625494999212092923040999991992930999139390990909933911290000100012012111001000000521434654
0635902902103014032410209119093919494223943391010499904940000000109013411110000000354124823
0635299994149939199914229094929944999149943393492999049331000100009013210000000000245134486
0645999199199109149019449010144919412999999929991299999990000000000004900000000000543213628
0625999490909939204439492904992993929300044493491929921910000100008012110000000000521433783
0605929319124119401999221499992932120412499443201040299020000000111010410000000000154234543
0605132299999422202113249421001913331440933449131424300210100010010010110011100000125434805
0605992999939111249991994309432999199430402939993991220000000100104020420000000000124534791
0635321240190049439211241024144921413992094394112099034300000101011023221100100000345124807
0635902119049441409191239999340111299493993999991200434430000000000003900000000000453124616
0615049932244129019491923209092999940932931199949993219940000000000001900000000000514234375
0635909290121229990914140324022991190433041091114302433220000000000003900000000000352144431
0625994433449332329942414341102999994099101213949439920930010001012012110001100000421354224
0625393144249440411949909024331994120910133293191999023020000001007012110000000000531244122
0625931499140930129403124341401914144123402033099033914221001100109022020100100000231544790
0625931499140930129939324341401914944123402039499033914220000011004022120000000000231544713
0645991499091029049114943910910901923999099429199419119290000100111024320100000000253413624
0645999499091909949114943910912911993999099429199429119990000100009014210001000000253413441
0605929109911933999390999199909931991999019129099999099990000010001010310000000000153422922
0625013344012491921349444901192939334919912939330092493290000010012012010101100000231454690
0615999942111149999999949949990922921992199999242994409900000000000001900000000000315243662
0625991109443110930140990324302999194931112209999423344920000001007012110000000000351244681
0625049944341192919949009192220999399999242949399900991940000100010012010100000000341254334
0605931223139920309199924932323924100494224031412442433400000000000000900000000000154324830
0605229949991110113291991093011490999399994944449099903330000010009010310000100000123453365
0645322991422099049139043999444123313029113012220301903911000100012014010111000000345214879
0615999429194929920929902299919992994992999122999194911990000010009011411010000000415233747
0645009920909334419199931933444999999933994293299019999900000000000004900000000000523414779
0645990093300199440319041011422930393392214133020210329240000100010014111011000000523414904
0635914224210933139004401012234900400993129401229411991930000000110013010110000000354124859
0605914932932119229411333213490949241300099242193420242010000000000000900000000000132544939
0604999999499993190919199919399399940439099304991094399090000001011010210011100100132452762
0605992493233943904999903340094993999993091149299999219300000110012020220001100000152344277
0605992493339943904999903990094993999999091149299999419300000011009020320000100000152344664
0615999439993999949419409939919991399909914999999993199910000100010011010000100000312453030
0645900922441309029200140114942929193992920999919191209400000000107014310000000000452314299
0605312442419190901322993490300492212434333099221949391130000100012010410111000000145324942
0605992119139949939213230221301121191921929029999202930900000001010010410111000000135424407
0645992440399299293939909420924994409930399929393329099920000000000004900000000000234512726
0625999990911992229194999414149900999209919499994900299920000001005012110000000000531243907
0635912902041300439404010343142929141993290190414102302410000000000003900000000000532144731
0625913949099992991412991491992999944299192904411949142190000000000002900000000000341254618
0635194411149320914420290133939912404440100399104999439090000000000003900000000000423154921
0635994929999302999909999229339900993904339490909999999990000010002013210000000000523143781
0605999331244242019321029094420913131229230139133392044210000011009020120011100000123454183
0605999911244242019323029094420919931229230139393392044210000001104020320010100000123454152
0605999911234242019323029094420919991229230139993392044210000001005010410000000000123454322
0625909903999232929999929993999999993993929999999999999921001100108022020001000000531422857
0615992239330039109990493422911939229043219100929233433191100110011021421001000000513424986
0625999994129999224941932444999931992199991194999231999990000000000002900000000000241353939
0645909929992319990999390939424900949049399409992034193930001000104014310000000000523413950
0625219399941994190919919092924919912909999294992999990930000011011022321100100000531243657
0635999200000013432229429014493992440931243229909999493990000010112023121010100000534124576
0635999200000013432229929014493992440934243229909999493990000010005013110010000000534124801
0635904414121201202419909319402930422100211903404443042330000000000003900000000000342154837
0645900019199091091902211944341999929443310499919999399990000000103014310000000000543213987
0645999911199394039199920429994990929092430492909999243030000000000004900000000000453214414
0645931992432299992239994399914943999999923924999299939490000000000004900000000000235413492