1115424011113012030332124244100932411294024029132313403020000001008011010000000000154232957
1115422911113012033339124444100939211299929029192313400020000010104021020000000000154232696
1135992932022930423349994349909133432949230099932349994091001100103023220100000000214531399
1105302302001342412210011131234940293340412400021313442340010001005010410000000000534121661
1105302909001342412290011331234930299390492400021213142140000110003020420000000000534121541
1105120241203323134900042211133402421044023309143003341210000010102020420000000000523141602
1105920294204329134900042211123402921044093309199004341210000101104030320000100000523141629
1135993332314140249933213110901933324419090299392420941220101010102023020110000000431521402
1105900113304320120090332333429909011999929100919414441210000001103020420000000000542311561
1105201102133314431012020412344020003203424410311421334240000000000000100000000000542312000
1125192401414939430294221232901929223003003413340234920310000011003022120000000000125342568
1135222024030022001331013441001313334244122142134310342140000000000003000000000000412532055
1115219110240123043299294133403299929114044212212310130430000101002021020000000000154232001
1105203012340241112439343202101924343102300302011341042440000010004010410000000000523142969
1135434331114013102302432134024343230413221021024220140010000000000003400000000000214531937
1105910191423034320099214010294910034012422413910133023910000010103020420000000000542311754
1105990199493034290099214010294910039012422491910933023911000100005010410000000000542311438
1105990199499099290099213010294910039012422491910933033910000100008010410000000000542311454
1105990199399099290099213020999910039019292991910933093910000000000000900000000000542311715
1105290121230114449100142300431400433132100422433312022330000101001020420000000000523143369
1115220130203432423412303411000943191144121024114330223020010001005011010000000000152433171
1125922043222440414322030933200933110302441111331429432140000010108022120000000000215432093
1124922043222440904922030933299993340302940939334429432940000001010012110100001000215431972
1125922043222440944922930933299993394302940939334429432990000011005022020000000000215431948
1145032234220342402204413020402434003113314413201113113040000000000004200000000000234153911
1125924244243123339293992920404991319320340324921924010340000010001012110000000000145231656
1125042331300440143323342114410923222121414092242300130000000001101022120000000000135422045
1145904349142431321030421401220943091102033044014294121320000000107014310000000000341251819
1145904349149491321039421421299943091109092044014094911900000100008014310000000000341251749
1144904349149491191039491499999943091999091044014094901900000001007014210011000100341251766
1115911293919499991199911993939991199119399999999999439990000000000001900000000000152341574
1125142444431410113322332402101243032010201324232041310300000000000002400000000000215342383
1105314101022412340300122440313021144101044420230322313430000000000000100000000000543212449
1105333000032332114234300221234014441411221100140243044320000000000000400000000000532142339
1105203141429100249034031932031902244211313140002202434310000110008020420000000000523141600
1105203141929900949034041922091902244291113140002209931210000100109020420000000000523141815
1105203999929900949031041922091902212291113140009209931210000000105010410000000000523141664
1135944132134104013123422400422919332333400123214224131400000001001033030110000000321541786
1125413312420331401322042024131224340240111023003201343140000000000002400000000000415322110
1125392211101202409331423440100991224239041024432234333000000110001022120000000000145231872
1135991394310239022143943410320913394121240030193434249200000010005013210000000000231541747
1105309999213041442909133200133409320012200129993122440240000100005010410000000000543122719
1145343019411301210349010001422944909112232343449434020320000100105024320000000000321451568
1145349319499101219949019901422944939991912349449404091320000010001014310000000000321451370
1145110043413142210434102432131442320233433112003400040220000000000004200000000000324153237
1145243410132923003133034222310924214104404130100429413420000100009014310000000000241353471
1105330100031412230443100021233041102424244143433320224110000000000000400000000000523142550
1125323010200324330311133314401242412201234010221234440410000000000002000000000000415233055
1115022233414430403931293430114911019212244091121323243000000010002011010000000000254312129
1145242010012001334412221231322941044300104394010413423430000001101024320000000000432152390
1145942449010042909941911242999992049991049992949992440900010001003014210000000000243151820
1115991219210413242200912000204913130929431300019133223140000001009011411000000000452312642
1115991919210413342209912000204913100929431300019133229190000000111011411000000000452312392
1125322223190203001100322310214999424113440012139423131300000100007012010100000000145231635
1115321222013432341143401030044930321411033414201120240240000001001011010000000000254312200
1115320092114044431031244042120920330332210013122331141440000100004011010000000000354212571
1145342043300140311424031141321443102023220102242140430330000000000004000000000000423152500
1105442411234313331302132044324042220030320101114104032040000000000000100000000000542133904
1145949922300011309399434142303949422201244149994343131120000010104024320000000000234151402
1105240999920922419099333993991929903299993400200023030240000100009010410000000000523411343
1104990999920922399099233999999999903299999900200023030930000010010010410000100001523411276
1105990999920923399099233999999999903299999900900029030990001000108010310000000000523411151
1115493229329900301321212911200911913449102492311449902340000100005011010000000000254311814
1115493929329900301321214911204911913949109992311449922320000100003011010000000000254311688
1115012231400434302240300141044114412304203011314321322230000000000001200000000000254312208
1105499233430319311104020240144991104001394231009130122220000000105010410000000000523412306
1105210341029014440122412913004913033120132490210401332420000110008020420000000000523412141
1105210999029094440129934913004923093120932490230901332420000001005010410000000000523412196
1115202012441403102314144134403121342230300233214100321020000000000001400000000000153243068
1125421923011421000932212424343911423301400992302219100390000000108012110000000000135421493
1115010021300314432401232321344132110013213422100320444440000000000001400000000000254312640
1105390104020440240111442391131914922419013300029330234420000000105010410000000000543121664
1105390909020490920911942391941999914439091200029930249190000101003020420000000000543121421
1125122203194331219900233333123903004904401229223441141240000101007022120000000000415321589
1125922203499334239900293933429903009999904229223940994290000000000002900000000000415321968
1125021213432404002144103213301223134410004422313223114000000000000002000000000000135244811
1145333044031441004422001120231441202011333210242343103420000000000004100000000000243152501
1115224142311442239213130240000942214044140321333101013320000011001021020000000000153242671
1145311041241001321441432240320430133422320440402310331020000000000004100000000000243152181
1125113303430143104221344042220211400232101022331340041240000000000002000000000000135423159
1105333040043234431431001044122900230113123122440240322110000001001010410000000000524132908
1135094443022009409194320230142003311304434433943311119220000110001023220000000000341521583
1134999143009009499994399930149003311304434433943311119000000100008013210010000100341521289
1135999143009009499999399930149093341304934933943311119040000010004013110000000000341521195
1135044310222222421393933431044110313431420230440410031200100010005013210000000000341522445
1115011300240324402321343201422931311432200419311301240440000000102011010000000000352411715
1115411030092243001203901411444922232111414029233033034120000100007011010000000000153422671
1145300093492113339203142439311944041404910244094012022020000100007014310000000000432151622
1145300093492913939209142439311944041404910244094012122090000010004014310000000000432151695
1145041030400141204044943243310191124220122329309103441330000010105024320000000000243152847
1145041099409141204044943243310191994192122329339103441331010101005024220101000000243152473
1105230330310320419301100010044999323210224391131999211440000010101020420000000000523412644
1115419122921143440001033430232019319304322019019102221440000010005011010000000000352411500
1115919149931143440001039940232019919309322019019102221440000001009011411000000000352411445
1115919199931143440091099940299019919309392019019109221340000001008011010000000000352411429
1115919199931143440091099940299019919309999019019109921340000001010011311000100000352411439
1115919199991199099091099939399919919909999919019199991990000010001011010000000000352411351
1145339403029243039434412214100931441190043309022214104020000101008024320000000000243152017
1145339402029942009404412294190921441191149309999214904020000100009014310000000000243151764
1145999400029942099404412294990901441191149199999214994990000100101024220000000000243151947
1145999241414433014442001014233104110202433099209049032320000000108014310000000000324152163
1145999241494493024442001014932104110202433099209049132390000100007014310000000000324152191
1145000444210210324411134021223904032334342193031134034210000001101024220001000000421352145
1105933333032121049994301114414119341223003200104229901000000001003010410000000000523413752
1115912991939131021904494399303310929419932929991114134290000100008011010000000000152342097
1114912991939131991934494399923313929419932929991114194990000000110011011000010000152342227
1115912991999131991934994399923313949419939929991114194990000100007011310000100000152342323
1115914991999131991934999999933313949419939929991114194990000010007011210001100000152342675
1125932311149932133212002219944499001332320091231441422031000100009012110000000000125342439
1125932399949932993212342219944499939332329191293941422990000101004022120000000000125342241
1135112434414001103320234311244933200120001032432313442210000001001013210000000000214531672
1115904002202134339122021413104914021440233401244010211430000011001031321000100000453213921
1125443130302434142323112322400911142200104092403324102030000001101022120000000000145322236
1115432224401034341124131241403921040002320312201134031430000001001011010000000000254312028
1115021423413430240114432100022121321014013413302304203240000000000001200000000000154232533
1115309121019009300142129024322493101990490310124139142330000000108011411000000000453211507
1115999191919099999149129099999990101999099919109129100990000110001021020000000000453211394
1105990220240449199910214919494900002100999999991409999140000010002010410000000000543121717
1135293933443000243141144099334919493344390043919292999220000000107013210000000000431521910
1135993933903990293999991199339999193390390093999199999990000100009013210000000000431521240
1135993933993990993999990099339999193390399093999199999990000000000003900000000000431521291
1105304004344344331300210214112014302242103410321124023230000000000000200000000000542131911
1135193113290304393044922004429910944430223433199390312110000010105023220000000000431522076
1135193113290344393044994029419910944930943933199390312190000001007013210000000000431522369
1125092322410204033340231121311920430411144033422342200400000101001022120000000000125342770
1125042112343324001140434224400211113132144222203000130330000000000002200000000000145232248
1115242413214004021224223413102133044300030311421013120430000000000001400000000000153242788
1125121213294242033030999421103499243201030091322203440330000100007012110000000000215342217
1125992494220399999949024009393924924024299029220304009390000000000002900000000000215431292
1105101002094222139111419234044920400231031433404214310340000110007020320000100000543212217
1105101009094222139111419234044920400221031433404291310340000000107010410000000000543212212
1105191042440012212010434433223902033324123102401130403130000101001020420000000000523142077
1115011120233344401123402400244101322230230411131204433040000000000001400000000000253414972
1125492299132241332429201933111919900222144494999204314410000010008012110000000000415231154
1125992299932231332929211991919999909222999999999299999390000011002022120000000000415231161
1105410224122104340113230440313030334102230422401321144010000000000000200000000000534212941
1125349233144211309999413331140939922324232022921932001410000110002022020100000000215341548
1125322123323304102310011243344210413244140014222130100040000000000002100000000000145231970
1145222443411301100340412224302413042211433130303012404320000000000004300000000000231452892
1105200300031442319919190322431100441332014409224913014330100010004010310000100000523141471
1125021392242211439221133300004901233424341423193014201130000100104022020100000000315241532
1125929192292211439221139300004901293324341429199194201130000100107022020100000000315241169
1125129332100133214924331110320492404043112042213223013000000111002032421100000000215342640
1125191229293299402044929319993931490212004312342400024930000100005012110000000000315241853
1125001413412203314022402222003204141301110344323120143430000000000002000000000000135242952
1125919243012240442292430420199992000142913192941301123430001000103012110000000000125341301
1125919293012244442292430421199992000142933392994409929990000100104022120000000000125341250
1125014441101023112232424330401939143033200122340322214010010001003012010100000000125341946
1125014941301023112232424330401939943033209122994922210010000000103012110000000000125342074
1145044104444402239401001313113911011322332342402220402320000011001024320000000000341252165
1135433331440320203309991443120941940912241943093110039940000000104013210000000000421531832
1135142333200204240343030213024323423411242103042110414110000000000003000000000000421532241
1135230411433324411442423123212303123200024140321030044010000000000003000000000000421533009
1145344003021493919349134322492941291432941291449012200230000010004014310000000000432151598
1145024443244412231000143300201421104134033322113402321300000000000004200000000000234153614
1105344210019141049009042910321221214102413390494033203330000110008020420000000000534122763
1105349940019143099009091910324299499102413390999033203390000100003010410000000000534121705
1105203330339133342103911900414900094412023492144001122240000110008020420001000000523411846
1105203330339233349109911900424900099914093492944001129240000001007010410000000000523411540
1105190110102034240313132342444932231231024421001031003240000101001020420000000000523412026
1105990190102033240319332332944932391291024411001031009240000001008010410000000000523412000
1105990290909093990399999333999932393999029912003032009290000000000000900000000000523412771
1105900911121011331223939019992909012909003221909094223240000001001010410000000000543122003
1115433244104010202322413033244901344031020412121104133120000001001011010000000000253413329
1125343204342104431094223000000149301211244022223313121430000011003022120000000000145232183
1125044294492114901099221099199149041299299922229490129940000010007012110000000000145231871
1125044294492111911099221099999149041299299922229499929940000000108012010100000000145231927
1135003314220001243343011124410332303442142132431042201240000000000003100000000000341521541
1115431123321040442214042201434919233011000031113422432030010001003011010000000000254311977
1115431123321040442919042201434919393011900021113422402030100010004011411000000000254311872
1115031129321009932919932201999919393011990921119922099990000100105021020000000000254311865
1114091199091909939919900991999919399011999931119999999990000100009011010010000100254311640
1114091199091999909919990991999919999011999991119999999990000001004011010001000010254311086
1115431241441043041221043220023100133440414212003321313020000000000001000000000000452312565
1115941121304213222990301401304922434010100219924911434220000000102011010000000000152342162
1125022324212444032230994034310991134034301329011032041220000001102022120000000000145321763
1115913013423414449490911003203949413931192091420320311240000010101021020000000000352411826
1115919412423414449990911393203999913931192091490320911240000100002011010000000000352411407
1145244941424120300440023434122910111222433331432031310000000100003014310000000000341252071
1145043200113004311043432204210442223133321320140113444200000000000004200000000000234152491
1135133221132434241910303003110092403341214429313100222200000011102033421110000000214532256
1144941122442999194912941992999144291944929919249949999990000010008014011110010000234151812
1145041941292231301294999429203944119909124044929991441310000010010014310100000000234151525
1145941941292901901294999429233944119909124044929991441210000100009014310000000000234151539
1144941941292909991294999429210944119909124244929991441910000100011014310001000010234151431
1145949941292909991194999429211944119919114244929999449990000100002014210000000000234151482
1145394123043220124403490401012911404432332391041991413300001000107014310000000000423151677
1145094091041920994490490499999919404490201999949999499290000000000004900000000000423151572
1105322341100043132114402114333032004204301440201223124340000000000000200000000000524132791
1105420013213231240304203311414020340241213213142310404400000000000000300000000000523413122
1115411120103122041229230214210911344313344043923049903400000000103011010000000000254312042
1115411193103122041229230214210911344313344043999249903400000100004011010000000000254312007
1145240324310033430992419440419999922120149223413313124430100010003014110011000000342153319
1125922923934140009212423312410499392914310093129322431300000010101022120000000000135241931
1115040020104334202231111303443949911142402011123034022340010001004011411000000000354212205