0325999999999999999990990299999999999999999999299999929990000100005012010000000000425311841
0325999919909999999999929999999919999999290999299999999990000000000002900000000000435122137
0325999999999990992999909999999090292999999909999999999090000000000002900000000000345211776
0335999999999190919999999999999999910933009991319199099990000000000003900000000000432511989
0335999499919999993999949999999993949991999999399999919120000000000003900000000000134524000
0315922999993312393939924994142999299299929329192399943990000000000001900000000000154233495
0315940209091949449042993299999940492321193249999293932420000000000001900000000000351244335
0305929294294399294999949924493492992999099309299092949930000010007010410000000000523142652
0304909994999909990999999499999999999999999999999999999990000100007010310001100010541231559
0335999999990999009990999993099999999399430999999499999990100010009013010000100000124532282
0305999919191990190999199999999999999999919909919999999990000000014100900000000000542312000
0305909999999999999999990499999999999999999999999999909990001000109010410000000000531241489
0325999299421940099994999999999992199999999999999999999990000000000002900000000000345124000
0335929949292999992933924993999999994499999949999999994990000010002013210000000000124532596
0325999909334999390999923932909999999009009439940934929930000000000002900000000000125344000
0335999949999492109399999992190999939992999299999999399990000000000003900000000000412531906
0325999990199999999399913210939992999919999999939299999090000010005012110000000000435212453
0335991939193999999999999999999999999999999999999999939990000000000003900000000000243511762
0315999999999999999999301900999999999991390199999999999990000010002011010000000000351422641
0335999999399999992999999999999999999939929999999932999990000000105013210000000000243511559
0345949294999999099999999949999999929999999999999999999990000000107114210000000000123452645
0345999499999999939999999999999949999993999999999934999990000000000004900000000000214351364
0315999199999929993999299109399299929919339999299299990920000010102021221001000000154234000
0325919299991999992919993999999999999939299999999999999910000010005112110001000000245312586
0305999999999921992999222999999992999909909992999999099290000000000000900000000000523142277
0305909992999999999999999999999999999999999909099999999990000000000000900000000000514232000
0315999419999999499999991994999999999999949999991999999990000010005011410000000000251431366
0315919440919999999990999494949999991999999999999409999990000100005011010000000000352142608
0345999999999939999994999999919991999399999399149419999990000001004014310000000000123452280
0335992932999999999999939999999999239999999999999999999990000000000003900000000000214531881
0335999999999299993992399939999999999999999999999999299990000100007013210000000000123541419
0325999999999912999999999999999929999999999992999999919990000100003012110000000000245131567
0325949999999999494999949994999999942942949992999949999990000100002012410000000000235141750
0345922229091999299999022399993999329433229929949999999490000000000004900000000000213453923
0305999999990229999999992999999499999999900999999999929990000000105010410000000000523142813
0315999999991999999919939999999999919999999999999939999990000010005011310000000000251341321
0315299949999394999999229919949999991999991299999990993990000010011011010000000000152432591
0345999939999493999999999999399993924294232399399999999990000000000004900000000000213452684
0325999939299433999929939999999993394999999939394499392990000100003012410000000000215432878
0345999999999992499994999929909999999999919990992991992240000000000004900000000000234153586
0325929999999949999999299999999999999299999999999999999990000000000002900000000000435121258
0325094140441013331099994401303912422431433394410003310010000000000002900000000000235144042
0304999999939099939999099999919999991999999999999990999990000010003010410000100001521341636
0305999393999919999991939939999999999119999999999009991900000000108010310000000000531422663
0345939999993999999999999399999999999949499939999993994990000010003014310000000000213452000
0324999999991944999999992992919999999999999999992949999990000000109012111000010000215341485
0325999999992291919909999999991999999999499999992949999990000000014102900000000000235142675
0305999199999499999999999990991991999999014999990149999990100010008010110000100000543212031
0305909999999999999999099919099999999999999999999999999990000000000000900000000000523141510
0305999999334929919999999993232909329999299290909234439910000010004110410111000000521435000
0335999999934999999999999999949999999999999933999999999990000000000003900000000000123541114
0335999999939999993499999499999999999999999999994999934990000000107013410000000000321541437
0325199293949914444333999999991923993994944039929909440090000000000002900000000000425312641
0325999299919999999999999219999999929999199999999999999990000010005012110000000000245131123
0325999244199999999993929943393999999999993993939299939990000000014102900000000000145234000
0335999921199911123199293999999999999999999999292939991920000000000003900000000000134522585
0335939999993429004199949429090994494022912493919111129010000000000003900000000000134522462
0325999999999999919191929999999991999199992999929999991190000000000002900000000000435211943
0325399999993999999993992323399999939999239999999993999990000000000002900000000000245131736
0345199999999999990992999299920942490099940099999929999090000001010014110010000000314251541
0345999999999999990992999299920949490099940099999929999990000001003014210000000000314251895
0345999990993199291999999402231499099919933102903422999220000000000004900000000000324153627
0305942430993949999999939330499999023999999999999924449230000100003010410000000000514233426
0345999993999339991994991919991999999994919194999999999990000010008014310000000000142351353
0305999499994922999499900924299949909944299299949999994490000100001010410000000000523142167
0335999991191191919999091999910999319999999199939399999190000000014103900000000000324513000
0325991099999994991919911191994949492999949990921294949940000000000002900000000000415234000
0325999999992919999929999999999999999999321999999999999990000010008012110000000000345211574
0325999999392999993332999991999999999999199299993399999990010001005012110000000000235412241
0324999999994944999999929999999999999294999999999999999290000010010012110100001000235141810
0325999999994949999999929999999999999299999999999999999290000001009012410000000000235141658
0325999929999299999999999999090119902999999999999999199990000010004012110000000000345122077
0324999929193291999999999999999919999999923999999999999990010001010012111000010000345121589
0344999999999999919491999999999991999999999999990999499490000001008014310001000010432152185
0345999999010040909991999242999992999990999999999999940990000000000004900000000000243153499
0315999999919399999209919099309993900909939992099139009990000000000001900000000000452314000
0325399993199900999101329393299999121919999099999999199990000000108012010100000000145232869
0325999999999999999919929999299999929999999999999999999990000100010012110000000000145232000
0305990999994999999999999994909999999999999999949099999990000010007010410000000000521341750
0345999999993999922909994499909999999943999999999992999990000001004014310000000000413251925
0345992999119940911999999940999999099999290909099999429190000010005014210000000000423152838
0305999941224919199991992992999949990099440999919199999990000000000000900000000000542133867
0345999922299099299199929092999949499992949999999999999190000000000004900000000000234152648
0325993999992019199922994990909999999440499999999909991990000000000002900000000000245133038
0325991991999999999219949929991949999991294999999991999190000000000002900000000000245132467
0305999999920933399999233999999999903299999909999929999990000000000000900000000000523412119
0345949999093990999999999949999949999999999999999939939990000000000004900000000000413251524
0335999999919999999399999399199999991999999999991999939190000000000003900000000000142531563
0335999990999999293999999939999939999999999992999999999990000000000003900000000000143521609
0315999291393332992939993991999999913929999999299999999990000000000001900000000000254312890
0305999999990399999999999990929993999099399999999999999990000000000000900000000000523411741
0305999999999999999999929992099999099999992999990999299990000000000000900000000000523411540
0335029929999999949934999949994994999999999493349999099990000100003113010010000000243512861
0315999299999999999999192929999999929299994992999199991990000000103011410000000000153242624
0325999393292993992999993999999999999999999999999939939990000000000002900000000000425311763
0345999999949919999999999999999999999929499499992199999990000001004014210000000000143252567
0325994999499999149429999999499929999499494939499999992990000000000002900000000000245133002
0305999909919990999999991199999999999919099999999919999990000001005010110000000000543121902
0325999909999334239999999933499909009999904999290990994290000000000002900000000000415324000
0335999994999999999999999939399949999999999999999994999390001000109013410000000000123542000
0325091913039499909143193903300923199410909992393293404000000000014102900000000000135245000
0315999499999944199993999993999994199999919999949999993440000100009011410000000000251432742
0305999999999993949999993990994990934439499999993930399990100010003010310000100000521432182
0345999994199949199919991999999999999999199999999999999490000000000004900000000000243151852
0315229999419449999999999243339999999943129929999999913390000000000001900000000000153242910
0345991299999999191991412949999999991499299999919999199920100010008014110010000000243152435
0325999999399919999929399999299993999992999999939399939990000000000002900000000000135422504
0305999999049499424994902999929999290299992999999999992990000100104020420000000000524133000
0315999993999999999999999391999999991993999999999991999990000001004011310000000000352411940
0315991999999993999999939999999999999999919999999999999190000000000001900000000000153421679
0345091099909249999094999291191991999999922919199191949990000000000004900000000000243154000
0314929929999199999292999999999299299912199999999999999990000010009011011000010000354121964
0315929929999199999292999999999299299912199999999999999990000000000001900000000000354121971
0305999990999939999999909999099999999999999993999999939990000000000000900000000000523411862
0335999131399249111222249922014999999999999939299999999900001000109113010110000000234514772
0345990949044293900999992913019999199233329190011112191920000000000004900000000000412352844
0335999149994421902919994923911993192902493999299190010140000001002013210000000000234514673
0345999419119999999919499999999999999991949999999999999990000000000004900000000000243151898
0305999909999939999993999990999999999099999999999999999990000010007010310000000000541321492
0305929993999911229999999929299990911292191309092999939210000010002110310110000000531423962
0345939399912999419999191191991999393999949933999929999490000011002024120011000000132453777
0315991999999999949919914999999999949999999999999994949990000000000001900000000000251431472
0304933399039993099999909929999939939399999999293929999990000001008010410000100001523413000
0315993999999999999999999999933999999999939999999114194990000000000001900000000000152341792
0325999999939939999939992919939999939999929991999993329990000000000002900000000000125342732
0345929993299920993949299999209992999999999992299449992990000000000004900000000000214352858
0325999999932999992999999999999999999999999999999999992990001000110012310000000000145321758
0315999491499199999999949999299999919999999999999999999990000100001011410000000000452132218
0335994904992900919409991092411999004132921100904993132010000100107023421110000000324515000
0315919999193999999999999992999999999999999999991999999990000000000001900000000000452131760
0315929992919429992999499129929999999919999999992999999990000000000001900000000000154233000
0315994994101044092499929999290942944990922902294199999990000000000001900000000000253144000
0335999999999442999999999949429949949999923949999399993990000100007013210000000000123542746
0345999909909999999999242929999949999990990909900299949990000000000004900000000000413252736
0315999999919999999199909999999999909999099999999999190990000000104011010000000000453211303
0315999999991999999909999909999919999992919990999999999990000000000001900000000000453122207
0335999993993990999999990999939999999999999999999999999990000000000003900000000000431521503
0335999909999911999999999999999999119939939103901990909110000000000003900000000000432512712
0315999299291999291992991999999999999999999999299999999990000000000001900000000000254131693
0305999909999999991190999999999999999999991919999999099190001000103010110000000000542131771
0335919999999999999999991339999999999999999999939999999910000000000003900000000000243511715
0335993499499919999994999099499919999999999993999390919190000000000003900000000000431522865
0325199999919429949991919294499999999999994299919999939990000001008012110000000000145233389
0345199393493220019999209939990999913903991999994024131030000000000004900000000000214352832
0315949919299424999992999999999999292249999499921999199990000100003011410000000000153242191
0325029999999949999999999993009399233234909990099909449990000000000002900000000000215342321
0325999993929999999999329999999999999929999999993999999990000000000002900000000000215432000
0305999999099449119119419214014929109999999919199299999990000000000000900000000000543213399
0345949999999909999999999999499999999999999999999499999990000010001014010000000000412351751
0335943999999999999993949999999999999399999999999999999990000000000003900000000000132541496
0335191099999999099919991109999931999131119999999993999990000000000003900000000000123542306
0305939999994999999999909999999999999949030999999999999990000000102010310000100000512342785
0305999019920992929999999949999999999999999999999990999990000101007020420000000000523144000
0325109019992904940999113923091990110939230499099999990090100010008012411100000000425313549
0305999999990993339999904499999999999990999999999999999930000100001010410000000000514231692
0305999999999992299999999999999999990992990999999909999990000000000000900000000000514321847
0344903993939399999999999994999999999999999999999999494990001000103014310100001000231453000
0325999192999991439921919999004909291090041499999194991130000000000002900000000000315242049
0325929992999999994999999999499499999999499999999299999990000000000002900000000000215341547
0345999904999999999994999999999999999999949999999909999990000000000004900000000000213451682
0345999299999992999999949999949999999999999999999999294990000000107014210000000000413252000
0314999999999999999999299999999919999999199919999999999990000001001011011000010000451231752
0325939939999399999939929999999999999999999999999992293990000000000002900000000000125341890
0335994999099949499993490093949993999999999999999909999990000000000003900000000000421532213
0335990299199922211442119093912903199990999920391090029010000000014103900000000000421534129
0345029993199992231211943309201999194939913322919400021300000100005014310000000000234155000
0304999990999499999909999990999999999994999999999999999990000010009110210010100100534121839
0345199999929999990249929919992029929921949090992904992900000000000004900000000000413253027
0305909299999939999999999990999999999929999399999909999930000000000000900000000000523411830
0305999991999999999999919929992999999999009999999099212290000010002010210000000000543122549
0345999999349399999499999999999939949999399999999999099390000000000004900000000000213451595
0345993999949991123999939999319999999999991299994343392990000000103014310000000000312451705
0335920999912219921211093910904999092003423910919992999990000000000003900000000000432514247
0345999399994999999999499939991999399949999999999999999910000011003024120001000000312452307
0345999999994499999999999999990994999099999999999999999990000000000004900000000000413251216
0345999990009990999999949999999099909949999999999994999990000000000004900000000000412352000
0315999929129912992929292999999999999999999999999199999990000000000001900000000000253412000
0325149999492999991499291999999149994299999999999499999940000000000002900000000000145232309
0325949999999919499199149999299999999991999499999941292910000000000002900000000000235143000
0325939999929909003399992999999933399909299993999939993990000000000002900000000000325413000
0335999999999999993999909994994399999099994939999949999940000000000003900000000000341523000
0305999999999199999999199994349994909191399099999909949940000010002010410000000000531423500
0314999999291299999999999999999999999999919999999991299990000010007011011000010000452311565
0315991929994999999999999491999999999992199299999999999990000001002011410000000000152342162
0335029193090319949999999212929999009990234499990999429990000010005013210000000000142533661
0325999399993992099999990992900999999999999999999099290990000100004012010000000000325412322
0324999921299999999999999999999999911999999999999919999290000001009012310101000010145321808
0345999999999999191999199494999999911199999999491999199990000000000004900000000000341251877
0345992299099994990999429299992999999999299992249999999990000000000004900000000000234152208
0335139929192439299911999123110099999949914999919910922440000001109023020110000000214534006
0344999999999949999394999994999999999393939939999999999990000000108014311000010000123451881
0305999999209999999294909994499992999999402999999929929990010001007010410010000000524132684
0305920999399934439399909239999999990939949939399399999990000000000000900000000000523414000
0305919099901994490999949999999919919999999991999999991910000000000000900000000000531241893
0345999999199999490999929949919999922929199129992291119491000100011014210000000000342153709
0315999909190999299299999009999999919199999999929999099990000010001011010000000000354212394