0745201009420903399494029999929999993149943109991304999490000100007014210001000000531242814
0715919299329992332909009991199212092090919921999929091990000010009011311000000000345212291
0714919299999992292909009991199212092090919921999929091990000100007011311001000010345212120
0735991311031114001010139434220942004943300291932442414200000001003013210000000000153423272
0735991490330094919491493192991912994419923112391439239290000000111013010110000000235413872
0725933999932349999292993933399999999922999934999922999990000000000002900000000000314521701
0745901094012029404490919090990992992299999191441409999990000010003114110010000000532143342
0735299909993999199290993193990929909310239292929331299990000100007013210000000000315422753
0705999293209209919939209909999993999990991992229099220290000001010010310010000000425312768
0725943904929993210440431102033999999191029049443329492420000000000002900000000000234154664
0735999931929392999090109309999939932293919199999913122920000100008013210100000000351421803
0735999931919391999090199399999939939093999999999913999910000000000003900000000000351422233
0734999099999990399999999099999990399093999999393000933991000100009013411000100001512431533
0705933919993434990191194049399999999004910911011949403990000001004010310000100000451232721
0725999919222999999999999929992999219999999992999919919990000000000002900000000000354211630
0725999299999999399299999999999929999999999992222999999990000000000002900000000000154231473
0725939923119229999939993492944999999249992491993929939990000100012112110000000000134522032
0705499939113990139004913293004931490914193244939391199090000001111020220101100000431253146
0704499939113990139004913193004931490994193144939399199090000001108020220011100100431252963
0715200123099100119333349942422943494991244091124399340000010001008011010001000000341522983
0714999999919992991991499999911990909909999119999999999090000000110011411001000010542311834
0705993999920494149099920499041903992042910422239929999990000001010010410000000000425312517
0705994999920494199099920499099909992092990922929929999990000001103020420000000000425312659
0715993023193130093199991919999999999119999293993392299990000000000001900000000000342512667
0715990933992991909199032109299911044430129943993493102900000100107121020011100000341522428
0715990933992991909199999199999911003239129943993293199920000001009111010000000000341522515
0724939939492999994243924993999949994249999923333999922990000000107012110100001000124532607
0725949939492999994243924994999999993299999929999999922990000000105012410000000000124532146
0734999939999949993499939494399994999499993949939499939990000000111013410010000100312451823
0735994432249910299430902321901949494929043393112921949390000000000003900000000000213453375
0734999999399039909939999999339990999990909999399999939990000000108013210010000100215431539
0705993990199934149122442321134909994111230490909299901030000100108020420000000000435212191
0705993990199931149122442321134909999119230490909299901030000001009010410000000000435212203
0735999999939999999039090930309193999391493199999999999990000100104023421100000000351422466
0725999190902932404299999223140999119339224139139011030400100010007012010100000000234513068
0725943939994992243493209119090933344023921194990902032141000100010012111000000000234513742
0744941994999993099911193919330990441499939999099149499090001000105014310010000100123541540
0735929494993999203333329929992999949499939299999929999990010001010013411010000000123452090
0725999399999929992999299999099199939990229999299399992930000011008022121001000000154231591
0715999999993334242199229929349199992111143999999132999990000010008011410000000000143521659
0715999999992999999199999999999199999111199999999199999990000000000001900000000000143521422
0705229992909394990990993934999999992393404999900239024990000100003010410000000000435121569
0705939902929930993993990993992909299039939209999999390990000000000000900000000000423511803
0735993994221020029199993090341999993409433291999943999910000010001013210000000000213452940
0735999939939993999994994933949939944999999999994943949990000000000003900000000000215431649
0724999992294999999992492999999929994994999999929999929990000010008012110100001000254131214
0725999992294999999992492999999929994994999999929999929990000000000002900000000000254131431
0745900492419100203942992944103992022999402249309129911990000000000004900000000000315243350
0705113090299940442929034413244032021999223139343414114010000000000000900000000000423512762
0745991919940401999999999990929901999442199214999194924990000000000004900000000000351242681
0725929921120999999999199299199999111999299999999992291990000100009012010100000000354211419
0745939409333294993939349999994099029499292943939399922490100010011014010011000000213543029
0725939902499949909990922499922999403093999949929399249990000001010012010000100000314252526
0725399313094143219499929993212940200919324119099134134920100010005012411100000000514234630
0735913493399449394903490991949904044100113349090999909190000000000003900000000000521433664
0725999990994090139924499449420999999901119092292942990230000000000002900000000000234152089
0745999919999999999999999999999999999999449494994499999410000000110014110000000000235141065
0735201132112221209991144433324931004421232400900194430240001000107013010110000000351423369
0745990949930903419994433994122999999909291199909499024220000010103024220001000000531242453
0745999439932499999999942999999999949399499999924949999990000100005014310010000000213542056
0715999993131949431999934999199999993919994991999991999990000000109011410000000000241351426
0715999999131949431999933999199999993919994991999991999990000100005011410000000000241351353
0715999099999194999909499190991999999999099919499119999190000000000001900000000000543212244
0735900909232949929994499991993909439999202290944342313930000010007113110010000000521431710
0734999999932999929994999999993999439999292299999349323930000100008113210100001000521431690
0745919494999999991194991999999994424999999919999299199410000000000004900000000000253142136
0744992314914193493921412323449929999992929933419211299390000000111014311110010000253143337
0705999941319212129999409299922019903190021299994900999920000010009010410000000000431522005
0705999999919191129999909299992019909990091299999900999990000000000000900000000000431521319
0705909191902919949112910999199991992429941902022009991120000000000000900000000000435212590
0705314414400211221994199244042999192944233093049921031030000000000000900000000000453213593
0715999913994139391093991339991919949394319099949999499990000000000001900000000000142352001
0715432991999993999309199919999919939999999199191909999930000010008111010000000000241351669
0715991120419390942339439093490933244910309121009399391040000001012011211001100000341522601
0705990999099994999099099999099909999999499994999909999990000000109010410000000000423151261
0715944130120043093329990924440903193193123093404140231290000000000001900000000000341524068
0705999999999999019099903233929912331200919399210939932090000000000000900000000000423512918
0744919992929991949994919299090994924929211999199449429090000010005014310001000010153241753
0745999419494994909999909992999999094294499999909199999290000001103024220000000000235141998
0715392930111444039390241220403910234440130012904443302330000000000001900000000000345123177
0704991049949931319191999919903991939934093099990909104430000010010010210011100100432152397
0705999909199990349039994099993909491199490999994394199040000101009020320000100000451231718
0705999909199990349039999099993909491199490999994499199040000000108010410000000000451231557
0705999999991090999992999099999999992099999909999990099990000101010120220000000000435121783
0725404494239099349240930090043990493992903199231240240210000100011012411100000000354212722
0725404999239099349243990090043990493992909199299240240240000100005012110000000000354212731
0715099990399913999011329129399999109919999999999199399920000000108011010000000000145231546
0715399999999919999311329129399999139919999999999199999920000000000001900000000000145231626
0725929199302933399322201113293999999913299999399999999990010001008012110000000000254311499
0725999299399999112299933992999920011099129999231990911990000000000002900000000000234512011
0725033204494320149333419030044923324112001492401390140210000000000002900000000000234513015
0744990499904900999999994994920994994992999929949029999990000010008014310001000010521341444
0744990499994990999999994994909994994999999909949099999990000001009014210010000100521341351
0745990499994999999999994994909994994999999999949099999990000000101014010000000000521341217
0705990999922499929999092333309999299940934909999099990990001000107010410000000000413251749
0735092220442301419332112420341941042422101192003341040310000000014103900000000000315423967
0745949140040424220929203294909920949999992900929939999220000001010014310000000000513242680
0744949240040424920929209294909920949999992900929929999290000010009014310001000010513242289
0745949240040424920929209294909920949999992900929929999290000000000004900000000000513242537
0745109993034112233031091411313999930334404004900942222210000010003014310000000000513243373
0745090031393299229044290349042990132994993499104299999930000100101024220001000000512343068
0705993499014344094931939434392094999939110244009343930920000011007020220001100000432152755
0705993499024394094934939439299094999939940944009394930920000000107010310000100000432152403
0704994499099999094924949499999094999999990944009294990990000010009010410001000010432151979
0715403034421024403999020332022933913040112023314402142140010001004011211001100000143523843
0715999999339499399939930910442999999391992211193994114920000000000001900000000000241532900
0715399134149949949999943991999931139934009199331993449990000000000001900000000000341522543
0725990019991992992999929334923999932992214099999999499990100010005012110000000000154232915
0725999999999999999991292999999999212924992999999991942990000000000002900000000000254131869
0745999990049409994909193999994934999099199999999944999910000001002014310000000000321542116
0705321220023944009303329939444912104293430112224193993140000010110020120011100000435214054
0735939291994399309942299931034939999139102099999244114191000100011013110010000000125432133
0735939999994399399992299931039939999939112099999944114090000100003013210000000000125432068
0735920999932923399099033999999999923092999990900003900990000000103013210000000000523412897
0745190911900993999994140994913990191499333941909494999190000000000004900000000000531242739
0735993239999919192999929399199993399991999993993129999990000000000003900000000000235411463
0735990999039292240339992902004934499034990990390992292340001000110013411010000000523411813
0735990999039992240339992902004934499932990990390992292340000100009013010010000000523411680
0735990999039999240339992992000934499932990990390992299320000000111013211000000000523411931
0735990999039999900339992999009939299932990990390992299390000001003013210000000000523411733
0735999994339399499999999999999999349999349999399999939990000001009013410000000000125431104
0745994229919499999949992394299949999439199993492992299290000010009014310000000000153241626
0744994229919499999949992994999949999419999992492999299990000000108014310001000010153241885
0745994229919499999949992994999949999419999999492999999990000000102014210000000000153241718
0725929991929299099999242149930999991312999920999949349940000010001012110000000000134521768
0735001193992022490391340121434913944093141409109142220340000000000003900000000000352412860
0735219399239993209990919999999921932392429210113493994901000100010013110010000000251432259
0745022220999304913199293300321949990909494400994230334110000010103024320000000000523143518
0745029120999304913999099300321949999909494400994990334110000010107024320000000000523143256
0745029190999304912999099300321949999909494400994990334110000100004014310000000000523143393
0715939199991149001910999013990999999909490949910900940940000000014101900000000000142353013
0715919299940144999993904910010993932499441413319290999990001000114011010001100000241532830
0735099999449994993339429929349942292399423909499994229430000000111013211000100000513422079
0724929990442924249393409294999909304939030929994300424390000101009022321100101000514232704
0745999492149991994999494999199949929999999999999929194990100010004014210000000000235141209
0714991994199942199419991999499929999999119999999499999290000100009011410001000010243151670
0735411492299403103309919913024194199019040039394021911340000000000003900000000000152432844
0734939094049919999909194999990999993139943991999933494930000010009013210010000100251432612
0735939094149949999909994999999999993139943991999933999930000000109013110000000000251432977
0745033943944321230930012021433999001412201219129049043310001000108014310000000000532143256
0745033949944321330900012021431999091412201219129049049390000101005024320000000000532143375
0705909922999941949909999090409990999999999999910914249490000000000000900000000000425132175
0715999939911999993339919999999999999919199939991999919990000010005011310000000000142532000
0715999093449149099999099931149190300349433939903911199340000000110011010000000000341522623
0715999093449149099999099931149199300349433939903911199340000100003011010000000000341522682
0715293329144141409290932239940129294239991193930913434440000000103011010000000000341523952
0715293922190111423340320449122939040033421439313209342440100010010011010001000000341523788
0715293990190111423349329009129939040033421439313299342440000010107021421001000000341523407
0715993999199111423329399099129939000033321439313099902440000100005021421000000000341522882
0714999999199999991199399999999999999993991919993991391990000100004011011000010000342511372
0745999940903292249909339009149999029343929199990444399210000010001014310000000000521343124
0735990399099903399099999991939990999909199949999039939930000010011013411100000000531423419
0715999499499399949941993999999994999999131119991499133990000000104011410000000000241531619
0715991014324331449099199990930941443949391991993243909990000001109121020000000000345123530
0715991019492391449099199990930941443949991991999293909990000100107121421000000000345123305
0715991019499391099099199993939941443949991991999299929990000100108121020000000000345122819
0715991419499391099099199993939941493949991991999299929990000001005111010000000000345122593
0725039932391332093904030944421239239914043143999909224090000000000002900000000000314523089
0705999099900909199991922993999910099939919199092293933990000100001010310000000000423511446
0705993412024202339490929929319901994921003994101399192330000001005010410000000000452132828
0705911919099019299999099901299991999999999029192101119090000000000000900000000000453212690
0735920139192902449932991000044922200999341432119399032340000000000003900000000000235413129
0734901114344190919399499449039999443949993990199140343900000001010013111010100100321453489
0745999909994094994999909099999943909949999439990930994990000000000004900000000000521342760
0725999021991419422909994121491921994993091099099491323290000000000002900000000000234512498
0744992449999099994929990942199244999909121999499299921900000000108014310001000010135241224
0745992449999099994929999949999944999909229999499299999990000001001014210000000000135241264
0714999009191922099010909900292991919909939900292919991390000001009011411000100001543122003
0715999209191922999910909900992991919909999999992919991090000010002011010000000000543121632
0715393432044244229100103144033902214030213390020142314420000000014101900000000000543214323
0745043999999021299399949390022919994949239943999999144910000101004024120011000000231542042
0745233914313100213431090044220933492311022299930044210210000000000004900000000000231542417
0735049323219921999942214999911911103994193340221443943920000000112013010110100000132453700
0724912999399124441292999991949929913942924499999999999990000001010012111000010000134521577
0725912999399129441292999991949929913992924499999999999990000001008012410100000000134521687
0745949293949919994932422239931999999343419433999923119990000100005014310000000000125342290
0725901990142211440330330429401919033404922299399301214430001000105012111000100000524314360
0724922991291999192219929992199919999999139999399919999990000010105022021100010000354211491
0725922991291999192299929992199939999999139999999919999990000010103022120000000000354211526
0714929999299199912299191999919999199929999999999999991990000010011011410000100001145321799
0715929999299199912299191999919999199929999999999999991990000000000001900000000000145321823
0715909144210422990994219909999999201192029441910999242040000000000001900000000000245132244
0745119912302301099909924949932909190190414244199130499190000001005014310000000000531242609
0735929932923392109132293990929999999999990019329999939290000010009013110010000000325411911
0715999139999499942139922131199423399992419499999399129930000000000001900000000000245312900
0735999393999993149999399399999499924909993099991999434910001000108013110010000000123451542
0735949434999999904494909319999949313199912339214994434110000001008013210000000000231452367
0734900931413434003094404039119999014191911910934449990390000010010013210010000100231452479
0735909930443434003094949039919999414491911909939499991390000100102023120000000000231452803
0735240041039909039444419991949919401019033203929339999900000010009013210000000000321453708
0715990024110199499920401949194902941200999999994201999040100010004011010000000000543123169
0715992999112299999999299199999999999994142992119992219990000001007011410000000000243151620
0735933414999999999999449919292929299399999933349929349420000000000003900000000000123452077
0744990999293239322022244499943940343993429922332993999990000000109014110111001000123543193
0725999949919922242999149999400999929902499093949993909920000000000002900000000000154233088
0735911190290919349112030491199933920243490391290199919300000000000003900000000000352413883
0725429914194002994294999419999991999004209992499990424290000110003022020100000000234152770
0725429991194002999299999419999991999904209992499990424290000001007012010100000000234152594
0715992124294942909919490193222941110009333991444902903990000000000001900000000000243151748
0745324342099900999243999390392999022303909944222034049990000010001014310000000000215341664
0725032903341942003999992990102290094132411144493919333420000000000002900000000000214533407
0725313419022430409191001322423911910124420394440019310330000000108012010100000000154233432
0705401022443333310419119394093929990999119940014194999990000000000000900000000000453122753
0745944099099293294199949902421099992990909904192132499020010001014014311110000000531242441
0745909119429491004940919049299099921999920999991219990440000100005014210100000000253142794
0735144333001921949944439329102934002419121109010293291940000000000003900000000000521433364
0745914999099999919910940999999999999499494199499999999490000100008014110000000000532141752
0725991999999919999219199922999921299192999919999991999290000000000002900000000000154321961
0734939999999493393999999329999993399999999999999999299990000000107013110110001000125431214
0705990303399949999949909999999990993999999909994490340990000000000000900000000000412351456
0725129940933129949099933219494999901920920499929992349140000000000002900000000000514232946
0715090224321991010212343330999990243340900129291944921000000101010021421011000000245314284
0725923143399911199999414932399929299393919329494299992940000000000002900000000000154322328
0745339241420024309999424191011929922191013332933929914430000010109024320100000000215343025
0745929241422394309999424991911999922191211392933999994430000001002014310000000000215342876
0745109422422331229990442223011492399141400132190100301010000101002024320000000000312542455
0745109499499399909990440229030492399142490132999100309910000100105024220001000000312542011
0745944922393409099032099044409942999903990399909299999990000101007024320000000000215342166
0745944922390409099032099944409942999990990399909299999990000011008024320000000000215342039
0744944922992499999999999944409949999992999099999999999990000100010014310001000010215341508
0744944999992499999999999944499949999992999299999999999991000100005014211000010000215341265
0705299910142432231124444423132042330434301210313021312040000000000000900000000000451233539
0745999999942999992999994999929992449492449999999999999990000010102024220000000000125341687
0745022921110014133229110200443949329231039422999930031440000000105014310000000000125344815
0745991999041391919941994090339999190904949914999994913990000000000004900000000000351241993
0745249414229102319022132139093421449339999999114992992910000010101024320000000000253141654
0704934449311190943139991994909909930939399934099909043310100010011010110011100100421532607
0704990999099909990994343093399994994999994909999939999090000001010010110101101000421531506
0735119124994100014494924033133392199990190921929490013300000100107023220000000000123454143
0735119429994100014494994033133392999999190921919499913300000000108013210000000000123454092
0714909999992199990299199999999199902929011992299991920100000001104021321001000010345212171
0715909999992199990299199999999199902999211992299991920100000001008011010000000000345212265
0715490149303404299443309141094991319304492390301139222430000000014101900000000000541234549
0705920490299092399200999929213909990999991122999499921390000000105010410000000000415231454
0705299990901423922240909949993019922900939391999924992920000100002010410000000000413252247
0725149199999911022219999999920990992229919991999999999990000010010012010100000000254132394
0725909221210999099990929229999911099099919099909992999990000001103022120000000000354122293
0745399299222149149999991192929994094094299499909349909910000000105014310000000000512343294
0735999934349499999099499999999939349999399999999999399390000011003023421000000000213452453
0735993999919999443999939999331999999992999999999929393990000100011013210000000000312451223
0735994140149910219132231141091943422292210093443323494000000000101013210000000000123452493
0734919393202219302909999190919993923022991909033909190090000101004123421110100001132453438
0734990012312020299011322923293999901391930900221391999290000010012013411110100001351423684
0704909999019099999999993310039191999119999999999103309990000001009010210011000100453212433
0705909999999999999990999991909999999119199990909990099990000000000000900000000000432511291
0715241919939233041999923942992491993132391219999999499220000000000001900000000000241531462
0745139929993320293900991944211939300204143094930949411910000010108024220001000000512343008
0744939909999399993990999944999939300004949094930949493990000100008014310100001000512342639
0715421991194199494999499999999129912299999994999199999940000000000001900000000000145232204
0705992900099939999993999999204390329299033499929999990290100010008010410000000000423512269
0745922199999491909149924001199994292149909099199419941900000000108014210000000000352142172
0745399999999399993990032042042902909314424219099990312440000010003014310000000000532144651
0725999999992991099999919933430911922999129022999239114990000000000002900000000000154231685
0715432230042400043410332414431999332121102422243999433010000000000001900000000000345124330
0715999991334939999199999999999999191999119999933991349990000000000001900000000000143251702
0715019190092039220999499120919993941112429099993999429990000000000001900000000000142532853
0725999993000399999929299992392932329393030999299903399990100010009012010001000000314521855
0725499939091019449200399241941922994321391992309903290440000100002012110000000000234512519
0725924991991939113993291921919949921393229399919939999290000000105112410100000000214531979
0724929991991939119999293921919999921999229399919939999290010001007112110000100001214532221
0735992019320023449011232110310301292911132429999322014040000100105023020110000000135423636
0735992019329023029011232110310301292911139429999322910941000100009013010110000000135423442
0735944343000091029494394019911044999901900294939199993330000000000003900000000000321453167
0735991932200999093009099939391999909199931909339999999990000000000003900000000000531422320
0735919490393413229990911393214999910912194394091031924441000100007013210000000000352413383
0745299109419991029049249009423904191999992949299100900420000100102024120011000000321543390
0715939999199399990919399193939999399199999109199919999930010001008011010001000000542312222
0725999924492999499994900009292999499999009299249299949990000010101022020000000000514231824
0725999924492999499994909909292999499999009299249299949990000110007022020000000000514231823
0725999924492999499994949949292999999999009299299299949990000001104022020000000000514231703
0725999929492999499994949949292999999999409299299299949990000100005012010000000000514231833
0725992241999491390292920202303939944940143391999999040990000000000002900000000000324151990
0725929212949319199999941993999939999999999929999219929230000000014102900000000000124533205
0715999441994999994199999919999999919999999491491941999990000000000001900000000000142351843
0715999991494999224919919914499911993999999999999421999990000001007011410000000000241351158
0725400399042341149920091212349393303421401099999431231290000000000002900000000000314523772
0705999491049999949014119299000999199999940190121124494990000100001010410000000000452133446
0715999913919233999399399939929193391999921999991319993990000000000001900000000000142531792
0724933399319131991329222919214911999399922113999999939990000010008012011100010000254312645
0745939492399211449910324311393991992411000341992299393410001000110014211101000000235142759
0745909432121249139930423322043999299931190094129321400410000101011024320000000000135242127
0745909422191249999932423392049999999939199194129321421490000001004014310000000000135242999
0705299914490403030992239024203933102112231324344423411310000000000000900000000000432153762
0705903111199190994991003999109901099999999999999199919990000000000000900000000000452132549