0325992009121399919009990339999903999919112900931999091930000000000002900000000000542313739
0335999129114492994421913394139999299999921994499922992490000000000003900000000000135243952
0335922999993399292929999999293999949929999929999499941290000000000003900000000000154233272
0335991929999923199129923939999999999999999991991999929190000000000003900000000000435212567
0325994009209192999419444999999909499990214999999949191990000100005012110000000000532143756
0305993999249920933339992209939934223949039999999249992990000001001010410000000000214533689
0345999923022399142022999002911990003002901320339993334240000110011024321110000000435125000
0315999299199999199299929991999999999999922999999299999990000000000001900000000000425311932
0315929242240090999999999099199999229140499999249909499910001000112011010000100000325143911
0324999919999119929999919910299991999999099999299999199991000100008012311101000010352412760
0325919944490043919199499409301919299419999299499931943200000010010012010100100000352144646
0325901099219939929990991990999999392919990991999999999990000100007012110000000000352414000
0325930031104904410199929991999909901999904431931299909920001000109012411100000000542315000
0335999999994999139909911199991949999199394949999499199930000010112023020100000000431254000
0335909990909099999999994099339999099999999999949399449990000000000003900000000000531243000
0325931999999992029994493903031999999929911393919949090031000100010012010100100000342154903
0314993399333309993999999999010099991993919999399999999090000000108011010000100001423512778
0325999929999999999999999999232099999999999999999999399990000000000002900000000000412532349
0305994332999999099499902492994949290929999999299929949290000000108010410000000000213453854
0325999992199999919199100991909999909921999919990291919990000001001012010100000000452312773
0345049999929393490992999940999999999092039999929939309990000000000004900000000000435123634
0325940004919999299990999194942994494991299499990019999990000000000002900000000000352143946
0325994919299940134999919999393904443000942903991309903020000100003012110000000000432154904
0315999999999999999999999999939991999399999199199939999990000000000001900000000000123451746
0325993494414433009949939999923999992111410299939391399090100010011012010100100000142354760
0325914341394949239114933291999934149949900234111949393390000000000002900000000000152344753
0305992233999994999929929499994934930039444093999999999990000000000000900000000000214533958
0305939223941994413922343324134223343942901139224912419000000010011010110011100000215434952
0324999993993999993393029999929909993999999999999999399920000001012012110100001000142533000
0325991099099393990999090120991931119999391999903329092900000000000002900000000000542313807
0335999094942991949990490901323990902920999390944421019920000000000003900000000000513245000
0335990999393009439999999999999999999999949992999999944990000000000003900000000000315243870
0305921293299243939319999941090914492990114999999934919420000000000000900000000000251344921
0325900144439393320004103194112901431340942399019910941990000001010012311100100000452134994
0325999199902439999991929394239999999199913999999999999990000000000002900000000000452133595
0324991919193299991393903090012999199030919939329131999990000000109012411100100001342513527
0325991999199299991391903391192999999999919939129199999990000010012012010100000000342513496
0304992991991990099991229999999991999909992199999999119190000100009010310001000010243512805
0335929940399949939994900299999999043299999929999499049990000010012013211000100000314254000
0335999909999093999999999993939999909999999999999999999990000000000003900000000000514232000
0335994394991001994144909099309999991999099194999999399910100010010013411100000000431253240
0305999932999992309233329293999993913099990993993999299990000010009010110011000000234513931
0334990999933919499999091994999991999999499999909499199930001000112013010110000100531242813
0335999999933919499999091994999990999999499999999499199930000000104013110000000000531243601
0335994909199999399999190110493499119499099909991993999400000100008013010100000000451233946
0334941049309491394009190199999911091999193004444494940910000001007013210010000100341253949
0335991049309991394009490199999911091999193144494494940990000000104013110000000000341253980
0305999911444022321999934401932939993919199191931432229900000000000000900000000000241354863
0345911923429933999919992994322999999942299999199199999290000001007014310000000000154323275
0345999920999941412099999910914902099992999920299929200910000000000004900000000000543123842
0305914399911249109434993219499913392904031399293939229440000000000000900000000000231544950
0305392999913929949992992133130929319902343999999993990390000000109010410000000000245134332
0315949999499413019949919939299994999999029949099494499990000000000001900000000000321454750
0314929999991399493999399992911499299939992292999292999990000001011011311010110000324153813
0345999992929999999909999999999929409999949499992992922990000000000004900000000000314522866
0345999333439099993009039091999991393999949909009499999090000000000004900000000000341524000
0305999999999999999999909999099999999909949999499999999990000000000000900000000000234151758
0315994949099990999094499199001944990999499992219949099990000000000001900000000000423153920
0315939499992343914491420903490949392322299999949149293440000000000001900000000000523144874
0325999999999994419999399999929999393909999939929999994920000010011012110000000000532414584
0315909999999919999999999099449999199199999999999999999990000000109011411000000000521341399
0345291019004921343291019019999939993999393931090111329340000000000004900000000000451325000
0335999299992200439929290090929904299294203999499249999390000000000003900000000000514234000
0304999399999909999999999999999999990999999999939999099990000010008010210011000100234512000
0305999999990292909991990999999999999999999999999999999990000000000000900000000000243152616
0345999999900222994999149009499999090199099909929992209990000000014104900000000000435123853
0345990192999999249919999929994999990919992999909990399940000000000004900000000000453125000
0345930999011322249939399100929190014339223219399991311940000000000004900000000000351425000
0335999292999449999929299994003992329999990399999494999990000000000003900000000000314254000
0335999099990999999029991990033991999939949999929990949940000000000003900000000000513244605
0305921392399393999392910319919912923993990913222939999900001000112010110011000000235413953
0305922393929399999939902999244922032424999094399249499940000000000000900000000000234513939
0305999929394994993922994399999099993999999399929934900990000000000000900000000000215433670
0305199929019192499999999999490991390939311999919999911440000000000000900000000000214535000
0345922199012229300999990992041992929119334399991002993490000110005024320000000000145325000
0304990919999999999999099919999999299921909999999999999990000000110010310001000010254312208
0305990919999999999999099919999999299921909999999999999990000000000000900000000000254312489
0335909999994999299999994929923990999399999999999993299990000000000003900000000000413253725
0335992429999999934294993909999992294394922999294429499990000000000003900000000000314253680
0335909929199929099292241932929992990994390990290193999910000000000003900000000000315243763
0345092290922999999994990949999929999991999994999990999990000000014104900000000000315423479
0335909092244942292909220234909910049099392924909999499230000000000003900000000000513244944
0335999990949090994499090939999999999999032990094993990920000000000003900000000000513243106
0325994499490393394944309239493093999909930904409492924990000000107012311000100000432153599
0325999914214949199991991991999929999999929999949499999990000000000002900000000000542132739
0335990001994499499090944943099909991191999399999300990190000000102013110000000000431253952
0335999919199994999499191994999999999391999999999399999930000010010013410100000000341252557
0335099299994999999999993999493999299999949994999949999930001000112013010010100000514232948
0335949999999299399999499399499999999999999999949999994930000000000003900000000000315242769
0315999409499999919999919393194949999999099994999499309930000000000001900000000000124353801
0305924294494991991199110949909941929999194014921499999290000010008010410000000000253143980
0305911199999999999991999999099999999099992991999199249900000100008010410000000000245133276
0305999921499439039299923443931929299990111999999949904220000010009010410000000000234153857
0345999999999449999199999499999999999939999999999999999990000000000004900000000000143523000
0345292993139310149912393991331992994933203091229193914000000000000004900000000000513424677
0345999999999994999999999199999999999999294499999999991990000000000004900000000000134523000
0305929911999932091921199231930999939229929919113022922190000000000000900000000000241534000
0335919991991999902919149309090990193149999919991994990310000100007013210000000000154234407
0335909499044349999949999999999999993294999494999994099390000000014103900000000000351242752
0305992299999929999999992990909993999392409499999299999990100010009010310010100000215343504
0335999999994932999999999999939999999999999999993999999990000001003013210000000000435212119
0335919912924242430099940419134229993900949922942109094000000000108013110010000000345214964
0335923990999099999999999999999992990993999992931909999990000000014103900000000000314253096
0305409049999999949322999909994993999999999999349999499940000000014100900000000000243513451
0305943392999913912239299393409929494493991999944343940030000110004020120011100000215345000
0305992449999949994224999999999949909999944994099099229990000000000000900000000000235142801
0314992004492920999202929990999999941049909192929994992190000001012011311001100010325144000
0325999999919999999999999991102999199999992999999999920990000000000002900000000000542312687
0305992399912919019999999993999993939319190999399999990110000100009010210101000000234513822
0305993999299409939993329994929939094990992993339994939990000000000000900000000000243512763
0314933999993199199999999399939999999999399139993993999990010001012011410001100001123541989
0315933999993199199999999399939999999999399139993993999990000000000001900000000000123541996
0314994993999999499999399991491999999999399999999199994390000001012011011000010000321542794
0315994993999999499999399991491999999999399999999199994390000000000001900000000000321542915
0305991142929219329313333220999934441992490031341224134930000000112010210001100000231454907
0344991999991990491999099940909999009999199499991999999990000001009014210010000100543122948
0324999999949999299994924999099099909999099999999999999420000000111012411100001000542133000
0325904444901409003940239011913293211939140319301930941100000000014102900000000000142354960
0305999999903999999993999990399999999999999990999999999990000000000000900000000000241531437
0335999990904990499093099490999949404929943999990229494390000000000003900000000000514234000
0325914004942012331439010390033949991449910414390110091230000000000002900000000000542134536
0324990990099999999299119999191909999199999991999992999290000000109012111000100001352142464
0324990999099999999299999999090999999999999999999992999290000001007012110100001000352141508
0325199999999334049999909940323999999909104299490209919190000001004012110000000000152434615
0314999933493999999993399499999999419199949999999999999190000000111011310010100100123452393
0345993399399900149039999994439999999939099909999039909911000100009014310000000000531423090
0345999099999999999999999919999991994994999990099999199940000000107014010100000000541323000
0345919233102419392292310939940922311202990929219491199110000000000004900000000000145324625
0345029020301299992111393930394991122022039399092921139440000010012014010111000000145324968
0305993349399999999131991909940911399994344419314199113090000000000000900000000000241533965
0335949494424102234949099491923991490291103241109109092900000001108023220000000000143255000
0335999299499399999999111999999992999911319499191993499990000000000003900000000000354213187
0345029090999929099999999999904999999999999994999999999940000000000004900000000000145323000
0305922929919929994339999944990999319900291294999999999240000000000000900000000000234154833
0315994222493090102299049394019924902999393094990292409190001000111011411000000000124354904
0305923434302139009993311939922444931142193244499432939490000000000000900000000000231454936
0335999999999999939999999999999999993999999999999999394990000000014103900000000000145231749
0325999999911391924999904911393999099921309999109999191210001000108012311100100000412354870
0325939999900901291999099999109993999901099999193922110990000000000002900000000000342513958
0325904949033019143993191490302099992439134293949999999990010001003012110000000000342515000
0335929199993990999999999999999999999999999999999399939990000000000003900000000000354212553
0315949999142994909942992999949922491922429994299900199990000101005021020000000000325144000
0315999999929203190399900029093999099291103399999999099990000000000001900000000000325143522
0315999299999999999992990999199992209222910099290929919990000000000001900000000000425313000
0345933309939920249330993204929929909999993292009934999990000000000004900000000000513423941
0345901990992929919922914919999999994991999992999092999240001000105014210000000000415323636
0325939491290993929491999949030999999939409199149199023991000100008012010100000000152434525
0345999999199999999999999499999999999494919999999999999990000000000004900000000000153421264
0335999449999999902949992921139444929900210999299493912390000000000003900000000000135245000
0335292900202429939200999999999991099949299193049024499320000000014103900000000000543214534
0304993999999199999099999999909399999999999993999999444900000000112010310010100100231543611
0335494990949993299994443299294999999499949999904939999990000000000003900000000000415233535
0335994349999093999049994999493949449099999944999999099990000000000003900000000000413252937
0325043310140092429313994394934999093199929939440999009490000001102022120000000000152434946
0325939439039112323494999999909934430099909939344449329900000000000002900000000000312544787
0345993009019922992902394193034900309999203433232939909120000100012014211101000000531424956
0315930990399999993999999999999999399900099409990999119100000000014101900000000000423511786
0335999923921139999993999999999999199999441999999999999990000000000003900000000000135242974
0345921999929429211291999994349929991999993999999999999990000000000004900000000000134523373
0335992999399499999949939399499999999499499999999999999990000000000003900000000000314253000
0315933099999911999900990999903999309999999999999303990190000000000001900000000000524312940
0305999199999229939199101299999911990993920999191299999990000000000000900000000000253414000
0345919991199199922299192999429999194929919199099999999490001000109014210000000000145323730
0305949299999109999999999949294999499194932193299999194000000001008010310000100000215344569
0304929492299994999999999494190994129919999044499949099990000001012010310001100010234153928
0305992999949992999299909999099929192999999944994249290990000010010010210100100000234154000
0335922912214209232144019014300999991949999992942019399440000000110013010110000000154234853
0315933099330901292230999990011999939999393293999099999291000100009011211001000000523413926
0315399939993999429493999229121903939029193290999430299940000001001011010000000000423514582
0314992999933344999299999939341924949999942123494324942190000010005011011000010000123544000
0315992944933929429942494199991439433294299933929192999930000000000001900000000000124353977
0315999390999994913999399499904999931949993999992999394910001000110011311010100000123455000
0345999099499099991999999999149999999019999499999991991990000001004014110000000000451323000
0345913220190393429001992130034933291392924291903112999320000000000004900000000000351424995
0325940039333904999339939299349940091992992993199999999990000000000002900000000000432514454
0315049999099419490990910920909499994492909099909999099910000010011011211000100000123543587
0315999499991999999094419944419999999949999999499999999990000000000001900000000000423152992
0345993933930390241999931339024929393099191043909199999990000000000004900000000000431525000
0325993442399999999991433999909934199049930293992943394300000000000002900000000000312454592
0305999499919149993149991499990999499902133099999991412920000000000000900000000000241355000
0345990939299134910919393949291992930901912322210492312931000100005014210001000000345124602
0305939939991990403994399440919999399999999919991933999910000000000000900000000000243513909
0345999999099949999914999199999909999999999999999999919490000000108014111000000000431522625
0333999999394499999299994999943999994999999999993994999990100010010013111110011000541232141
0325911491301004923149413940102144932490399431413339091300000000000002900000000000132545000
0305999199934914999991999999909999994999999999999034334090000000000000900000000000251344000
0315999399493999419393924393244999939439199299199992299990000100005011410000000000423513710
0315992999293249322002332399924923043993431132244994199990000001008011010000000000123544972
0335111299913240930190499424192911949924012494243499920910000000000003900000000000145234837
0335909219149912042992919999090092324244394092929994909310000000000003900000000000154234164
0305999119999299993929909199939901919399999039311399113990000001009010310000000000253413631
0304939999932993091993329990921939923999239099999999999990000001012010410000100001243513295
0335011119994949939199994999219991921394994999941399491990000000000003900000000000154234087
0305939494049939999114109939999943190999499933449199331990000000000000900000000000241354000
0305943944011924949339942999902993994942932293999993924900100010010010310000100000231544925
0325914304000230223344493331010131949040991191341199944000000000000002900000000000132454982
0315932009234031219494499499302943443932930212999933943220000000000001900000000000421534897
0325909400099999309403343901921994342990349499999299099490000100010012110000000000312544225
0324909400099999399403343904920994342990399499999299099990000001011012110100001000312543908
0325909400099999399403343904920994342990399499999299099990000000000002900000000000312544000
0325990903244992999493349994299999000499099099993499939390000000000002900000000000512344000
0345993301394994223090399090192993991013411999991999999391000100009014010111000000531423765
0345922990499091499290909219199919909029949991199099909990000010005014210000000000354124000
0345991199999921099999999999994999999191449999999199102990100010005014210000000000435122871
0325939994409349903199190099942934129199290090939049909400000100004012110000000000142534942
0325943193419214129393990903414939933914100994492391113940000000000002900000000000412534931
0305919229919992909919499919491999190999994999929019999490000000000000900000000000253144000
0305944949099914099119919999999119919994299299999109922990000000105010410000000000245133592
0315994999990944939994949919999999091949999949999199999990000011005021020000000000521434000
0315294449219301339999919999929949999999002999499994930390100010004011411000000000421352892
0325949499194049940009999190499949999999992200499091992990000000107012110000000000412353921
0325904909994499949110941299992999999199421199099949999410000000000002900000000000532143938
0325443399499992949934499199929999999499949999009993339921000100009012110000000000132544486
0305991191909192993999099912999999944121409991994929192220000000000000900000000000243154322
0324904990094933999339903999999990904999229399039493400290000001008012110100001000412353944
0325900990990999949999949993999930040902393293999909999420001000111012311000100000512343861
0345999129299999909912949499929999299999900099999499999990000010105024020110000000154324000
0345911192999999999229091999919992019992194992109499199940000000000004900000000000345124000
0344991999999944999191999999994919999999999999999999991190000001012014310001000010453121890
0345991999999944999191999999994919999999999999999999991190000000000004900000000000453121926
0305999949999999449999499909499994990999999999409999999990000000000000900000000000235141843
0325991999199139919994991991293949999999132999919992999990010001011012310100100000132453386
0314999999999900919999309990099999011009999999999999999991000100008011211011000100425312647
0345903999994999290999299999929499200290942909909002990990000000000004900000000000514323718
0325913494119493929339301009933914909440991291094013231310000000000002900000000000152345000
0335491440109992991910999991943991993909423294091999444190000000000003900000000000531244695
0325999999144992999419999990999994999900994299991924909940010001007012010100100000452133466
0325999999144992999419999990999994999910994299999924909940000000105012010100000000452133741
0324999139311399993992999199492999199999944999399913939920000001009012011100010000152433877
0325994493949391294990994990439394043939129299999994393410000000000002900000000000142534851
0305999999093919949114992903919912990299199919199999119990000000000000900000000000253415000
0345921209991903903190293190404991921104013039192930133920000000000004900000000000153424876
0345900099190129299409999922994999929290009492992090999090000000000004900000000000345124000
0325994009499434993409429934942993930999392493399949933990000000000002900000000000512433975
0325149099999499903490091239021999993993399199909900029910000000000002900000000000312544202
0315090229290343109344292139091929999294943390309920093400000000000001900000000000324154950
0315909990099149999999999999419949999990909909999910999991000100004011010000000000523142718
0305929992999990994999999999999299990999449099999499999990000001012010210000100000215343000
0335999499293994999999949999929994929999399999922923492990000000000003900000000000413253000
0345339990009999399009990920943999999394999903999099939490001000109014310000000000534123617
0344999990099999099009999920949999999994999990999099909490000010013114310001000010534121533
0315999999199999999949499999919299991939933999949999993990000000000001900000000000123454000
0315994999999999999999499399219942931999444999993499399910000000111011310000100000123544000
0315929399149999999994992394494399999299932144999229943410000100011011210001100000123544000
0345020330924301119391032429123919009992214099139999992990000000000004900000000000314524860
0315999999992114499929393999991999999399994999939934999490000000110011210001100000123543447
0345930919192212330000009119993409024119204121909192232230000000000004900000000000543124556
0344993999904999299929999299499999999499929990999999992990000001010014110111001000354123064
0334940909209422434294429993299229093949099420904999049990000000112013110110001000514233838
0335940909209422434294429993299229093949099490904999049990000001001013210000000000514233974
0335991999399999999040949929999990944920499994949029094330000010001013210000000000513245000
0305999199999919999919999991999119990999999999999991110900000000000000900000000000245312000
0335909999999099999999199900099999999999999999999303399990000010007013110000000000453212223
0335949999990493994439309999994994994999999949999009909990000000000003900000000000413252682
0325999199999499929999920090999999999049999299999499994990000010002012110000000000352144000
0325399919999099999299293999992999999309999999999993099990000000000002900000000000532142828
0325999349493999999199999224391999349949923999493994999990000000000002900000000000142533041
0345929999922090102293112092990999294099094929949999999990000000109014310000000000345123376
0344929999922090902290002092999999294999994929949999999990000001007014110110001000345122703
0335999992949903999429999490993999392499049999999999949990000100002013210000000000315243823
0335999999999999999999999199999999999993939999999999999390000000014103900000000000314251247
0305919999999399099199939999990999999999999999999999390990000000000000900000000000243513000
0335999999939939999999999919999999999999119999999999399990000000000003900000000000143251295
0345099999992392949919323291904999392299094199033919993391000100012014110011000000314524767
0345999393923094999939243903302900024290339999399920292990000110001024220001000000314524000
0305922322499119902323932291399933490399099129919439943910000000000000900000000000235414896
0345993999199393009992999999104999999992299999991224990490000000000004900000000000134524709
0314900909119199399099999999990999999999999090909999999990000010007011411000100001321452251
0335990990341991219194999449223940909409049299911310299920000110003023220000000000531245000
0325999919942910019991929999499999999999994999994999912410000010009012110000000000532142613
0335999939939990999999999999399999999999990999999999999990000000000003900000000000415231170
0325930999490194421013132330412999311409199101339949019940000000000002900000000000542315000
0335999904919999929994491349121499012999439999941999941930000000000003900000000000431254387
0335309949911129129940990240942992092149999219420009203130010001012013211000100000341254973
0314999290994009492290924940914929991990919999999999499990000000111011311001100010324153731
0315999994994199910904449999919994499994999990090999990990000000000001900000000000523142995
0315943430390302309490913992201904933049999949909949130940000000108011211001100000321455000
0314929209929999209999999422290999999912904199999999994910001000112011311001100010321453813
0315929412929999949999911999939999999999999929999329999990000100009111310000100000124532697
0305929299999922399992999909909992999299909929999929999990000000000000900000000000214532414
0345109992199349109999990399949999099993009919999123141200000000000004900000000000314524521
0325110499993099999094990090992939902039290193999999999490000000000002900000000000512344429
0325999219049999929994999499940999999999910999449994091920000100005012110000000000452133792
0335999999499999299999999999993994929994999999993992199390000000000003900000000000134253594
0325999932939333919199399929919993393999921999991139999990000001001012110000000000142532618
0325999999999999999999999999999999992999999999999999229490000000000002900000000000342151494
0335909229419494090011000109914999929013492491904999403230000000000003900000000000354214944
0335414114299991499202002320194901924024092490109200211330000010012013111010000000435214778
0335941121999991199909092320194929922920092999909290299330001000111013111010000000435214689
0335991910901191490124409094493901101109999999099339999990000000000003900000000000451234942
0335991019399099999911033999949999999900099999949999099990000110001023120000000000543214000
0335999192299909990021999931099912120209099320909399111990000000000003900000000000451233982
0335999910399992999999934929949991909299929291909999299930000000000003900000000000453215000
0305923992312999042339903444944922999999941322999319929100000000000000900000000000235414888