0825499009939022929239999999299919409093230999019239999920000010010012010100000000342513672
0825949941493331909119399440000919229342229299999241144200000000105012110000000000352143648
0835340221114410401411313344034909234919921922030122032020010001013013010110100000135243610
0835992994414949339939949399913923191319931999919991999900100010011013010110100000153242785
0834992994419999339939949399913943191319931999919991999941000100010013211100010000153242663
0835412221103304024022133143203924110409939309121409141020010001012013411110000000154234494
0835412929103304022229133143203929112409939309199409141020000011005023120010000000154234032
0835412929093314022929133993203999112929939329199499941020000100107023120010000000154233389
0834912929493314292929133993293999112929939329199499941290000110012023021110010000154233147
0835922999993314292929933993293999949929939329999499941290000001004013210000000000154232805
0835201904021323019102403231010990933499293494934419920410010001011013210000000000435212833
0835091904021323019102403939090990933299293994934919911410000100001013210000000000435213200
0825993001209492439312444291123909499990244499999942111290000010101022120000000000532143632
0825340301234132111442201244942943304043393290001010101420000011011022321100100000532144169
0825340301234132111442209244942943094013393290001010190420000000110012111000000000532144023
0805903433240940031329992209939432424949033209332249992090000000000000900000000000214534679
0845999923022341342022999003211990003002401320334443334240000100001034130011000000435124507
0815909299129121192099921991444999999449944309209291921340000010109021020000100000425312983
0815909299129121192099921991444999999449944309929291921340000000103011010000000000425313061
0815322242433090130432432019101903034140443092241201442010000110010021321010100000325144412
0815029242333090139909992019101992239140443092241201442010100010004011010000000000325143873
0815920400203319314934400122013432420411391309209422140230000101011021321010100000523144661
0815929494224319314999949122013492924911391309299492140230000101002021020000000000523143940
0825919944490043919199499403001919229412229299499231343200000000105012110000000000352143673
0815930029129904942992243190949199991990093300990199910110000010009011411000000000523413571
0825411499201239021191191920993900402219020340999919999200000000109012411100000000352413895
0825230030411304410121420241244901001999934331133240032920010001012012411101000000542314333
0845093922420234002934492401144993309103012492901011310210000100001014310000000000134524377
0835399999094999139903901199911944394199394943939099199930000100012013111000000000431252562
0835119990909034939999034039339999099993491999949399149990000010002013110000000000531243422
0815930341434044203394924993012239301190914491091293100020000000107011010000000000423512865
0825292123009043219499903929202329409993399094419999399910000010110022121000000000412533314
0825292129009043219499903929202329409993399094439999399910000100005012110000000000412533452
0805924334410410013343001402221921230913431144322322340210000000000000900000000000213454512
0805309099439039919924094999339940999390904902499993939390000000000000900000000000215432774
0835392100392213412323029992441902304499992403401299939290000000113013110010000000415233002
0825440014219339234000229131432941420991294391100012431330000000000002900000000000352144259
0825994419249140134122911303121901443004342303221330033020000000000002900000000000432154608
0815294999999931309322313901002901229434230190143320121000000110008021221001100000123454060
0825914341324942209114333291002934142249100234111040130330000000000002900000000000152344432
0805992233299944010929919490494931910039442003999399909990000000000000900000000000214533928
0845993204323211449020400324114993420901931029943229192190000000000004900000000000315424262
0825930090424324900199090124091931119420441390903322122330000000101012110000000000542314004
0835992294342911419000131301323990902920993390444421049320000001004013210000000000513244917
0835090422393101439990399493499993222999143090299999904930001000112013110010000000315242765
0835990992393009439990399493999993492999443090999999904930000000103013210000000000315242895
0805419943994299239919313429000999920920000999911129494290000010001010410000000000251344816
0825200144432323320004103124112901431340142399019910943920001000112012411101000000452134677
0825291243133291421393903000012939311034904432429441120400000101010022421101000000342513191
0825291243133291421393903090012999311034904432329441120400000010009012010100000000342513145
0805902992921100009991224401434991929909912309991992342140000001009010410000000000243512894
0835499203292113439399999993131940901929411149499033201940000001004013210000000000514232964
0835994394991041934144903040313999931999491194999993309010000000000003900000000000431252626
0844921411020999142491299992942949999194919999999209494190100010009014111011000010435122630
0845929411020999149491299992942949999194919999999209494190000100002014210000000000435122760
0804919932999902103213329133399993011019910093901392209990000001010010410000100001234513551
0835240149433344429004201130144931090223242190409201232230000101105033121010100000531243604
0835394903492994329013130122203449111049031411904193990420000000000003900000000000451234223
0835941029303401324004120123423912091119133004444494312920000010012013210100100000341254437
0835941049303401324009120123423912091119133004444494312920000010004013210000000000341254424
0805324349002094229443909399099923390039294039493992994990000010001010410000000000213453632
0805000041444023321999434401332939913929199113131232222000010001012010210101100000241353084
0805000041444022321999934401932939993919199113131432229000000100111020320000100000241353117
0805000011444022321999934401932939993919199191931432229000001000103010410000000000241353354
0845400090032991343322012429041921992343421493009112910410000110010024321010000000415324784
0845490090032991340322012429041921992343421493009112910410000100001014310000000000415324855
0845999920999441432099294900914902099412343120299420300310000000000004900000000000543123617
0805914390211249109434301210440943393304031331292032229420000100111020220001100000231544476
0805914390911249109434901210440913392304031399293032229420001000102010410000000000231544342
0815149419499413019949919909291994919999032949309434491220000001013011311000100000321453112
0845999939999499994900030449044999999090994049932399999990000101010024320000000000415322650
0845930423229994990923404994292033409929043419932290922090000100010014110011000000314523953
0845993333434091903009039211092923343911441102209429490140000010012014210101000000341523992
0845993333434091903009039211092923343911441102209499490140000000107014210001000000341524162
0805999223313494019394202129010939909400132399499944332400001000105010310000100000234153967
0814994421094990194014419199001940494999499192219049099990000001009011311001100010423153440
0815939499902343114491422903413941392322210199949149233440000100002011010000000000523144480
0825943112329444419040300230421990130049323201321049904420000001109022121000100000532414266
0825943092329444419049300230421999090049323201323049904420000010004012110000000000532413761
0815939139499110999139999494344994109194349199039999403190000000107011010000000000521342124
0835909224331201139923291090023924224194403499440249923310000000000003900000000000514234594
0835999032439214330409341114992942231990429994124134029310000000000003900000000000415234231
0825994232090939349429240013921932314900323394412140914110000110001022020100000000432152782
0805199222199902923999910130490099230930944449911392094220100010012010110011100000234513026
0824929499211949292211114199429994999991999992199919992990000001007012310101100010152341929
0805994449010112909944910220999999099992999994029994420920000100001010410000000000243152594
0845930390310322243939344100422190014330203219014211311440000000000004900000000000351424395
0835999990299021492939429129134999923992030329322392304190000010010013110010000000415232750
0835999299931013439029491440033902909939443191929391129920010001009013210000000000513244287
0805921392399393999302010319919912123301190013222923099100000000000000900000000000235413645
0805921393129390009039902999244912032124924094399249492040000001010010310010100000234514218
0805449324241413413931392290430032201901341132222934000340000010009010210001100000215433451
0805130323033122449992929939400901320441411090914191212140000000000000900000000000214534908
0805990929999093339992099331934909293041103990229909919490000100010010410000000000254311692
0805990929999099939992099331939909293031109990229909939390000000000000900000000000254311960
0835940403002421014390211923213940190349211202493343299210000000000003900000000000413253522
0835392423929992934294393409190992134394311199294429022990001000113013110010100000314253077
0835940220109941093202241932223904994444390330230193999110000000000003900000000000315243720
0845092290031914309204293941994929929190914994449093999090000000105114310000000000315422093
0825994429410343394944002231131093202209310404403432921310000000000002900000000000432153595
0825192934204444314293491014233929930099221192403349999990000000000002900000000000542133557
0835019341194224011009102942230991391394492199490349399330000100010013210000000000341252986
0834919341194404911009100941939991391394499999490399399330000000107013210010000100341253412
0805024304344491991192120323300941022132124014011449933330000000000000900000000000253144604
0805922244313430030294133442031041104430111222911234304230000000000000900000000000234153966
0845049949999441944199999490949999999939019999909999390190000000000004900000000000143521837
0845222490134320143912333441331992994130203091229103414000000001105024220001000000513423938
0845099999992244209142922091399924941191304491099901210400000110005024320000000000134523248
0845999999999144299142992191999924941999394499999999213490001000103014210001000000134522875
0805929911999934021921102231040999939240023219113022044120000100003010410000000000241534325
0835911304104304402212241302240900233149219014321240310320000000000003900000000000154234422
0835014191140322031014934994303394993291922414144214029300000000111013210100100000351243916
0835914191140340931014934999303394993291999414144014099300000101012123220000000000351242022
0834909499040340939949934999303399993294999494999994099300000100005113110110001000351241923
0805932299999939999999902020909994999392404490009299299990010001008010410000000000215342403
0805992299999939999999902020909993999392409490009299999990000100001010410000000000215342548
0835342449492934919203149229332932391994029421103299991140000000000003900000000000435214028
0835923220419193299929929199930992994393121092132301003911000100008113210000000000314252679
0835923990419193199929929199939992990393900992232301093990000010013113210000000000314252653
0805943342940113012233290393401929421112991999044343040030000000000000900000000000215344242
0805992431293114331221429440303949309402044091019049211490000010007010310000100000235143919
0815902004312233302232324210340999131041400190922494933110000000000001900000000000325144620
0825490303319140440329940940142930032219122490112410924310100010005012010100000000542313499
0825990909919199940029919900102919092219122490112999920990000000112012411100000000542312589
0825999909919199999129919900102999092219122999912999920990000000103012110000000000542312405
0815992912222394112003993392311939933949942249019903939110000100109021020000000000425314722
0805092290912219049429190913021923323319390992302399990110000101011020420000000000234513449
0805092290912219019429190913029923323319390992302399990110000010013010410000000000234513672
0805913939249103113091313994120930094990392031139224419400100010009010210001100000243512869
0815933919993199119499999399939999999919399139913193999990000001011011410000000000123542545
0815994003099499099904033141211943102334244493413199124330000010002011010000000000321543792
0825149120921404213493120999921940912413043013090223143430000000000002900000000000512344631
0805049099102221949933923920214930943499134410013104921940000001109020320000100000241532075
0805049099902241999993933920414990931499134410019104921990000010003010410000000000241531913
0815100929909941449333922219412903330241324443103042001211000100010011411001000000521434401
0825910920420494994299411999494904291492991911999092024290000000103012110000000000352142734
0815929123230030124192294491104999214104240399433922933120000000000001900000000000123453145
0845319134990194343943100119099941094194939930099903099940000000000004900000000000541323526
0845914233102404312222310431440923311200240029219491101030000000000004900000000000145324400
0845021031301244041111323930034942112022039324022021139440000000000004900000000000145324918
0805213342203203209131321904220914300193324413324144124010000000000000900000000000241534558
0835341141424102234944039291923940030241103241103102032000000000000003900000000000143254766
0845993092092112432009919934349909291124992492010201449420000001111024020111000000534124645
0835393019012314442049000099993992191122314023144393440100100010012013411110000000354213544
0805322041919120994132909944920941119900203294391099919140100010009010410000000000234153749
0805322021919120994139909944990999319900203294991099919240000010104020420011000000234153796
0814929199192999992929999999999929992999199992111299199190000001009011011000010000425311878
0815929199192999992929999999999929992999199992111299199190000000000001900000000000425311945
0845992144103203332314210020034990322023423099210104343140000000000004900000000000354124342
0834099934419000439990400009334999093994999094934419331190000001007113210010000100145231895
0835099934919001939990440009334999093994999494934419331990000100112123020100000000145231502
0835099939919099939999940099334999993999999994930419331991000100010113110000000000145231183
0825449930103903241992092092142993999243404099193922110140000001104022120000000000342513326
0825904949003112143921491490302093912439434203949930212020000011009022421100000000342514600
0835429014123092033999923900900999994999999939911339939990000000112013010110000000354212297
0835929119123092033999923900909999990999999939999339939990001000105013110010000000354212386
0815949994142994904242232199434920021432029394291000141110000100002031331000100000325143949
0815999919930234110319200023043991099231104399999992093410000000000001900000000000325143617
0845433302439920249330493204422910209393921291304924993210000001110024121011000000513423890
0845499049939403310210122331143909114023432399902229013440000000000004900000000000534124584
0844901910992929219922924914994994404191499992910092199140000001008014310001000010415323248
0845334204301102313494120411000923201414420321229399310990000000000004900000000000153422896
0835292900202423939200923499392991093949492193019044493300000000110113110010000000543211926
0805241930419122209029029493002319394319412093399299144100000011009020420000000000231543846
0805341930499122909099029491002319394919419093999299144100000101007020320000100000231543603
0834234902949343039902423229094994049299942934904339299990000010012013110110001000415232875
0835434900949343039904443229094999999299942939904339299990000000102013210000000000415232764
0825043311140042429113994320430930003120224131440999032120001000108012411100000000152434744
0825939431039142123424449219302934430099902939343149329200000011010022120001100000312543893
0845993004112122342002394213034900309140312433232934204120000000000004900000000000531424682
0815930990309999913999939011199999399900094409992193119100000000014101900000000000423512156
0835922323144432319113402129311992141999240929210139994430001000109013210100000000135242764
0834922323144439399113412129311992141999244929212139994930000100011013011110010000135242740
0845921992409424011241229914340929991940030499929100210310000000000004900000000000134523537
0844993221339129291331294923144919411249124433321342219990000000112014011111010000143523718
0835940999390249299949939399439999409493492999330994399490000001002013210000000000314252677
0815930391403311242302114439344909204001940299999203914130001000109011211001100000524313661
0805931132992924999023909120909922919199190930912099391200000000000000900000000000254314633
0845413291190013102319012221400924194034234092349392310410000000000004900000000000145324388
0805043229909300314991330114294922491314132122343401224000000010012010110011100000215344588
0805992999940991999299909092099929192020290944994249490990000000000000900000000000234153265
0835310402124203329042293441212944039201033191209999211930001000112013411110000000531244672
0835022912214209232014013000300914331441013392942014349440000000000003900000000000154234203
0815933091330001292230999990211999939111393293999099199290000000105011010000000000523413115
0815499939993030420213311222121303421020144240133434244040000000000001900000000000423514419
0815292091133044129229033434041924901133400120440224202100000000000001900000000000123544786
0815992944933222409942494199911439403294331033929112131900000001008011010000000000124353949
0815033030111094212292243409422239201404930233913041230010000000000001900000000000123454439
0845099144499394990194309999341999039019939499949991991990000100007014310000000000451322893
0845913220100331420001412100034933201342424291123132344320000000000004900000000000351424867
0825940030333344029339931219144940093212902293129999449290000010005012110000000000432514458
0825999992924099999399422249992399929009949999993902449990000000000002900000000000512432945
0815904431401223334044414024213923100342122230394030010910000000000001900000000000423154169
0845993933430390241444431339024929393099191043909199999990000000000004900000000000431524668
0825994042399992023441443902412934130049931243322103390300000000110012111001100000312454030
0805999494212140023149491399900909411102333090999921312930000100101020420000000000241354709
0835422210310031130940024122234900400404433129999299499330001000111013411110000000534214785
0805111033221310403934330420141939292929294919931941040040000000000000900000000000243514511
0845991333094344199134994099499901931999919990499090131490000010101024320000000000431522602
0835249912344094301021190134943994002249992209033420943320000011011023121010100000541234125
0825211491301004223149413940102144932490322431413339021300000000000002900000000000132544797
0805999199934314999991093400909999994009999999999013314090010001005010410000000000251343092
0835111230903240330142190420130911441404012494203432320210000000000003900000000000145234246
0804939119301293201929900399039901019292319039311132212990000001012010410000100001253413085
0805939119301293201929900399039901019292319039311132212990000000000000900000000000253413436
0805993103902901192190999039292999990992212191933330923300000010103020220001000000253412906
0835011119114243039199994999013941924342904999341329430320100010010013210000000000154233510
0835011119194243039199994999013941924342904999341319430320000100007013210000000000154233563
0805043442011024244332142022302993314941911213340123034200000000000000900000000000231544689
0815132004234031219494419499302943043932930212911133943220000011010021020001000000421533416
0815132009234031219494419499302943443932930212911133943220000100005011010000000000421533681
0825990933244212319493342224213900300430130044043491110320000000107012110000000000512343985
0835992390440004909213492190990912924919930093331223919300000101004123221000100000135243081
0845133301344204023340331242122403001032421299931101102240000000000004900000000000531423368
0845900033992309143290349001291999404210191432349224313940000010112024221101000000531423977
0845900033992309143990349001291999404210191439349224313940000010102024220001000000531424697
0845902910429341402240009219199919331020940091149399904940000100008014310000000000354124158
0845194929921414222133193400200993213340220094914333021400000100005014310000000000143522616
0845194929919414222133193430200993219343220094914993321400000100008014210101000000143522477
0825233234444342413199190190942914129103201090212019000400100010011012311100100000142533584
0825943190410214129323420003414933333214100294492321113140000000000002900000000000412533731
0805919229919292009919409149491999100999904999929019990490000010001010410000000000253143767
0805443949099414039119411402402119439901202399999109043430000100108020320000100000245133371
0815994999910903939914049419399991001149949949199190999990000000000001900000000000521432740
0815314443219301334294119313021949999999022919494993930390000010003011010000000000421352645
0825949149334144413030139120311949199922202200499013922090010001007012010100000000412354845
0825104909920449249110901294922999923349421199099930929410000000000002900000000000532144035
0805393192002112043102004313213931934121400292394441343220000000000000900000000000243153888
0825904090194343039333303222434993204312221199040191100210000000000002900000000000412354068
0825900223030141149333140931431911041242323293012009410320000000000002900000000000512343985
0845099129099494039912249439423999199492303099910449999901100110010024220001000000154323098
0845911192499999499229091424104992019990194992109499199941000100010014210100000000345123871
0845911199249144999291399999044113499499993999994010190000000000110014310000000000453122901
0845911199249144999291399999944113499499990999994010190000000010011014310000000000453122948
0805442930312321412144342203333944130209040942403299909990000000000000900000000000235144115
0825931999199139919491913991293244929992132934112992993290000010009012410100000000132452869
0815329012992904910999300030099993011009231491199999994410000000000001900000000000425312919
0835309401992313224144434920224990943923130911199119390990001000112013010110000000351244221
0835491440109442331910939391243991943903103294091999402120000010009013210000000000531244117
0825944142044402431111190043323943221000334204201121903930000000000002900000000000452133477
0825994493949391224420921920439314043939120291299934193410000010105022121001100000142534051
0825994493949391224920924920439394043939120299299994393410000000107012110000000000142533898
0805933399114903139044034220120943141413441030199404922120000000000000900000000000231543942
0845333310110129339404303021944932214210000492242020429330000000000004900000000000345124571
0825991100349404143402420134142913310243322193313149203210000000000002900000000000512434822
0825149092099492904490401239021390993203392199942900429911000100008012111000100000312543207
0815040221290343104344242139011929919294143390309240013400000010010011311000100000324154328
0815332240401133019949099993412420040393934909991910911440000001009011311000100000523144178
0805312091222910144993914110011199990049344029992243301320000000000000900000000000215343919
0835994499093924939999344939229994929999393999922923494390000101009023020010000000413252933
0805430414402942209999999941229902921122901931199941310000000011013120420000000000243512005
0814999999129199999949499919119299991939133999949999993910000001005011011000010000123453414
0815193999913101324949430324210902901994003099233441292410010001010011010000000000123544219
0815994291412114003929442199901992332319994499931334949490000000000001900000000000123543647
0845430912192212330003009114443409034114204121900192232230000110107034321110000000543124213
0845430919192212330000009114443409024114204121909192232230000100105024320000000000543124004
0845493191934432009010992132423904949404200093190031933230100010009014310000000000354122596
0835901990320394234110342911492100940910133244944022092330000100103023220000000000513244519
0835991999320399234110342914992140944910433294949022092330000110011023120010000000513244451
0835991999320399234110342914992990944910433294949042092330010001002013210000000000513244482
0805943411119313442131914992304219490990234193400413320000000000000000900000000000245314564
0835901139432212909939112400109990194302990229191303309300000001011013411110000000453212553
0815399244194999313320313422111993499402221299349149999900000000000001900000000000123454802
0835943999942493902432329909994934034043939942909209900920000000000003900000000000413252900
0825014413031492924110420320394193410034942219330142413200000110012022321100100000352144808
0825014499031492924110120320394193190034942219390142413200000101005022421100000000352144708
0825399902999499994249203302442991912300033219399990420430000000104012110000000000532143262
0835993003999139299430193199999949291993939999944999999390000001005113210000000000314251236
0835993993999939299439193199999949099993939999994999999390100010004113210000000000314251102
0805219919224403039102912941440999990193901019299949340440010001010010210001100000243513913
0835999991133939994449919949399993191999119999933999319990100010007013110000000000143252026
0845031443192322142333323291904994292299044100302009493390000010009014111011000000314523496
0845924391223094142434243903311900014220331009323010241120000000000004900000000000314524120
0805922322400111902323932214310933440390049429919430943910000000000000900000000000235414146
0845933111119390002142034949104993292123040023311224431400010001005014310000000000134523589
0845923991119390009142024949104991999103049929111224431400000010001014310000000000134523758
0815944434110191219490493309930144994102232290909013303200000010101021321000100000321453231
0835990904319122929492431303121499202999439299941939441330000001009013210000000000431254236
0835309249111123224440900210342391092423431219020014203130000111005033421110000000341254504
0825299402904912324141241233303991021334234340009100194341000100010012111001100000532144076
0815911194994199910904449999919994499994199990090991990990000000000001900000000000523142964
0815943430342322329490912932401904133020211041909340120140000000000001900000000000321454380
0815911119220991112099929992429900041429449942990429909990000000000001900000000000524133976
0825911404200210234040011404343999249901213340421213131200000000000002900000000000142354262
0805122299043231499293321401909923904112300412992930319400000101004020420000000000214534032
0805122299043231499293921409909923904319900412992930399400000010010010310000100000214534038
0845102092143142109999493333449994094312003919999130241200100010004014310000000000314523112
0825110423043420129093030093992949902449240133024134411120100010012012311100100000512344326
0825110429903120129094990093992939902039240193929999991120001000110012110000000000512344082
0835094219312229901092194142433919143922233122334994110090000001107023020110000000134253923
0835094219319929901092194942433919143922233122334994922190000100109023120010000000134253759
0835094219319929902091194942433919943922233192334994922190000001004013210000000000134253678
0825999999199992192999919919929999942949199229994191229091000100004012110000000000342152315
0835309229419434030011000103314999929013442491904999403231000100008013411110000000354214742
0835992320201231440122200490443901101129413391031330424220000000000003900000000000451234213
0835911012399494292312033122044911039400421299310923014430000000000003900000000000543213263
0835999192299909220041333931093914120209099320903399111990000000000003900000000000451234688
0835399140399034439109934421044991909494224094109993223230000101008023120010100000453214592
0805923992313909042331903434044921293949041322909112920100000101009020120011100000235414337