0545201009420903399494029999999999993149943109991309999990000000000004900000000000531243074
0505999919139202329919993194903999099190443299390199499990000010009010310000100000431252386
0505494099334909099949114134193999993039093349999999939940000000104010410000000000451233176
0535991311034114401099139999220942904943342291999492994900000000105013210000000000153422977
0535999900931199919222399121099922290990919332199092230190000000000003900000000000235413011
0545994019999199999941009999999099999994909999999999494990000000000004900000000000532142339
0545901094092029904990919090990992992299999191441409999991000100007114111010000000532143587
0505999293209299929939209909999993999990992992229099929990000000000000900000000000425312916
0525943904999990210440431192043999999191029049443399992420000010109022321100100000234154801
0535999991919399999999199399999939999193999999999913999990000000000003900000000000351421982
0535292929313102949999394112492934122994012099299499149930001000112013411110000000352412732
0535299999499994999399943999994999999994399999932999939990000000109013210000000000135421176
0535900119009942942991112043924199990931324403991099903090000001007013110010000000523413491
0535999099999990999999999099999990399093999999993000933990000000000003900000000000512431781
0535999099993409094999904949909949394999349999904999939390000001005013010000000000312452557
0505933919993444990191194049399999999909919911011949403990000000000000900000000000451233014
0525999999222999999999999999992999219999999999999999919990000000000002900000000000354211755
0505499939113999139004913193904931490994193144939399199090000000000000900000000000431253524
0515990139099109919993909999999999999999999991199999099990000100001011010000000000341521975
0505994999920494199099929499099909992992990922929929999990000000000000900000000000425313138
0515993023193130093199999919999999999919999293993392299990000000000001900000000000342512906
0515990903992991909199999999999919993239129943993093199920000000014101900000000000341522920
0535994432249910299490902394901949194929299393192921949390000000000003900000000000213454033
0505999990199991939132991321939909999919999990909299991090000000000000900000000000435212676
0505999991099999999199121290909919919990999919990199919990010001008010210100000000452312639
0515991931133999999391999993999939199999999993999999999990000000000001900000000000243511638
0535999999999999999039090930309193999991493199999999999990000000000003900000000000351423166
0534990019099933990399999999939919010099999990999309999990000010011013111000100001531422932
0525943939999999243493909949090933349020921194990992932440000100008012110000000000234513865
0525999399999999992999299999099199939990929999299399992930000000000002900000000000154231731
0515919299993999929999193999999919999919299999999999999910000000107111210001000000245312462
0505919191400911323909123992233990914399029399992913199920000010008010410000000000451322261
0504919191300911323909129992293990912399099399992913999990000010007010410000100001451322247
0505939902939930993993990993992909299099939299999999999990000000000000900000000000423511943
0505999399999399999013399999999999990990339099199909939990000010009010110001000000413522460
0515914999991993991399491939399939999914993949993399499490000000000001900000000000142532315
0535999999939993999994994933949999944999999999994943949990000000000003900000000000215431850
0525999992294999999999492999999929994994999999999999929990000000000002900000000000254131460
0545999992499230299999999944099999992999492949299929909990000010104024220001000000315242019
0545999919990402999999999990929990999942999214999194994990000101002024120010000000351242698
0545939409393294993939949999999099939499292993939399922490000100007014310000000000213543277
0525939902499949909990922499929999403099999949999399249990000001009012311000100000314252862
0525399939994143219499999993212990909919324199999930134920000100103022120000000000514234880
0525999999994490139990999949420999999991119092992942990230000011008022020101000000234151673
0525999999999490139994999949420999999994119092992992990230000100008012110000000000234151547
0524999999999990999999999999920999999999919992992992999290100010009012111000100001234151132
0545999919999999999999999999999999999999449994994999999410000000000004900000000000235141076
0534999043999933099043999919091904909109999999999013991910000010010013210010000100531422817
0535999193999933999993999919999999999109999999999003991910000001005013110000000000531422010
0535201139112221249991994933324991214421232400999199494240000010108023020110000000351423812
0535141939112229249999994933329999914421232914999199494240000011004023220000000000351423058
0534999939999999999999999933319999919119931999999999199990000110007023220010000100351421726
0525990939942330492349994999944922343394093990002349999090000000014102900000000000134523928
0525999929999992299999299999999993992993999999999999999990000010008012310000000000234511572
0544990999930919499999433994919999999999099999909499194910000000110014310010000100531242818
0515999099999194999999499990991999999999999999499119999190100010010011010000100000543212427
0545919494999999991199991999999994924999999919999299199410000000000004900000000000253142510
0545992194914193499921492323499939999992929933999111299390000100004014310000000000253143775
0505999999919191199999909999999999909990091999999990999990000000000000900000000000431521195
0505999991902919949112910999199999992429941992022009991120000101003020120010100000435212881
0505914414400211221994199194992999492944299099999929041090000100002010410000000000453213479
0515999913999139991994991939999999999999919499999999999990000000000001900000000000142351469
0515993999999993999939199919999919939999999199199999999930000000014101900000000000241351626
0515994909199043094409994903499999999199199999990140031390010001009011411000000000341523225
0534909919199141049919993999440919991193349319319919044990000100003013210010000100352412332
0525999999992909999900299992999990299990999999999299999990000000000002900000000000514231705
0505999999999999039999909992929912393209999399210939999090000000111010310010000000423513317
0525919221939109404993991391999999499932294119933323490300000000000002900000000000234512892
0544919499214949292121121299419991999992929991499919999990000001007014310001000010152342524
0545919499214949991911121299419991999992929999499919999990000010102024220000000000152342422
0545999419994994909999909992999999099294499999909199999290000000000004900000000000235142069
0514999209999099929991999999199019992999991999999999199990000001007011411000100001345121750
0524999999919929999991999999919911999219991999929299992990010001005012111000010000254311813
0505991999999991319191999919993991999934093099990909404430000001005010410000000000432152712
0505999909999990949099999099994909999199999999991999999990000000109010410000000000451231500
0505999999991990999992999099999999992099999909999990999990000000014100900000000000435122043
0524404999239999349949990090043990493992999099299940290240000001011012110100001000354212710
0525404999299999949949990090043990393992999999299990290200000100107022421000000000354212632
0515399999999919999319929129399999999919999999999199999920000110005021320010000000145231629
0524999299999999112999913992999999991199929999239991991990010001004012111000010000234511712
0525033204494329149339419030044993924112001499499390149210000000105012110000000000234513043
0505990999922499929999999333309999299940994909999099999990000001011010310000100000413251867
0535092200442901499339142910991949999499904192003392499390000001010113210000000000315424302
0545999290049494920999209294909990949999992902929929999291000100010014210000000000513242701
0545090901993299299044390399049990192999993499104299999930000100003014310000000000512343391
0505994499099999994924949999999994999999990944009494990990000010008010210000100000432152795
0505999999991999499099910949499909999190999999999909994490000000000000900000000000431251860
0545912299199914991199929919999911999999494941929499999990000000000004900000000000253142974
0515403439941404903999999094949933999999919923319994140140000010005011010000000000143524200
0515399999199949949999993991999999199999909199491999339990000000108011010000000000341521843
0525919999999433499292999191949929999999199499999999122990000010007012110000000000134521561
0525919999999993999292999991949929999999499499999999922990000000109012110000000000134521762
0525990919993992999999999994923999992992214099999999399990100010009012110000000000154232431
0525999999999999999991292999999999912921992999999999949990000000000002900000000000254131876
0544999993949999994909999999994939999999999999999944999990000100010014110101001000321542462
0505321220023944909303329939444912104293439112224193993140000000000000900000000000435214554
0535939999994399399992299939099939999999492999999949994090000000000003900000000000125432629
0535929999932993399999939999999999993092999999999909999990000000000003900000000000523412927
0545190911900993999999949999919990191499013941999494999190000000104014310000000000531242740
0535999239999919199999999399199993399991999999993919999990000010001013210000000000235411115
0534999099991099319990129990399993921209399099999939999990000000111013111010100001523412561
0515999999919999999999099991122999199999122999999999902990010001008011010000000000542311331
0525999199913229109999293911099913932339290999399999990010000100005012010100000000234512838
0545994229929499999999999999999949999419999999499999999990000000000004900000000000153242147
0525999399392993993929999499921992994999399939939994299990000001008012110000000000254312335
0525929999999299999999992499999999994332999924999949399990000000000002900000000000134522856
0505999999009009999091999919999999919999999999991999199990000000000000900000000000452131807
0505991291012199441049929999199991440909099299299199991990000000102010410000000000453123283
0535001199992012490391940922434913944093941409109149290340000011010023221000100000352412655
0535919999939999299992919999999921932399299292113993999920000100001013110010000000251432582
0544929190999994992999099009129949999909994400999990914900000110010024320001000010523143593
0515939199991949001910999093990999999909490949910900940940000000014101900000000000142353218
0515999499990149999993904910019993944999901993319990999990000011007021421000000000241533960
0525929990442994249393409294999909304939030929994300494390000000000002900000000000514233582
0515999999199949199919991999999999999999199999999999999490000100005011410000000000243151205
0545349999339229999999919394299991999913214949999999934290001000103014210001000000153242842
0544349999999939999999999994999999999993994949999999994990000001011014210011000100153241391
0535411492299403109309919913024194199019040099394021911340000000000003900000000000152433604
0535999091199949999949994999999999993139943999999933999990000100007013010100000000251433279
0545949999999014999901909409929999999990999149999099999490001000111014210000000000523142285
0545033949994321330900012021431999091912201219129049049390000000000004900000000000532143795
0515993313929291999329299129919999919999999999999999999990000000000001900000000000243512753
0525909334499192409999949929120994223904114903933319014441000100008012110000100000134523000
0505909922999991949999999090409999999999999999990911299490000000104010410000000000425132108
0514999914919999499999999994999999999999911999999199999990000100011011210010100100142531379
0515299299294999929994499922129924349999119399999199219990000001108021320000100000143253216
0515999939911999993339999999999999999919199939999999919990000000000001900000000000142532000
0515999093449149999999099931149199300399433939993999199340000000000001900000000000341522988
0515999399144199999393934939994199399939991199999993939990000100004011410000000000341522661
0514993999199119223329399099999939000033321039313999992900000000110011411000100001341522664
0515999999199999991199399999999999999993991919993999999990000000000001900000000000342511450
0535990399099903999099999991939990999909199949999039999930000000000003900000000000531423488
0515999999999999949991999999999999999999931119999999133990000000000001900000000000241531471
0515991919999491999999199993949999994999991999999499949990000000014101900000000000345122075
0525939902391932093993030939999939239909999903999909220990000000000002900000000000314523032
0505999099990909399999922999999990999999999399099992999990000000105010310000000000423511797
0505911919099919299999099991299991999999999029192101119090000000000000900000000000453212849
0535901144344490949999499949039999943999999994199940393900000000110013110000000000321453677
0515939319999933991999919939999993193999999999994993221990000000000001900000000000341523472
0545999939994094994999909099999999909949999939990930994990000000000004900000000000521342930
0525429942400033200991920993933992993993999909011319939490000000000002900000000000354212668
0525999021991419422909994121491999999993191399499499199290001000111012010101100000234512806
0545992449999299994929999999999994999999299999499299999990000000000004900000000000135241460
0545990490121130430099909299919999913992939304990491329430000100104024320000000000523143189
0545999499109121430999919199919999993999939304990499929430000001109024320100000000523142745
0545999499109121439999919199919999990999909394990499929430000010101024320000000000523142615
0544999499109121499999919199919999990999909294990499999490000000110014310001000010523142589
0515999209191922999919909990990991999909999999999999991990001000109011010010000000543121850
0545043999999021299399999390022919999949239943999999144910000000000004900000000000231542487
0545999994999999999939199144119993999999999199999944919990000000000004900000000000231541771
0505349933929931214493392394012999309491320299943432441000000110009020220001100000421354198
0535049923219921999942914999911911113994993940921243943990000000103013210000000000132453676
0525922991991999192299999992199939999999139999999919999990000000000002900000000000354212046
0515929999299199992299991999919999199999999999999999991990000000000001900000000000145321863
0515909144292922990994219999999999441199429999919999999490001000110111411000000000245133173
0545999099999999999999949949199999999999999949999949940910000000000004900000000000523141346
0543119910109909999909919999999909190199404944199909499190000100009014310011000110531242204
0545199910109999999999919999999919190199404944099909499190000010003014110000000000531241928
0545090092299113929419999123212999999991241290011419234940000000000004900000000000531244323
0514999999999399992139992131199223399999999999999399129930000001010011410000100001245312580
0515999999999399999139992131199222399999999999999399129990000010001011310000000000245312674
0535949999999999994494919399999999343999991339444994494990000001007013110000000000231452114
0535909990443439003094949039919999404491941999999499999390000000101013110000000000231452775
0535499941139909939404419990999909409019993999909339999990000100101023020100000000321453824
0505999999999999999199909991999999909999099999909999190990000000000000900000000000453211706
0505999999944294999909299001299921999991412910990141412290000000000000900000000000453121746
0505944999109339934992109134924999990999391121041422240240000010007010410000000000453123429
0505924999109299919992109193924999990999999991041422930140000010101020420000000000453123494
0545993999293299922322244499999943343993929922332993999990000000000004900000000000123542651
0524999949919922299999199999449999929949999499949999999920000000110012011100010000154232360
0535911199999919399112934491999993999999199391999199909300000100008013210000000000352413826
0525429991199002999299999419999991999904999992999994490290000000000002900000000000234153333
0545324299999900999999999990299999090333909944992934049990000010004014310000000000215341612
0525042993911942909999999990992990090992990994493999333420000010011012110000000000214533845
0524042993900942999999999999992990090992999994493999333020000010010012110100001000214533542
0525042993900932999999999999992994090992999999493999339920000000102012010000000000214533582
0525313419022440439199901999423911914124920999441939310330000000000002900000000000154233591
0505491092113333319419999394093929990999119940092994999990000010005010410000000000453122838
0545909119909491009942919949299099991999920999991219990440000010008014210100000000253143229
0545914999099999919990990999999999999499994999499999999490000000000004900000000000532141769
0525991999999919999999199922999999299192999919999991999290110011003022120000000000154321984
0535939999999293993999999929999993399999999999999999999990000000000003900000000000125431276
0505990303399949999949909999999999993999999909994490949990000000000000900000000000412351609
0515090224321999010212343330999990243340900129291944929000000000000001900000000000245314612
0545909490429430929900999929992999909999293399909999992440001000110014010011000000512343058
0525993143399911199999414932399929299393919399494299992940000000000002900000000000154322930
0535939999994999993999199192999999999439239999319999999940000000000003900000000000153422601
0545929291429299939999424991911999922991211392933999994430000000000004900000000000215343086
0545109499999399909990490229030492399142490132999100309910000000000004900000000000312542366
0505299999149499929929499493122019130923301219143024312040000010007010410000000000451233947
0545999999992999992999994999929992449992449999999999999990000000000004900000000000125341745
0545029921110019132229110200949949329231039422999930031440000000000004900000000000125344968
0545999999949199999991994999919999999994999914999994901990000000000004900000000000351241621
0545949419299112999222129919199421449299999999119992992990000000000004900000000000253141739
0505934499311190943399991994999999990939399934099909043310000001005010410000000000421532889
0533949409994990994494999093033399999999999909999499999390000100012013210110001100123452866
0535949409994990994494999093033399999999999909999499999390000000000003900000000000123452960
0515909999992999990299199999999199902999919992299991922100000000000001900000000000345212484
0515490149393494299943999949094991319309494394301199432930000100107121020000000000541234867
0505299999909492992290999999992019929900999191999924992920000000000000900000000000413252117
0545909949099929999999999999949999222242992499949999999990000000000004900000000000253142928
0525919999999991992299999999929999992929999999999999999990000100010012110000000000254131328
0525919999999999992299999999929999992929999999999999999990000000111012110000000000254132000
0525909221210999099990929929999911099099919099909999999990000000000002900000000000354122558
0543999099099949149999991999999994994999099499909199999990000010010014310011000110512342495
0545999099099949149999991999999994994999099499909199999990000000000004900000000000512342720
0534999999349999999999499999999939999999399999999999399390000100009013011000010000213451801
0525999294999999992999099909029999299949992999999999999990000000000002900000000000514321810
0525909909429220099990999999499999499909099299944999209990000001102022421000000000514232849
0535919993202219302909999190919999923022991909033909190090000000014103900000000000132453709
0535990011312220299911909923999999901391930900999391999290000010002013210000000000351423483
0505909999099999999999999939099999999999999999999109309990000000000000900000000000453212084
0505909999999999999999999999909999999199999990999990099990000001008010110000000000432511387
0515241919939233299999923922992491993132391299999999999990000000000001900000000000241531564
0545939909999999993990999994999999300004949094930999499990000100009014311000000000512342700
0515421999194199494999499999999129992299999994999199999940000000000001900000000000145232410
0545399999999399993990032042042902909314999219099990322440000000000004900000000000532144861
0545129339431001009233940419292992339094924299909119310290000000101014310000000000123544230
0525999999992991399999919919139991992999929929999239999990010001010012110001000000154231513
0515939990032400043292332214041999333191192929929999423090000000000001900000000000345124132
0515999991933939999999999999999999991999119999999991399990000000105011310000000000143251696
0524999999999332999929393992999999399399999999233999992990000100008012011000010000314521902
0525999999999332999929393992999999399399999999233999992990000000000002900000000000314521993
0524999993339399999929299999992932999399993999299933399990000001010012011000010000314521493
0525999993339399999929299999992932999399993999299933399990000000000002900000000000314521963
0524999999999999999299399299999929999923999992999999999990000000107012410000100001234511371
0525999999999999999299399299999929999923999992999999999990000000000002900000000000234511665
0525999999991999119999299921919999991999229199919999999290000000014102900000000000214531675
0535944349000091029494994019911044999901900294939199993330000000000003900000000000321453968
0535991992200999093009099939391999909199931909399999999990000000000003900000000000531422662
0545393904993244319399999103212900090931331290409991219240000000111014110011000000523142980
0545299109419991029099249009423909191999992949299100900420000000000004900000000000321543838
0524999929499999499999949949292999999999449299999299999990000000110012011000010000514231775
0525999294999499090992920202990949999990999994999999449990000000000002900000000000324152191
0525929292949919999999941999999999999999999929999239999931000100004112110000100000124534000
0515999941994999994999999919999999919999999499991941999990000100103021420000000000142351849
0515999991499999499919919999499911999999999999999999999990000010001011410000000000241351088
0525300399042341149999991219939399003929401099999431231290010001007012010100000000314523790
0505999491049999949911919299900999199999940190921124494990000000000000900000000000452133786
0515999999919333999999399939999999391999991999991919992990000001003011310000000000142531971
0524999991999999999919999999999999222919299999299919999990000001009012310101000010234511518
0545909422191249999932923392999999999939199194129321421490000000000004900000000000135244168
0505299994990403039994999021103993999912231399994229491390000001007010410000000000432153632
0505901119999190994991001999999991099999999999999199919990000000000000900000000000452132579
0505991911999994991999911099099900011149999999199999999990000000000000900000000000451232591