0745999942902939039999999990499909499904939999099004409410000010008014310000000000333332425
0714999119992939299999901999191929999999291399299193099990100010012011311010100001435121981
0705914993224100421309321094022993923419203499312409921920000111004030420000000000351243552
0705914993224100421309321094022993993219203499319209921920000001105020420000000000351243210
0705999992299100499109224094099991994999202999919209921920000010001010410000000000351242666
0705191299991230339220049442223902991944033199191094104120000010007010410000000000354122257
0705991299999910929920029492999902991994099199191094102990000010102020420000000000354122047
0735292020323494431119390002144932010924042090119492293130000100110023421110000000542313627
0735292000313494431119390909194931999920244090919990293130000000103013210000000000542313688
0705949922094133200199099040034929249114229399194143112940000000000000900000000000352143637
0714991929999323399199923999991999992999193991992999919190000001003011011000010000435212274
0714999992929192999231299291199922392999919392919999999190000100008011011000010000235412650
0705124999311323002302104413344034422231210122043123113440000000000000900000000000314524653
0725999999239990291999992199093949992412320999999929134000010001004012110000000000123543011
0725941929994211194393149499999994394413323942121999234920000010107022120000100000123453029
0735942392129241119309329202999920094390393092249039011410000001105023020110000000425312123
0715922999209091112299920909919992199990992999991299991990000010005011010000000000534122601
0745990943220909099999994290499999492024911190399399499490000001005014310000000000333332954
0715911103201103342322999023430990123000443122032044243340000000000001900000000000435123822
0715990239193992120031004919922903990394022191142349393040000010011011411000000000531242552
0704909102140294499999499099199999229904099999229912429010000000111010310001100010325142255
0705909102140294999999499099199999229904099999229929499040001000110010210000100000325142186
0705919942091132900499099030042949419433129399292141142420000000000000900000000000352143436
0705991939310904213911911949902999099110992299930999941400000000107010310000100000341252862
0705999990099039949090993299999993999309939999949309999990000100003010410000000000312451437
0734944090909399499003499493390994094999939909939999900390000100008013210010000100512342905
0705992999219913930990991991999990291900999991999909999900000000112010210101000000352411629
0705339399949319009339199219402903992201994499939132900240000010010010410001000000351423540
0705900919099319919999909999399999990999999991109999099990100010004010310100000000341521589
0705900999993903429993493903010999991999913291919999394021000100008010310000100000342152446
0715999931191099999992399309231933219922019999320999309100000010002011010000000000435213372
0715929300313913913920099993119999199999999390999999991990000000000001900000000000534213819
0714919999999939999999999999919991119919999919999999993990000001011011011000010000532411164
0715919999999939999999999999919991119919999919999999993990000000000001900000000000532411398
0704949011229949291940909992490909909242999999449044999940000010012010310001100010345212190
0715933009199400933339999141130923190441929990999009192390100010005011010000000000531423393
0725994943293321129434040134114992913339022099999992909140000100003012110000000000143523834
0745994024392222140942309991143924222499993309000299919190000010102024320000000000415233118
0735049449131299409999991410922909941213094099930130399330000100005013210000000000214353207
0725999999992343221199229429149199991333431999999129999990000010008012410100000000143522557
0725439402329921910900333999102939499322003239099449090990000010008012110000000000423513660
0725909199392203049003321419092992999194332100319949214440000001108022321100100000413524062
0715990119299300239494949991303940433119030104991429930220000100009011311000100000432152228
0745929999191230201239432142900331993114330113131492494420000010011014210101000000142533780
0745929999991133201239491142901931993914330913193499494420000000108014310000000000142533417
0735919993393999999999913999999994449949944934341939494990000000000003900000000000152341818
0725003390099911123929322924442999099999141019999331134420000010008012411100000000423513908
0705990992293049339999999999999999090999034094999999940930000010004010410000000000315241741
0744900119499999191001440190199904194919999999409994919990000100007114310001000010452132524
0745029999401419340992922114332949990949931299999992999940000000000004900000000000452133532
0705993333190390224191942293004999394014911419339100199921000100007010410000000000342513436
0705921922142034209191239191440091123029239499129393300930000011012020420110000000354213409
0705921922112032209199239191440091123029239499199393300930000010104020420000000000354213244
0704921922112039209199299191230091121029239999999993300990000100011010410000100001354213228
0705921922112099909199299199220091121029219999999993300990000110010020320000000000354213105
0725939923499900999299939949290933923493344023999932999290000000000002900000000000213451960
0745999439399333994922949994999992294999999939394499393990000000000004900000000000215432598
0724949349240393994032239909490299039399442934939299032390000001008012110100001000213542945
0725949349240093994932239909494299039399492934939299932390000010002012010000000000213543141
0735949399194314911091900439999999991943399199999993990930001000105013110000000000521343101
0735999994042119029099444092992939900130319299993110133340000000101033230000000000451322823
0735939999399091194944439999030999940999991433943494199490000001004013110000000000521341891
0744990909991949091999490409193999111399499409940993999410010001011014310010000100451232795
0715999294249939094993329993000999931144391919231414410320000000000001900000000000132452707
0715299241902331319920193112932999094999999429204933239410000001005011010000000000235143737
0705911290931423014149099932400939940993212441414910921420100010008010410001000000321544036
0735912923229932139932994991340999999312490439192119992490000001011013010110000000154321873
0734912923229932939932994991344999999312499939192119992190000100012013011110010000154321917
0725999920999994422099999901911900299992999920099929119990000000000002900000000000543122179
0745393300049393349420310141430992299199914322229192924130000000109014110011000000145233723
0725909999903199999909932210923909090999200929999122990990000001001012110000000000543122211
0725949022409014424991199290994999492911499192999919412491000100008012010100000000453211863
0705991999139991192199293909090919229299099031099339119090000000000000900000000000325413667
0705900920329994999932992992490992339909240494992992909990000010005010410000000000314522486
0745949990994939999994909322499949999999999999999934349230000001003014310000000000514231540
0715934122023203204440402003433144122133001139924203413040000000000001900000000000234153200
0735999399939439999999939499199999999999939999993443999190000000102013110000000000152341505
0735911139919339999322129321991922399232129992919999999990000000000003900000000000145322623
0715900004429424029331412204134991112419034230302309943040000000000001900000000000532413955
0735991319339993191393119099990919990999099991991901909390000000000003900000000000451322024
0705999919999919999993039110021999933999920909993990339090000000000000900000000000324512469
0725929994929994909994439199292994943921211999299149919000000001009012110000000000153242083
0724929994929999909994949199292994940921211999299199919490000100011012010101000010153241861
0725929999929999949994999999292999994929219999299999919990000010008012110000000000153241245
0745999909499991399319900099994909490499191399990994499340000101009024320000000000451232434
0745999909499991399319909099994909490499191399990994499040000010007014310000000000451232708
0744949911919034993991999919999999009110449903039440119490000010011014210011000100541233800
0745949911919034993991999919999999909110449900099440119490000001104024320000000000541233346
0745949999919014993990999919999999909190449909099440119490000001008014310000000000541233460
0715990192999002992929931199090913122913292999009939199990000000000001900000000000435212118
0725999311102390009933992912992922910019929999931909019990000000000002900000000000253412836
0725900912100110941939321992992911031999392201044923309140100010009012010100000000453214321
0725213410341204439399204112440919991203102010930339241330000000108012411100000000453123683
0725999999299992999939399299399999339992912929999991929990000000105012110000000000243512178
0705922929099190019199931009929911929993990929299192099290000110010020320110000000345213194
0745999999990491949919999999999999990490401419999949991490000000000004900000000000452132698
0735229302312399419400499919442930223944992009032499990230000000109013210000000000512342797
0735099302312399419400499919042930223944992099032499999930000100101023220000000000512342191
0735099302312399499400499999049930223919991099039499999930000001005013210000000000512342327
0725901999990422299229099999991992909900999999099999909290000000000002900000000000413252690
0705219131390194301249104902914994391394392199290329400430000100010010210001100000341253551
0735992120032934039122930141422900290229324019999391404430001000107013110010000000251344397
0735943209399919109309929343104924994994492944099294319930000000000003900000000000124353100
0745911009494492499429999999199940499099991991999299229910000000108014210000000000245132223
0745230339042343029939004112220999300111422413343191102240000000107014310000000000241533501
0715990019999939999313310399999991091999990910199999390990000000000001900000000000431522473
0725933913994911949394913394299991429999994199239222419210000000000002900000000000243513096
0745994319942312002291139130920909943493030243999922401940000000112014310110000000154231832
0745990929942449499932900999419994900201249999999999911990000100105024220001000000245133489
0745991991092994919021949909994299042240144991919299999191000100008014210100000000245133639
0744999922999999929992142219094999911412010499994994240090000010010014310001000010254132275
0745999929999999929992142219094999911412920499994994249090000001010014110010000000254132199
0705942341043343392933090499442944209099111190433311914200000000000000900000000000321544000
0745949133390439949999999399949999399949999994914311939990000000000004900000000000421532424
0705303294423240324412910994103494991190903214024311149130000000111010210101100000351242882
0705909999433490999949930999409999993390909494099994499240000110013120320000100000351243047
0735944040993232119999943432103990399020201392129099210100000100007013110010000000215343546
0734999492999993499992439999999999943993239999993999932990000010010013110110001000125342395
0705929904999202999099922299090999999999994929990909992990000001008010410000000000345211493
0705992422033012239929929099911993192291201291330401313090000000014100900000000000314253189
0715991909991991999999909999949990190999199941999419999990000000000001900000000000531241756
0745999499999992229999909499999099999099249999944990494920000000000004900000000000451231702
0705999109991999220021931929909991319100909199993399991990000000000000900000000000324512217
0735192239139944242341143902340922923919100091111319900240000001007013210100000000254312639
0735191939139944242341143922300992923919999999111319900040000100102023220000000000254313023
0734999299293923999999299999999993393923999999399999999990000010010013110110001000254311459
0715390132999919193921929390229992399031391992393010939990000000000001900000000000235413362
0734990043929093390423499243009922394292242900029390249490000100010013110110001000514323500
0735993294999941949929499393499999393999993999924224939910000011002023420110000000215341905
0715992404199929194422219999999929109199944094419219049990000000000001900000000000235143789
0705992200092990939320919494419999901249943392929290924391000100009010310010100000325141908
0704999200099990999920929999999999909299999999929990999990000010002010410000100001325141797
0705999200099990999920929999999999909299999999929990999990000000000000900000000000325141859
0724990909399999999992992002999299099990999999999929229990000010002012110100001000453122260
0725994929929499949949992291999949199449999992993993299290000010011012310100100000153241937
0724949449144919299994999999299999299929491429992999992990000010010012011100010000143251823
0745999999499999449919999999499999999499299949499999992990000000000004900000000000245131822
0715929941909399191999910429142999994234999902999929321910000100103021321000100000134523540
0715939342104130939394349901422999331994929214312004331490000000000001900000000000231543302
0745032031424210249990004239042932332101311231131492313400000010010014210101000000251434558
0745032093424210249993904099042932932191319231139499913410000010109024320000000000251434477
0735994999199143999999949229934299991393994994999223313940000100003013210000000000245312653
0725999999214194121099429290994999909992090999911299920990001000108012110000000000543123368
0745209929942990011992911293932919999042492319994421994430000100005014310000000000542133152
0725122000999433944299294433211909992909391404990203330010000010103022321100100000523142393
0715394021003391909432090943310940999192939993411091332000000000014101900000000000135242824
0715923991440923012299341390391129143299099132934249029001100110012021421011000000135422925
0715923991440923019299341399391129133299999192932249029000000011010021020000000000135422722
0715923991443923019299341399391129139299999192932249929000000000108011010000000000135422925
0735990999929033399993999920994993092209949303999999999090000010011013211000000000541322090
0725499999429992999999209944329904392999999449294994499290000000000002900000000000513422607
0725212414104103104333143142320999032101204044304123300340000000000002900000000000243154449
0715999292149994194912294999114949949999999999999919199990000001104021420000000000235142731
0735999394993199999990933994499949991999999993999999939390000000000003900000000000251341969
0745999991999999009949944092949949909999999999999949409920000000108014210000000000254131348
0715391999940930429932299990433999290994101219109139039190000110009021221001100000532141576
0715991999940940499933999999999999099999101019109199909190000001109021321000100000532141777
0715999923401094412929919909009291243943104193934399134441000100007011010000100000134523943
0704999902999990999909290290099992999929209999999999992990000100012110410000100001354211629
0745992949249999042929929999929909290499994999949999994990000000000004900000000000524132601
0705913003924014329993949144444919313142200419033031131220000000000000900000000000352413533
0704990999219329331339319999999909331009002229331999993900000000110010410000100001341522633
0705990999229399391339319999999909331009009329331999993900000001009010210001000000341522916
0705290902139330001193309249294999211094214419331992494910000000000000900000000000342513755
0735999943920290113939409329022999439044939999994200399410000000000003900000000000521342022
0735349494999999994913403009399991390391939011199910099941000100012013010100000000541322951
0735399194999999999993993009399991394391939094499900099990000110101033120000000000541323467
0735919032301412292232312111020901144403403119229294049030000000000003900000000000145324130
0735029322129009992939993939099991199322929399199923099990000000000003900000000000145322864
0715499993939922191199992319999999999932391999999991929191000100011011210001100000132452050
0735443929190901009949490439440939499410223992390309322100000000000003900000000000145323300
0715123021949439932109929941990939929949091092991299149090000101011021020011000000234152964
0715123021949439932199929941990939929949091092991299149090000100003011010000000000234153197
0705923129023942109299140304431994910299903199302332993230010001009010310010100000315243407
0735329291200493414949990119033929921391123491422449440130000111004033020110000000425314785
0725330900019143149202000943119999321213442993920999333420000100103022120000000000523412738
0724919093211999990332922921909903320902919999399393330990000110005022020100100001423512992
0705999399999990099999939344394999930940991939000933419991000100010010410101000000351422260
0725944999993943924339322493999939999292392992993949999990000000000002900000000000123452802
0745999999349994994999999994339949903499909099909990499990100010009014311000000000521431371
0705909999910932199999099391029991999900999919191999990990000000000000900000000000342512124
0705913949301009413993394490124093994209210433919999999990000000000000900000000000342513557
0725933123019122449019301940022909229901991309999110344490000010004012110000000000543213928
0725133499944019113913404303402904292329020400394902124310000000000002900000000000523414208
0725933349929920209430993229939909939999993990309920999920000010010012411000000000513423580
0715499999909003141410243900344923392321349199922139291030000001012011311000100000534123020
0714999999909903101310922900393923299321909199929139291990000001010011411000100001534122973
0715999914139994342329990919939999439900121191999239294340000000000001900000000000534213684
0745493223140994914990299300410999919949309299429011393020000000000004900000000000152433185
0725929929991999219999999499999999299494919922999499992990000000000002900000000000153421851
0725929144029940299444124194990902040494119129999201991990000000000002900000000000243153118
0725999293999933444944930021244993234301114232394099203400000000000002900000000000253412924
0735900923293239990002299990999920299992999909003399399390000100003013211000000000412352886
0725911331299949209432310221200991930311324304999910104301000100011012010100000000153243596
0725911331299949209432319221200991930911324304999913104300000011007022020100000000153243397
0715993039021211240143392422124900309021332330300932144420000100005011411000000000531423653
0745991929999999949911999999991994941499999999949994949990000000000004900000000000251432083
0715999312113239999999999999999999399999121919929139994940000001103021420001000000135242206
0735923991999414491913992999993311949319919949991413193990000010008013210100100000152342162
0735923991999414491913999999993311949319919949991413193990000010007013210000000000152342336
0735993991999914491913999999993311949319919949991413493990000000000003900000000000152342190
0714249944919919999911949949919294499999999999991199929990000000111011310001100010132451808
0714999944919919999911999949919999499999999999991199949990000001005011210010100100132451611
0725999919939999292299999919199999911999999922919992299990000000000002900000000000143521945
0735940431229902331442329902000930194999094032314222994210000000000003900000000000214352794
0745444323430404113222211210023939999099399913413320212000010001013014111011000000214532333
0724999392020939929999939292923999999099390399999299999990000000110012110100001000453211556
0725999992929909929999999292929999999099999999999299999990000001008012010000000000453211411
0725991919990913999992022032299900999932939999912091331990000000000002900000000000543212883
0725939091099129221129003399991211903112993919392319003990000000000002900000000000253413336
0745999924499994914990299929999999049299449999999999999990000100008114210000000000245131480
0745940411440099999110949192920999009490999991011999999140001000111014010110000000452132592
0745949401440099999999949192920999909490999999991999999140000010103024120010000000452132523
0735909999422199339991999933492099099994099093493992239900000010012013411110000000425312781
0715394090992912999441933042090939341214230220914209010410000100009011411000000000234154006
0735999419999299913139940130100431329110012099992442239030001000111013010110000000245311845
0734999999999299993939911131192232399999999999999999239930000001010013410110100001245311372
0735941924022932431991121910494941323913033222940090991490000100009013010110000000254314532
0735993943924949399944192999992439223294499323949192999990000000000003900000000000124353465
0745939199940133149999043403422999194193240211339319332020000110004024020111000000451233841
0745999420034499999494332229992999929409929999990920249990000000102014310000000000512432022
0725004224124333109994343993211900013934023109422411341100100010009012110000000000413252327
0725004224024333109999343999211900943934323909422411341100000011004022120000000000413252150
0724904224029493399999343999200900949994923909422493343090000100107022120100001000413252268
0725904229029993399999443999200900999994923909922499909990000101005022421000000000413251892
0725449999191009224990901900209999494093109229241299499000000000102012110000000000123543966
0725942439094944220144949014339929990902902992393941990910000001110022120000100000423153730
0725942419094949220144949914409929990902902992390949999910000010108022321100100000423153477
0715993099339910019409931049913903033944229191019394922930000001112021221001100000431253002
0715993099339910019409991049913903033944229191019394939930000000111011211001100000431252986
0714993099339910919409991049919903033944039191019394939930000100012011211011100100431252932
0735999913131199999999139990999999309939090993130909919990000110001023020100000000254311600
0745992930130923922201929032413902091340304099341094441220000011005024320000000000452133960
0715940299919214990922949909900949199119299994129991424490000000000001900000000000235142631
0705911911420334441999093934200929421291932192944229000930100010008010410000000000354123976
0745999999393492999499394990940999914999999949990094999990000000000004900000000000541231803
0735144494910210113491449403021939240923022039191991031930000000000003900000000000124353760
0725999199999924399911239993393993222299323999999399999990000000000002900000000000253142277
0735099993090234119999909919993999903931993999999999191230001000110013211100000000214352181
0715449441109402994224999049990911209422201910299092041090000000000001900000000000234152709
0725991120292941909949942499910933199099292999444949921990000100005012010100000000243153923
0725929999999442999994999999999999291229499299921999499991000100004012110000000000153241358
0745993292324429099909239949394902924220999099020434009990100010008014010011000000215433659
0725929499949991499942429949999999949994912299999924129990000000102012110000000000253142205
0745991490411433911909429910293940900999049409111009912930000001004014310000000000451232962
0745292942210403312300999193992901992009344490909914911340000100103024320000000000521433896
0745999992199999299992449419249949999999999999194999949990000000000004900000000000245132211
0725393939929941293133494304919991229130290291944994213190000000000002900000000000143523678
0745949903319003041399191992920944439094290090919019109420000100008014310000000000142532005
0745949993009909949999099999909944499094999999939999909490000010001014310000000000142531558
0745944999999914499499999919314999490999019999999999999990000000110014311000000000412531662
0745910999299914099149199999199149091994299999994129924940000001011014010110000000245132379
0735292449109300433994949999339929999999441999299993910390100010009013111010000000421353325
0735900309040494934900999993499999393999903999943940994490100010003013010000000000512342479
0725391199912999399919901112992930999014139239992991992920000100010012010100000000123543542
0725993194410033992199109942133939924492049992991119041220100010008012411100000000243151960
0725993191919091992999999942999999924492049992991919191220000001008012110000000000243152336
0704999999949999999999099099099999409994099999099949409990000100008010310001100010321451531
0735349101109440333921442402204944213090011099931049220230000101108033121010100000154324171
0735349401109440333921442402204994193090011099931049220230010001005013210000000000154324139
0725399929934094922099992332493909919992921099999093944390000001008012110000000000523141790
0715991999194999999991991999391919999999399999929999991990000000000001900000000000132452836
0705309104994423231240430921043991911934220942199139193090001000110010410000000000351242932
0705909199112019930921214992149990211292330490990229934990000000000000900000000000352141931
0735999314903999999991990949919499130943999399194043034990000010005013010100000000541322825
0745949394900993433994904999999999999093949999994939993930000000000004900000000000514231812
0735991134299934199999139949499999999994939399993139992910000001004013210000000000154322386
0725939499991999993999299191993922299439339999949299929920000000000002900000000000153423274
0735913999999493949999391119939919999344999999493919993990000001102023120000000000152342251
0734999413119039999049334394499999193499499944999149994030000100011013210010000100421353040
0735999413119039999049334394499999193499499944999149994030000000000003900000000000421353440
0745994949399999399939999994949993994999399994399999994990100010009014310000000000512431428
0704992099999009449992990949999929999999999090229990199990000010003110410001000010324152017
0704990299399499442290999099993920094292042393993399240990000010003110410101001000315242419
0705990299399499942290999099993930099292042399993399240990000100012110410000000000315242742
0735942920330039499402299340009944999334990099929399999990000000000003900000000000215343576
0705921429990091091949992002199411199421099219219099999490000000000000900000000000345123826
0735922993919991999329319319391922922199921992992313912991000100004013110010000000145322007
0715394409229291913949449290999944199999909099409211011220000101008021321000100000432152832
0715909999209992992211999909919999999929910021929991219990000000105011010000000000234152135
0705312242990931099043039214032922041394341192029193411910000000000000900000000000314252533
0715944201140421339949149992233949999990099914291491923300000000000001900000000000134252736
0725143104033030021312002344112939941204419944019099392210000000000002900000000000123454828
0725993999992120003439392314100934904942912499330229411040000100007012110000000000123543090
0725939999119992939994994992492399999129932934299249944440000001010012110000100000123542821
0705392902919091009099123999199929939991909399019999993990000000000000900000000000314522602
0725990909011303429939312321924923199123401099999920940030000010011012411100000000453122426
0725990909911009429919092121929920199120499099999920999940000000109012411100000000453122397
0724990909911009929919092121929920199120099999999920999990000100012012411100100001453122445
0725990919910099929999992129929929099120099999999920999990000010005012110000000000453122353
0715993990923119119233012424494939322499999244391132224991000100004011211001100000132544635
0715949999199993913949399949190219934139020990994093199010001000111011010000100000132453586
0725990999432199332002329912902990942934199994949344094430000010007012110000000000513243315
0734999393349994941399994999993991999999999939499999499390000000110013210010000100152341714
0735999393349994941399994999993991999999999939499999499390000000000003900000000000152341908
0735919139399904913991939991904910494991193331299990449940000000000003900000000000245314369
0705993010221210199911909999299999910991992903999399999090000010010010310100000000351422065
0704991090911210999919909999299999910991991909999999999090000001011010310001000010351421861
0705991090911210999919909999299999910991991909999999999090000000000000900000000000351422111
0745011913114232242999993431040293993212423019999999499420000000000004900000000000241533849
0735344494099940932999329090999499903949393949999904939900000010013013211000100000412353507
0734909939999399994994999494999939000390949394903909093990000010009013411100001000512342369
0715919999999919129919414999499999999991999991999942294920000000000001900000000000235141366
0705939399931919003299931192999923099909290392290903391190010001007010210001000000325412975
0724992930399929499902099099292393439399300299909999994290000100108022120100001000423513139
0725992930399929499902099099292393439399300299909999994290000000000002900000000000423513395
0725999299909099992992999909199492902009299999199999299990000001004012110000000000513422468
0704903319499990901991904994904390493099993319949939999930000001011010410011000100341522944
0725909092129313210994941939942992910491992209091444339430000100111022421101000000523413160
0745999349994999999399999921394999249944931999493993999990000010008014210001000000142531783
0725999249429992129999912919919999999994994999999129129990000000014102900000000000123541796
0745494449942230909111910923329919921999209222999239241490010001009014310010000000154232680
0705903992029943990099909290494994490299429999999999932991100110004020220001100000315241880
0735941142302201204992004432332341110421022141101024030430000000000003900000000000152344764
0735903022142243439314119992130913221432100094422124944010100010008013110010000000145322609
0735903922142243139391119999939913221432920094022124944110000010011013010110000000145322597
0715494903131002393201039041244939124199329913429940930340000000000001900000000000531423443
0725040210999343034102110444403999124022033244004112111330000000000002900000000000253143056
0745139410292420013910119342011492131923443229203002002410000100002014310000000000214533752
0745902211329042219320312034044924232123330393040019310410000000000004900000000000415234602
0705199999209990109999099999912999990919990999999999902990000000000000900000000000321541293
0715909434914432229099132203244999212303433119294934021120000000000001900000000000531423718
0725993339392929999990390232999939430033299920939990902990000000000002900000000000513423785
0725114394914121214304042900139933429211021394494900490320000000000002900000000000523144639
0705994949093939099994999999099909999939999909949909993900000000000000900000000000321452303
0725101929994104340190022449394930332040030312933204494920000100007012110000000000523413387
0725101929994004340490022949394930332049090312933204494920000010008012110000000000523413629
0725909929991004990999322949394930932049093312933204499920000011004022020100000000523412896
0725940103312434020230411031211993931442140104331303240240000000000002900000000000513424745
0715994219299943932049192942339929919919223192949994932110000001009011010000000000134253534
0715994219299943932049192942239929919919293192999999942110001000108011411000000000134253336
0715949199412443239249949919911121993002442049400002339330100010010011010001000000234152133
0715199991419999299999992199214994939991329999994912399330000110001021220001100000134252712
0715901440300404124229139033214912002324234399909939192190000000000001900000000000534124079
0715912201999992199909492331194929922902091999929293091000000000110011411000000000435213269
0705999994299990099992910194922999409940109994991094999990000010011010410000000000352142531
0705944994009940999499999994909194999999409999040999999990000000000000900000000000342152975