0925390039443142329039341004423939920130423149092299912240001000108012411101000000451234156
0905921210244431002221424404310929120909343912199013191300001000105010410000000000135244155
0905022404330949329110939304003914194419014493431093919320000100111020220101100000153243840
0905991441330213001104129420400919040931422494191292993930000000000000900000000000153424060
0935929999239143439999939919999999999993293291929993999330000001007113210000000000534121654
0905994990439991191999992199090990402292223999990933001200000110102030120011100000123543725
0925900341044242329002102942412943431401312134039349200310000010108022321100100000521434377
0925912409299929239240994399999944492220491249999093904330000100008012110000000000351242787
0925904129334993324401310239312940193490212390420209011020000110010022421101000000531244172
0925994129394993320401330239312940993490212390421209011020000100007012110000000000531244399
0925993910101333243113223219299999234144191034492002943200000001002012110000000000351423843
0925999900042394909193329019933919132441929299912304222930000000000002900000000000351424167
0905299420419432099339922304419993290004213094491019122100000000000000900000000000135424480
0915933340202220414101300312442913200414441339292230133190000000000001900000000000512434367
0915140423232303314424232130102904424399220190104139941210000000000001900000000000312454725
0915140220134411229443310332333990094900121109449290203210011001107021221001100000512344822
0915140420103411229443319932333990094900121109949290203210100010008011411000000000512344682
0915991299024301440931929933993913322141141309999990309910000010008011311000100000512342782
0925231433294343221001010042192901303114414909340232143240000010012012311100100000451234892
0945001212123924449114104004040911122223034002334302911330000000000004900000000000354214461
0945991403110094441041002229233902224911024433013199034030000110010024121011000000435214770
0945122303131021422020213232304901044323444130014419190910000000000004900000000000534214871
0945439904931324429490944119132943001903123439009991291120000010110024020111000000532412913
0945439994939124429490944919132943001901123439099991291120000110008024320110000000532412853
0945930100092222243011912419434913344014143093133090392240000010110024020111000000342514436
0945903242300101443492914991021949020393914033090393994140001000110014210001000000423513406
0945911399020249101323202430944999399921424433393230142240000110011024020111000000243514664
0945090413233940211914401943440920204099430219302122330110000101009024121011000000234513197
0925912100443110343203324444222991942399149303301122100030000000000002900000000000451324598
0915209349232041210012914091092934432349212299244333311910000010112021020011100000312454497
0915209349232041210212914091092934432349212299944333311910000000103011010000000000312454572
0935994193494320431121301414342922430104132312010094340200000100107023220100100000245134543
0915924221230240419920932340110939441332123049931301024210000110005021020010000000213454322
0915924221200949419992932320110939441932123049931391929210000010003011010000000000213454247
0915992322422123349333040012410990441924901109932201134140001000103011010000000000315424710
0905143342144202420114314321042931394921293001310033222000000000000000900000000000152434561
0925434413133023219430010194222934043209012130304142304240000000000002900000000000521434487
0905999314349043014991209900001909414111222230111334423321100110008020220101100000132453565
0905941141210300331444223301340914914110400993292490231290000100104020220001100000152344831
0915940921022441013230322330110929932114094392093349149410000000000001900000000000215344513
0905399319010303909994300101922939110429290131229423921920000010001010410000000000123544404
0945499994099934143444999999939920993399909429909999113490000000000004900000000000425314714
0935322411349331302141210043003940424143993912142104400000010001013013211100100000253144796
0935322411349331302141210043003990424143993914142104400000000001002013210000000000253144846
0934991232922493291924243123249919999994939911439341193390000100010013011110010000253143496
0905039924229041111122431410010299331193020194223930044240000000000000900000000000134524779
0905949099992299243309449200094991431113900494013311129020000000000000900000000000134524722
0925993322219044129999104101312339912294040299992390944900110011004022321100100000431522989
0925993322219014129999103109312399912294040299992990994900000010110022421100000000431522820
0925993922219099129999104199912399912290040299992990994900000100010012111000000000431523096
0905213332412123039121244499000999943430923113291214000300100010010010410001000000152344773
0905043220004112014332930324102941129114231394499023920290001000113010410011000000142534303
0905043220004112014332930324102919129114231394999023920290000001103020420000000000142534531
0905041130929430039433239211910912200231219322920992191040000001012010410111000000145324539
0925993303442100121302314904422130093391422293331440004120000011008022421101000000341524669
0925991142340011223044239294341944404921132340303302331020000000000002900000000000521344890
0945930313030334119493122919421944114302244092921339192140000000014104900000000000324514038
0945211343400111449112400900324934134490022213121303022200000000000004900000000000352413621
0935991911393929239044210003912929444931344294094301913300000101003023220100000000432154703
0945499399441414122329900210424913000333304109033212432111100110005024220001000000423514640
0945499099441414129399900210424919000333304199033212432110000110003024320000000000423514412
0945400110002233040210114132243999992249039311212044433340010001012014111011000000345214259
0945932312314424000130413204014922291023091019133491034420000000000004900000000000234514668
0945299230090122340101212203144944413002134109103391403410000000000004900000000000534214928
0945901124102032440103421303224910103924212493034010314120000000000004900000000000452314873
0945449912020294029911993902042921931334402449231909101240000000000004900000000000253414880
0945022999349499909920993499344992994990301499099940002040000000104014310000000000354213361
0935901919994233039399941149339930993914010919990419132020000001007013210000000000453123637
0935999943422392949104339114211941040012133410004003320130000110001023220000000000453124458
0915999099943110139429043122133940909140322392929994139110001000111011411001000000513243894
0905912292012309234929134991030291011029341019201230993290000000000000900000000000145323970
0915300012444133314294412920122903192319221002490403399310001000111011411010000000413254186
0915900012444133314999912920122902192319221002494403399310100010005011010000000000413254264
0915294420119291939212012303191994343490934399224243221310000100101021020000000000314254107
0915122034139231232029414330233904091223411044400210999130001000111011411011000000315244682
0935340114291344220931029924313493412190232120040321043100000000000003900000000000423154679
0934333309094094349043331410439901090499110411999419994490000100007013210010000100452132234
0915341990419994210399443999412914091319941194093923992020000101009021020011100000514233538
0915341990419994210399443999412919091319941194493923992020000001003011010000000000514233753
0915990991113213032909409931313499194999914329049020940120000110004021221001100000315243396
0915302393319440440932040921214992993231212193339201300110000110008021421001000000513423960
0915392993319440449932090921214992993231212193339231300110000110001021020000000000513423727
0914392993319230309932090991219992999931212193339391909110000000111011411000100001513423295
0925431414244000023101344332211934193993921209432240023410010001010012010101100000431524553
0905929994931999201919400121033991141139299019920900992200000101011020420000000000154233345
0905929994941999301919400121093991991139299019910900992900010001005010310000100000154233153
0905934410432102114922112331043941304212203100099323424090000000000000900000000000125434620
0905992992243410109999921029003999333149111099333294040100000000000000900000000000125434682
0905221913013930299992192399909921320120409299091399430090000000107010410000000000135424429
0935312249004444332100112244010910022333930901201294133440000000000003900000000000452134893
0935091140104432330044012191333924302409243411200041123240000000000003900000000000543124784
0925024103420099192301433341101933401424204223343429410020000000000002900000000000321544377
0925339441041113229493439940022999144991222233433031301200110011008022020101100000231544653
0925093404309142100311234322040934004494142233113233214020000000000002900000000000231544546
0915903344001012240420012021324994231339034130323221311440000000000001900000000000513424818
0915132242499032009342412933041992021919133309242102910310000001109021421010000000415324836
0915919993991943931094304999991910909044193441094993149310000000000001900000000000512342751
0905919290143304429911103914112993900209993399192219044000000100104020420001000000142353988
0944033499999049090991999949194910911190990449909919444990000101011024220011000100352413288
0945030499999049090991999949194919911190990449909919444990000001003014310000000000352413082
0944411199499243992121949239934919994393429931999133342140100010011014311110010000245313834
0925499439202413424993024134330991019201302293149920214140100010003012010100000000251434111
0905923034429240311399241240243310210199091234992410139000000000000000900000000000135424673
0925990290340204129023003909232944432419944343092039994240000000000002900000000000541323899
0925014131032332203110114220230941133000444240499931423240000000000002900000000000251434828
0925329091401332203901314491420240911219223243031140344330000011009022020101000000251343813
0925329093901332203909314491420249901219223243999440344330000001003012110000000000251344166
0935194203030142390049241113423942432190430242193439001490000000000003900000000000523144503
0935909114932333239400002410310901122241434399949900244300000000103013210000000000254134869
0945911030020920499400011192099940914919129494190292442940000011004124121011000000354211709
0945930444321303109322049044114939911910901292420121300140000000000004900000000000234514145
0905304331031124192199903320910933430431211001212022922420000000000000900000000000132454826
0905221191993243304900913422940914000393342419009112431120000000000000900000000000153423607
0935104491031092131143400420333940043422902392491024420130000000000003900000000000432154824
0935144442229112334402943420030090044391310319139411210230000101008023020110100000243154282
0935144499429112334442943420030090994391310319139411210231010101005023220100000000243154010
0935194499929119339442943420230090994391310319139911219230000100111023020110000000243154054
0945999119022120034019011092993990490343204449141193492400000100102024320000000000354213470
0905993222490094204499249492011932920999043124990093303190000100010010310000100000124353209
0905994292290093904999999492099999990999094294990094309990000010005010410000000000124352746
0915942330302101129939203344313941932012300329129244141400000100005021020001000000315244165
0935904211442433230010231343420929014302190211020134241430000000000003900000000000354124855
0935990323040334349041021044400944112939391491193120011930000000014103900000000000345122614
0945200929391023349024144101024900494901034011941112231390000100003014310000000000453214244
0925943032204431439993002919929414243424344230329323919110000000000002900000000000231453989
0905023240401110234343313304022943304412211124231142092900000000000000900000000000123454609
0945432109392041049112213422104923033422144030039290004110000000000004900000000000235414729
0945199111023014343220149021341933300094144239230099242430000011008024220001000000234514756
0935921290090329239229343103040991011934093099101334420240000000000003900000000000354123817
0925390032430943224442404014232930112109323440401303121310000000000002900000000000521344656
0925409144119331434910223102223904332003034291010049212140000100108022421100000000351424679
0935943330124994112200314192433940044124923392092321414200000101010023020110100000325143449
0935999949923033112112120414333990230434040099990193090110000000000003900000000000325144498
0945300322129011441022023904213409214933991410299130044410000001011014311100000000543214378
0945319299923149349400949043491910990029432104294900013210000010001014310000000000523413236
0915423924991919119934902900994992222141499994910191099240000010011011010000000000415323879
0915924994991919119924902900994999222191999994912191099240000100004011010000000000415323079
0935949001132443234440104132004904240224003199219013321330000000000003900000000000324154781
0935391290092101033109949091949999920493999332230294339410010001012013211100000000523142975
0935391090092101033199949091949999920493999332930294339410000010103023220000000000523143312
0925310033229202329033041114344901112394292401134314409320000000000002900000000000541324661
0925999932399031219009299929999910909391312200102939023120000100007112010100000000531421549
0925999932999031219009299929999910909391392200102939921120000100009112010100000000531421492
0925999902999931219009299929999910909391392209192939921120000000109112010100000000531421531
0925999992999931219919299929999999999391992299992919923120000001010112110000000000531421825
0914993349232193399334919149419924129231122322999921499140000000111011011000010000214353334
0915992339232193999294919149419999129231122329999921499140000011003021420000000000214353128
0905931492041130219129103291431934422934040413414210900300000010109020220101100000132454791
0915394944139334339920022229410294401211134104902239491310000000000001900000000000415234843
0915922440430303292023341243103942404310401132032291011310000000000001900000000000412354870
0905914332129909439332210410131991931002234014999991032000000000000000900000000000153244550
0905023223411094441313990091940930114099449492333999019090000000000000900000000000152434127
0925424934231992249390000433043934300419111220331232192140000100110022421101000000431524039
0945412111493012440091022303104913200422324491920093023340000100107024121011000000543214933
0945400291330149940211334103002991439420112292132394144201000100012014311110000000354213864
0905349200044209302994399114949992993939930492492990014200010001010010410000000000145323572
0905499200044209302999399114949992993939990492492990014200000010004010410000000000145323712
0925142401031302239243944302922904914311033101199042129430000000000002900000000000531244750
0925292092299343949419411211421410441993032292044019433910000100112022321100100000531243211
0925292092299143949919199211421999999994032292999019103910001000104012110000000000531242177
0945902943113242110092409332044403442991113432300210332210000101008024120011000000425312973
0945903943013242119092499332044403442991113490390010332210000010101024220001000000425313324
0945413009421393019232341923004914442123942021329239000340000101010024121011000000325414327
0945923922941901449399991191000990214100904493900940211440000010009014310000000000324514797
0915922009999243102993449221192931394132131132024493413440000110107031020000000000215344133
0935201410003320101924049939239949044493233310329294912110000000109013210000000000452134295
0935219940013320109914099939239919044493233390329499992110000100002013210000000000452134232
0945299909993994244293903039110203990229344142994432314110000110010024020111000000423513072
0915124231309929001423341334311449213102002213324442403000000000000001900000000000213453833
0925141430033900239411132921221944344019230000402419332120000000000002900000000000321454705
0925400110433221220031142244344934101013232334919390940920000000000002900000000000451324611
0925442104014400339231933323322923094194013234114209412040000000000002900000000000451234622
0925933310290093099211991203234921192093939293913120999240000000000002900000000000351423488
0945910330412324229019344349034913091120930292234199434990000000000004900000000000432514599
0925923044339310212043421139912940003040112324331400442210000000000002900000000000431254880
0945039123310124042499009041929942133900042093111431334240000000000004900000000000254314688
0945993303239420429930094943421990219101134013912940424120000110008024220001000000432514336
0925994493494121224443409292392990102021010149943302031331000100007012110000000000321454321
0925934193221031131492204399910933142010233044234044041220000000000002900000000000241353736
0945420020334412132943434140002900233011420209999299499910001000112014311110000000534212618
0935901120340202334111109943941902423093143094422391042130000011011023020110000000235144908
0935424314410114334930423099991293092100422394429032213410000001105023120010000000243154273
0935449110392104242210930901333910944409323312212304214040000001009013010110100000254134904
0935291009330114341202410243131924243901042322149091033420000001107023421110000000542134747
0935310399124319941930424412444999390999292340022419319330000000000003900000000000453124532
0935921992400290930113143223044923003114313021344102424200000000000003900000000000354124120
0905032411424002303291410001393922221394314044432091319320000010012010110011100000123454554
0905339239004099912999993023211999239314014023329401092200000001003010410000000000123543556
0905029113411434092420442310140993424131240993223233300100000000000000900000000000125344987
0925911323033341303434410444202990930012292213121440014420000000000002900000000000251344898
0945999944294999419331312294929999139419344239399293399940000000000004900000000000423512752
0935999399999913299933949991393993999999323999999199999990000010005013210000000000253141738
0945432344241939209139030390499911442001313291311149900140000000000004900000000000352413739
0944901134330919149994399440199131133041904911303499909340000010012014010111000100452313568
0935304112013209204412040923933933341092321092440424441120000110011023020110100000253143547
0935344112403209204912440923933933341999321092499924441120000100009013210000000000253143264
0935932499429931904499993329410999999131014039449991394330000000107013210000000000253142573
0925949344042132194414001332202914420349323213130392101000000000000002900000000000241354550
0905941134401913994434393403300911909040990933140499991110000000000000900000000000132453813
0925434303242011149393249199422934402921934203930110931320000011010022020101000000421534454
0925934309242041149393299399422934402924934203999930939320000100011012110000000000421534154
0915949444499910019400302902902994032193211411133399309010000010111021221001100000312542952
0915949444499910019400302902902994033193211411199399309010001000105011311000100000312542944
0905922990919004909224099993990923919919993991910993909900000000014100900000000000135241800
0935202104313440431314019302443932991909039940411110939490000010007013210000000000453124143
0925310413219490214343331040422200902194443304093210192420000100110022121000100000531244505
0925300413219490214343331040422290902194443304093210192420000001002012110000000000531244581
0925290013130122024209311214134944913099432102400139930230011001109022421101000000451234087
0925290090933190420091342434492993299920341299923133912110000010012012010101100000531423625
0925939430943129141290009434322949304212092102319093103240000101011022421100000000531423983
0935902902103044032410209119033919434223943391010499104340000011010023221100000000354124502
0935922932149041341193113493330994999100104422222149004330000000000003900000000000435124442
0935024901141433124911224030020924099109943393492499043330010001010013210000100000245134385
0935029901141433124911224030020944099109943393492499043330000100002013210000000000245134465
0905929331124110301942221409442932120412403343301040294020000010110020320010100000154234587
0905993013931111149294903200432919499430402233913412220000000010005010410000000000124534178
0905114323411421019421419130340994012302042239334490201200000000000000900000000000134524704
0925132430213444213403113022102944132091499942340302304300000000000002900000000000321454547
0935302119043441409191239999340111299433993999991200434430000000000003900000000000453124492
0915292294233011332129494991210919994242999999999243241110000010009011010000000000415233389
0925924430449332322942414340102493340021101213103439920130000000000002900000000000421354467
0925313034212440414941449024331994120410133293121092023020000010107022321100100000531243791
0935911409001434321212090141343241493021334091024340943900000101005023220000000000452134962
0905939210133220203941044133223924190100901094219434134320000001010020420001000000152433797
0905939210133310903941049193293924190900901094219431934320000010109020420001000000152433849
0905914414049201421221231920024912113930340393323042204400000110008020120011100000142534840
0905939109911933992390999199909931901339019129090911099900001000111010210101000000153422800
0945490240404411240029333022241920931101433312922349990190000000000004900000000000534214258
0925013341032421221044444100112939334914912933330022003210000000000002900000000000231454782
0915294302111140139429942243113922921993139039243924400400000110001021020000000000315244034
0915394302111140139429949949113922921992139099243994430400100010010011010000100000315243674
0925991109133110230140403324302994420431112209919423344221001100105022321100100000351244424
0925049944331142419949033322220929399343242249399900100100000000102012110000000000341254109
0905031213130020309142124932323921100494224031412442433400110011008020120011100000154324423
0905031223130020309199924932323924100494224031412442433400000010003030130011100000154324632
0905229941931110113291991023021490094390214344249091003230010001008010410000000000123453255
0905229941991110113291991033021490094390994944249091003330000100107020220001100000123453438
0915333231990942299910299420211901411999020194349194922990000000109011411000000000314253963
0915999901990949099910499999411991411999999199099199909990000001102021421000000000314252867
0905044143241134009122240911103939902294139943223403100310010001013010210101100000134254491
0915400210303032410221114231301922124434304029992304439910001000112011311010100000415233660
0915299430104949330922232029913993414112934122402134911230000100002011010000000000415234250
0945203021409334410001931923444921393413094290220013439020000001111024121011000000523414710
0945003921409334419009931923444921399413094290200013439020000100003014310000000000523414866
0945990093300124440319041011422930393342214133020210314240000101005024221001000000523414655
0935442140041940201022930392444910320121214391439302234330000000000003900000000000254134793
0935914224210933139004404012034900400913123401223411921330000100109023421110000000354124726
0935990919342203249129034101213990099113433099999902023340000100005013210000000000453124560
0905914932032119229411333213400949241300090242193420242010000101011020120011100000132544697
0905299994491203110911231021332311240232031202991094340020000100001010410000000000132453724
0905994403213943104420301320044934313911091242401293219300000001111020220101100000152344223
0905992403213943104990301320044993913911091249201993219300000101102030420000000000152344688
0905909991022129921901992999909999999319992909099999190000000100105120320000000000132452679
0915499443910332329412009001912941399300110299944933192210000010011011311000100000312453311
0914999439910934949419009031919941399909110999999993193910000101009021020011000100312452753
0945031311303220043909923032440919191120941412221410244040100010005014311110000000254314827
0945900422441300029200140334042924193992920999419111231430000000000004900000000000452314373
0945420129102932013944991492114994010024203439999204002011100110009024121011000000325412833
0945420129002902013944990492914994010924291439999294002010000011011024320010000000325412779
0945420129002902013944990492904994990924299439999094002910010001005014210001000000325412691
0905992119133042039213230224301121191921139029999202040900000001112020420111000000135423928
0905992119139042039213230224301121191921139029999202030900000100008010410000000000135424036
0905912912009292349219930901040912941040914024149221223340000101010020420000000000145323882
0905922991009299349299990901040912941020924094149291229340000000107010410000000000145323679
0905901220339190401222304919104923132431310109449432401130010001005010310000100000134523839
0925313949099292931412090443022900944212112003411940132141000100008012411100000000341254295
0935341224100321231942901034303412444011141329049023004030000000000003900000000000234154893
0935194411143320914420290133933912404440100399104993439090000100012013211100100000423154672
0935494910990302219019999223334900393911334190929991039420000000111013110010000000523143371
0934994920999302999049999223339900393904339290929999039490000100108023120110001000523143465
0924909203993232929999929990999999993990929999299993929920000010009012411000100001531422569
0925992930049123929234443410142939001392319291331449202141010101012022321100100000431253828
0925992930449123929293449410142919303392319299931949202140000010007012110000000000431253594
0924919949914049924924990120922992090149999099211009209290000100012012111001100010341253384
0915494004322321110224042201333910241939342301002294901130000000000001900000000000514234722
0925311994129090224143432044010913422139990134342201424931000100010012311100100000241353906
0925319994129990224941932444019911922199990134992201924990000001008012010100000000241353272
0945404929992319990490230939424902043049399400923024193931000100013014110011000000523413253
0925219399941994120919914092123912912909049294292993993930011001112022321100100000531243414
0925219399941994120919919092023912912909949294292999993930000001010012111000000000531243238
0935349499302033121044043411210221990014333209044023142400000000000003900000000000234154710
0935490201000013132229129014413902441331243429909939433420000000108013111010000000534124259
0935399924992140019990999141221993993204323099934249393390001000113013211100000000432152714
0935399994992140019990999141221993993204323099934249393390000100004013210000000000432152860
0935401901393232091940111343309944104912324399940130224100000010102023220000000000452134229
0935041102149431234901402309439940001123330340021192234240000000000003900000000000352144922
0945300014199091041222213344343920139443120499122933024111000100010014310000000000543213922
0945999411199394039149920429994990929092430492409999243030000000000004900000000000453214158
0945930491432119142202914011304943320933120024401022933400000000000004900000000000235413948