0305999992330949329919919301093911194419914999339993999340000100001010410000000000153243562
0305994999299991294999992399099999992299999999999931099900001000112010410110000000123544104
0305992999299991294999992399099999992999999999999931099900000001007010410000000000123544547
0345999299249291199299929991944999999999991999999299999990000000111014110010000000425312856
0315999990929944919409999099909909999999090194049909921920000000000001900000000000315244000
0325999930919193999199329099999919132091999299999933999930000000000002900000000000351424000
0325999919209949403112900919401999399311990299931999994910000000000002900000000000341254846
0305299429919492099339924394199993299994233099494099129190000010012010410001000000135424831
0305299429919492099339924394199999299994233099394099129190000001003010410000000000135424876
0305999999999999909999999999999999499499093999999099999990000000000000900000000000124532630
0315933300209220214999999399232993299090999939293030133190000100008011411000000000512434989
0315940490900491299443399932333990094900929109949299203210000000108011311000100000512344986
0315999399093391990991999934999999939149999909999990309990000000000001900000000000512343440
0325931433994343221001010049199901303114944909340939143240000000000002900000000000451235000
0345311912123924999199134924390911122999999922939929929330000000000004900000000000354213817
0345993903190099949391199129233992224911029499013999039030000000000004900000000000435215000
0345939994919199999990944919139993001909112939099999991190000000000004900000000000532413349
0345993193099229293111993919999999994014193293933190292340000000000004900000000000342514947
0345993399300309943999994999011999993993909939099993999140000000000004900000000000423514000
0345999999999993993999499999949999994999939999999999999990000000104014310000000000234511911
0324999399999999999939929999999990932399099099999929999990000100001012110100001000451322759
0325999944912943944919140399292094491199940099090139910390000000000002900000000000251434906
0305949132111444404933299922091431132249919249331324191900000001110020320110100000123545000
0335922112494400001190491144403919222224049341419299902930000000000003900000000000254135000
0335944299191090932929949242903091421421329024194941409400000000000003900000000000235145000
0315924229232999499992932399910999449922129049939399999210000000000001900000000000213454218
0305993992993990093390929999939999992999993999999999199930000000000000900000000000142533060
0335999999992249392000090999949992999999942222920999923430000000000003900000000000523143928
0305199943999499999999919949022999991999992099999093992990000000000000900000000000152433801
0325999919999199999999999999929990999949929999999299999990000010010012010100000000351244000
0325900090499909391940323911949940433410041349494299919320000000000002900000000000521435000
0325999999992999999999999999999939999999992299999999999990000000000002900000000000451322000
0325434433133024919490010194292934043909019430304149909990000000000002900000000000521434729
0305949322229130999994994312191999329323940322934944329100000000111010310110100000145234890
0305922939993939103999992233909922913919191093992999219190000000000000900000000000135424000
0305941191919390391143934991999999919119400999299999139490000000000000900000000000152345000
0314999999994941999999992994919999999999999999992929199990000100007011011000010000215342924
0345930022223312943911913032099909220993393430910099029940000000000004900000000000425315000
0335999999999299999999993129999919999992939911999999199390001000107013110010000000253142823
0305999924229941111122931499090299331193940193223939994210000000101010410000000000134524949
0325999999919099129999901199999999919990090299992990999990000000000002900000000000431523000
0314299999999999194994999999040920290099100299999929999191000100011011411001000010314253563
0305213332412129039121244499900999943439939113291213999390000000000000900000000000152345000
0305043220994192914332939322992919129113991394999923920290000000000000900000000000142535000
0305941139929430039433239211919912299231219322929992191040000000000000900000000000145324951
0344990913030919919993191999911949114939994093931399993190000100003114210011000100324513734
0345919999499111949919993999099919994991990919919999911990000010011014010101000000352414000
0335990919399949939994914999999949441999994994099391919990000000000003900000000000432154000
0345919999499920949919993222090999190999909999999392293940000000000004900000000000234515000
0345933132329420919002019103011919132312900439993092039040000100012014111011000000324514981
0345909110002233040210119192243999992299339911212099999340001000111014310110000000345214949
0345939133012929041312929191140919939110099029323320900940001000112014010111000000235414980
0345999999999999112993993934999999399399399939939499999490000000000004900000000000234512790
0345991390499021932939920299941921020923201999119909199940000000000004900000000000435214909
0345999930090193140202209902194999919990909109903299999490000011007024320000000000534215000
0325919999919211999939999313923991999399992919399993391990000000000002900000000000351423000
0345999912020299029911993902092921931339401499231909109940000000112014211101000000253414980
0345022999399999909900993499049992994999399999099990990090000000000004900000000000354213618
0335901919999939039999949149999990993914110919991999999920000000000003900000000000453124698
0335999949419992949904939919119941040911193410004009909130000000000003900000000000453124840
0315190240449433219242230994303944334349990202322203993010000001011011211001100000314255000
0315999992299242990929219239001990932993330429924393249190000000000001900000000000415234937
0315999099993999139449900993103990999949929999929990939910000100011011311000100000513244635
0345999999999299999999999999234994999923999992499929299990000000000004900000000000234512780
0305912199922309239929992991099299919999939999991220993990000000000000900000000000145323353
0345993939999099499993399103934919290301004292209909929391000100011014111011000000254314987
0345992929199112049099039033939902904191990422292091299010000100003014310000000000345215000
0315909999924999310999999929122993999299999999999492399310000000000001900000000000413255000
0315929229129939209099919909939999091992299992090299999990000000000001900000000000315244000
0315349999419994210399443999492999099399949194499903993020000000000001900000000000514235000
0315990999990293032909409939313499994999914399049999900120001000108011411000000000315244313
0315392993399990209932090999999992999991219193339399909990000000000001900000000000513423856
0325491413239900099101344099291934193999991909499299093910000000000002900000000000431525000
0325499341149912499999941911999933339949332099331991449200000000000002900000000000341524439
0325914104413010421094199339910909909931112244499404493000000000000002900000000000241535000
0345992931999914999991949493999939319939991139999999319990000000000004900000000000243513556
0305919994991999191919409949999991999999999919919990991900000000000000900000000000154232904
0305933944119991214933429992001999913991313249944929932040000000000000900000000000125344808
0305939999493199299999199931019949999399203399999991424090000001008010310000100000125434681
0315929939324092919999939249211939992999999999999422403490000010101021020000000000413255000
0305939991349999109141309392299999941119999099993399929920000001012010410101000000142535000
0304999931992999293311129339001931391290939991913329992990000100003010410000100001143523811
0305992992243419109999921929903999333149911099333294949990000000000000900000000000125435000
0305221913099999999992199399999929320929309299991399939990000000000000900000000000135424000
0335994491112039132219919299191992004999493094499199990940000100004013210000000000453124913
0325994103499099199931433341101933401424904293343499949020010001011012010101100000321544977
0325939443041113929493439940092999344991999293433031301990000000000002900000000000231545000
0325990404339342149311994992390934034994442993119999914990000000000002900000000000231544769
0315909344009910290929292099324993239339034130393229391490000000000001900000000000513424883
0315932242499032009342492933041992029999933309242102990310000000000001900000000000415325000
0305919299143304429911193919414993999299999399192219049090000000000000900000000000142354691
0305933302443292104929394212141942913449999139294393329200000100111020120011100000123545000
0345999499999999999999999949999939919191999999999919994990000000000004900000000000352412863
0345999999999299999191949299924999994993999992999119999290000000000004900000000000245314000
0325999499299413424993994994399991399999939299149991994140000100007012110000000000251434000
0304939933499990999399944999399999939999991999999919939000000100010010410010000100135424000
0325990999999230999990999999992999392939999999999999999990000000101012010000000000541322780
0325999093993399999939913993499949991999223294999999949390000000000002900000000000251344770
0335194209090194390049249113443992491190999044199499001490000010007013210000000000523144974
0335994249149909191104424214023999991199102291123999439040000000000003900000000000243154904
0315299443499029319432334440399990999349292149092190993920000001104021020000100000413255000
0314999999999999909949999999919999999949999949499199994190001000110011411010000100314252745
0345999900929990499900992292099990994909229999999999942990000000014104900000000000354212689
0345930999321303119322049049199939991910901292921129300140000000000004900000000000234514951
0305399991931124192399993320910999949431211094313922922420000000000000900000000000132455000
0335199491099999991299490429939994949012921399490094492130000000000003900000000000432155000
0335194499929119999442929290290090994991310319139911919290000000000003900000000000243154901
0335991092091132990029919939391919291229992990200202999990000000000003900000000000534123859
0345999199099199399999011993993991999943229499191193499990000100011014210101000000354213591
0345999199199999999999911993999991999941229499191993499990000100009014310000000000354212512
0345999199199999999999911993999991999941229499191999499990000000108014310000000000354213683
0315929992922941999999999992999991929299992999199294999990000000000001900000000000315242777
0335909211192493930010239929920929014949192219021194249190000000000003900000000000354124977
0334994319999394999999199994919999994939994991999199919990000001004113011100010000345122466
0345900929299021049029199901094900999999994011991111119990000000000004900000000000453214000
0325999399143930429999939044044999341930993909409903442200000000000002900000000000351424813
0325999499294439999993149919929434933424994943399993939110000100002012110000000000231453756
0345932109399942049912993929109923031999294090039292029110000000000004900000000000235414876
0345999191999299240221049221241999999999999999299999999910000000014104900000000000234513050
0334929299990329239999999999909999209999993099299999999290000010008013110110001000354122903
0305912241399994944213442941340929231112099221132439112900000000000000900000000000145325000
0305499999939099939991994999340999993999999999993099439990000000014100900000000000145233082
0325999093309993123409999304424903034099441999409490092990000100009012110000000000521434626
0325999949990993924999949039992940949909999449990900924930000000000002900000000000521344000
0325499149419331439919990109924904949003039291009949219140000001012012311100100000351424577
0335919099299990919913299999999399990919990999993919910990000010007113210000000000423153620
0335949990124994422200324192493940044924929992099311409990000000000003900000000000325144960
0335999999929093992099920009393999299099909099999999099990000000000003900000000000325143000
0345900322129011499019023909211909299990991419999199099490000000000004900000000000543215000
0345939299909999999900949943492900990999929909299909303990000000000004900000000000523413441
0345999994999999949309999999939999990992999999999999992940000100007014310000000000534213407
0315922990999919919922929909999999999999999992999199099290000000000001900000000000415322957
0335949001199493994440104190904904240222493299219019909390000001111023221100100000324155000
0335999199099141039999949291949999990499999392990199939410000000000003900000000000523145000
0325310933999999329093041440994909939394992903094314409320000010012012111001100000541324822
0325310933999999329093941440994909939394992903094304409320000010005012110000000000541324890
0315994242320420919344204043293934439092999234932391293010000000000001900000000000413255000
0315922440430300992023349203193942404390999932032299011390000000000001900000000000412355000
0305914332129909439939999110931991921992993913999991939900000000000000900000000000153244796
0305923933933099949393999994990999399999999999999999049990000000000000900000000000152433580
0305999399132219919992999929299999999999009999199199039390000000000000900000000000132453422
0345933039039993299999934929992039904349929999392939999990000000000004900000000000523413365
0325999934939999299990000191099990300399199299993239999390000000000002900000000000431525000
0345912111493312490091022303199913200922324991920093023990000000000004900000000000543215000
0345912993331999940219339990092999939919110292192394194200000000000004900000000000354214660
0344999913993923991999132919999199394991933932999999419490000010011014211101010000253413779
0325149901019109299944949999929909994091031901199912999090000000000002900000000000531245000
0325999092999133949919199211391999999994099299999019109910000000000002900000000000531243939
0345909999003999999990999932094493999992199499999999229920000000105014310000000000425314593
0345913009921393019232341923004919992123992021329239000340000000000004900000000000325415000
0345920922991901949399991191000990219190909490900999211940000000000004900000000000324515000
0314999499999999999999999929999929499192921149499999494990000000112011011000010000215342938
0315999499999999999999999929999929499192921149499999494990000000000001900000000000215342955
0345900020313222240130929990301991312123293130131399094140000000110014010111000000523415000
0344299939993999949293999039930929999229999992994433399990000100012014210101001000423512811
0315924231909949009443999949991499419900933293933443903000000000109011311000100000213454302
0314934031909949009443999949991499419900933993933443909090000000111011211011100100213453634
0325939444999999924494909129939949310429931149411993341930000000000002900000000000231454628
0325901944033031300091444102032999441191903241914409991390000000000002900000000000231455000
0325149430039909239444139990999949344019290900909319999020000100002012110000000000321454857
0325400110439991920031149244344934101013939334919390940920000000000002900000000000451325000
0325949113913400339999993923329999999199419233119909319040000000000002900000000000451234883
0325931199290999999919999990230999992999909999990099999990000001104022120000000000351424000
0344930339493904999099949999399933090999999993399999999990000001009014210011000100432513000
0325993099339940219039991139912940003940319394339190942910000000000002900000000000431254910
0345909333310194940999009991999999139909099093911939909140000001012014010101000000254313969
0345993303139910419930099999929990219901934013912990439190000001007014210001000000432514830
0325994990994199924999449999992999942394091949993909019130000010004012110000000000321455000
0324993499929119991499994199999999499991233999999994941920000000109012111000010000241353663
0345999999994999990999994149999999999919999999999999999990000000000004900000000000534212833
0335990094909922920999909009219929990293991399444299919320000000000003900000000000452134788
0335991929999129999929992999999992992991933322929999199990000000000003900000000000345123000
0335901121940242934111929943941902499299199094429991042130000000000003900000000000235145000
0335992914211119939994299199999299099194422394429992213990000000112013010110000000243154988
0335949110992104242210930921999914944449929312212399914040000000000003900000000000254135000
0335999009399114391202999109199921293999092922129099099120000000000003900000000000542135000
0335999999999999939499999999999999999994393499999999999490000000000003900000000000354121873
0305339939991999992999993993991999239911091023399292999200000000000000900000000000123544000
0305929999911434992429943319140993434431240993999433399100000000000000900000000000125345000
0325931399933341309193490444202990930019992993999030014490000000000002900000000000251344974
0345999999994999999339393394929999939939949999999993999990000000000004900000000000423512220
0335999999999919299993949991993999999999329999999199999990000000000003900000000000253143151
0345931394991919009139931392499991999999199291999199929140000001009014310000000000352413889
0345901134330919149999399940199131193099909911333999909390000000000004900000000000452313967
0325949344049132194414001332239914490999399913130399101900000000000002900000000000241355000
0325934949999999929339934499999993994914942293999949994990000100007012110000000000231544000
0305941134491913994434393493300911999949990933149499991110000000000000900000000000132454000
0315949444499919019400302902902994033993019499999399399090000000000001900000000000312544815
0315990903244000119393009942299999233499419499992399999490000100010011010000100000512344986
0325999999999490293199901900422999999991949909999990999990000000000002900000000000531245000
0325990013190122924909919914494944913999939109900119930900000001010012110000000000451234905
0325494999219999993000999991992930999139390990909933911290000000000002900000000000521434436
0325990090999999190091339393492993999921301299993139919190000100008012411100000000531424762
0325939030903129199990999331392999999909092939399099193990000000000002900000000000531423914
0335902902199014032491209019099919994223949391010499909990000100007013110010000000354124957
0335999994199999499914229994929944999149993399492999949390000000108013210100000000245134000
0343999199999119949119999111944919999999999919999999999990000100012014211110010100543212000
0305929919124119401999221499992932129212499233901940299990000000000000900000000000154234888
0305193932914039449113192432190923124192992931911334299400000000000000900000000000154325000
0305939999999493293399999491902993399990999999999914390990000000101010410000000000125434007
0325999399904999299490399092492999309994499999499909009900000000000002900000000000321453989
0335921292190949439211291024144991413990094394149299099901000100009013210000000000345125000
0335902199049441499191299999340111199499993999991000494930000000000003900000000000453124840
0314999949494999319499999999999999999999991199999999999990000000112011410010000100514233000
0315992999290291332999299999219999999232999999999299999190000000000001900000000000415234000
0335999994999029999919940992022999190993041291994999933990000000000003900000000000352144012
0325994433449432329949414391199999994099101913949439920930000000000002900000000000421354851
0324190144249990991949999994949994199919409990191999421020000001012012311101100010531243763
0305999219933399994941999199293999190990993099929911934930000000000000900000000000152434909
0305934494949291492931394949049999193939399399999993904400000001011010210001100000142534712
0325931499140930129939324341401914944193409039499033919920000000111012411101000000231545000
0345999499091909949114993910912911993999099929199929119990000000000004900000000000253414276
0344990990929999240999209999999990991102422199929949999190000010011014310001000010534213326
0345990990999999240999299999999990990202492999929949999190000001011014210000000000534213174
0325013344019491921349444901199939334919912939330099493290000000000002900000000000231455000
0315999942199949999999949949990922921992199999242994409900000000000001900000000000315244000
0325991909443991900140990394399999194931112299999493144920000100003012110000000000351244958
0305921111939093939129122341399912932292941192993232013090000000000000900000000000145324637
0305931229299929909199994932323924199494224039412343433300000000000000900000000000154325000
0315999999990999099999099999019999091999999999099199999990000000000001900000000000314252000
0305944999499994909949999919103949999994499993399994909910000010010010310000100000134253660
0315900990909332410299993991301929999439324029999303439990000011009021020000000000415235000
0315999429992929990929929299919992994992999122999199999990000000000001900000000000415234000
0345990993309399940309949012999930393999229933020200309240000011007024120011000000523415000
0335442109021942201022990992444910990121214391499902994330000000000003900000000000254135000
0335914224210999999004401012932900400993129101229411991930000010011013411110000000354124959
0305914932932119229411333213490949241399999242193420242010000000000000900000000000132544973
0305994994933241009999993299913999999329991099949911949190000100003010410000000000123545000
0305999999999993990939499999999999949939999309993094999990000000000000900000000000132452496
0305992493339943904999993999094993999999991149299999419300000000000000900000000000152345000
0305909991922129921991992999909999999319992909999999199990000000014100900000000000132454000
0344999099499999919999949999999999900991999999990910109940000100005014210010000100523413000
0345031311303229993909923000940919191120991412221910299040000000000004900000000000254315000
0345900990441109099290140919999999192999900999919191209990000100004014210000000000452313616
0305312442419190991322993499390492212433393099221949391130000000000000900000000000145325000
0305992119139949939213239221901121191921999029999292929900000011011020320110100000135425000
0305929241042293129992119999991941411212931992929023993900000000000000900000000000145325000
0305922991999299949299999993049912941920924094149291229340000000000000900000000000145324716
0345933312312429992332931993499932299999999129929419919930000000000004900000000000235413739
0304999990299999109299299999109929299999399999999339991990000000112010410000100001134523744
0305999990299999109299299999109929299999399999999339991990000000000000900000000000134523785
0345999999999999999999999499994999439999999999999999399990000000107014310000000000234511625
0325999990914992299194999904149900999909999499994909299990000000000002900000000000531243819
0335912902041900439404010343142929141999290190414102902410000000000003900000000000532144941
0325914949199992991419999191992999944999992914411949199990010001010012410100000000341253000
0335941224100929291942901094349412444011941329049029199130000100111023020110100000234155000
0335924922194323034494999219091924419919401142949994121100000000000003900000000000234154763
0304999999999942929393099994420999993329930939999992949990000001010010210101101000123453880
0325909903999932999999929993999999993993929999999999999990000000000002900000000000531423000
0315992239330939999990493022991939229003299100929233933190000100109021421000000000513425000
0325999930949999999993499919142919444499199299911999992940000010011012110000100000431254912
0325919949910099924994990190929999090149999099911009999290000100110022421100000000341254000
0335999919991999994999999999991999999993990394999999993990000000000003900000000000532143091
0315994004422999110224992209220999299999449409009099909190000000000001900000000000514234000
0325999994199999924949919144999931992999991994999219999990000000108012110000000000241354000
0345999999499334349399999399999999999999999999999299999990000000103014310000000000523412970
0344909929992339990999393999924900949999999499992039993930010001012014110111001000523413948
0325919399941994190919919092994919919909999294992999990930000000000002900000000000531244089
0335999200999013232229999012099992209990999929909999093990000000000003900000000000534124000
0335999940123992099994901424022900914914402300991994992390000000000003900000000000352144953
0335999994999141119999999949999999999914399999990209393990000000000003900000000000432154391
0335901901399431091910111999309900199999999999999199909990000000000003900000000000452133720
0335041102149491234901402909439940001129990340021192294240000000000003900000000000352145000
0345900019199090091909111994949999999943399999919999399990000000000004900000000000543213793
0345999911399994939999920429999991929092930492909999299930000000000004900000000000453214474
0345921992932299992299994399914999999999923999999299939490000000000004900000000000235413778