0115999999999919929999209999999999999999994999999994994990000001002011010000000000354124000
0135991009999099909999999999999991309990990999999999999990000000000003900000000000342513000
0135999499919999993999949999999999949991999999999999919120000000000003900000000000134524000
0114922999999999994929999999129999999299999929992299942990000100008011310001100010154233000
0115999009999999999999999999999999994949199999999999994990000000000001900000000000351243000
0105999999992999999999999929999999992999999909999999999990000000000000900000000000523142000
0135999999999999499994999999999999999399999999999999999990000000000003900000000000124532000
0135999999999999999993999999990999999999999999999999999990000000000003900000000000431522000
0105999919191990199999199999999999999999919999919999999990000000014100900000000000542312000
0105999999999994999999999999999999099999999999999499999990000000000000900000000000521342000
0115999399999999999339999999393999999939999999919999999990000000000001900000000000351422000
0105999999919999999999999999999990999999999999999999999990000000000000900000000000542312000
0125999999421940099994999999999999199999999999999999999990000000000002900000000000345124000
0135929949292999992993924999999999994999999949999999994990000000000003900000000000124533000
0125999909334999390999923939909999999009009439940934999930000000000002900000000000125344000
0135999999999999999999999999999999939990999999999999999990000000000003900000000000412532000
0125999993999999999399999290919999999919999999999999999990000010007012110000000000435214000
0125999999999999999990999999999999999992999999999999999990000000000002900000000000345212000
0135991939199999999999999999999999999999999999999999999990000000000003900000000000243512000
0115999999999999999999301900999999999999099999999999999990000000000001900000000000351423000
0135949999999999999999999939999999499499999999999999999990000000000003900000000000123542000
0145999299999999099999999949999999929999999999999999999990000000014104900000000000123453000
0114999199999999999999299999999999999999999999999999999990000001001011310001000010154232000
0125999999993999999919993999999999999999299999999999999910000000014102900000000000245313000
0105999999999992992999222999999992999999999999999999099290000000102010210000000000523142000
0105999992999999999999999999999999999999999999099999999990000000000000900000000000514232000
0115919440999999999990999494949999999999999999999409999990000000000001900000000000352143000
0135992932999999999999999999999999299999999999999999999990000000000003900000000000214532000
0125949999999999494999949994999999999942949999999949999990000001004012410000000000235142000
0145922229299999299999022399993999329933929929949999999990000000000004900000000000213454000
0105999999990229999999992999999499999999999999999999929990000000000000900000000000523143000
0115299929999399999999299919999999999999999999999992993990000000000001900000000000152433000
0125999939999433999929939999999993394999999939394499399990000000000002900000000000215433000
0145999999999992999994999929909999999999919990992991992290000000000004900000000000234154000
0125999944499199494999999199999992499999499194911499919910000000000002900000000000235143000
0105999393999919999991939939999999999119999999999909991990000000000000900000000000531423000
0125999999999993999999999999999999999929993999999999999990000000000002900000000000135422000
0145939999993999999999999399999999999999999939999993994990000000000004900000000000213452000
0125999999999291919999999999991999999999099999999999999990000000014102900000000000235143000
0115999299999999999919999999999999999999999999999999999990000000000001900000000000453122000
0105999999334929919999999993232999329999299299909234439910000000014100900000000000521435000
0125999999929999999999999993999939399999999999999999999990000000000002900000000000425312000
0125999244199999999993999943393999999999993993939999939990000000014102900000000000145234000
0135939999999949949999999999999999999999999999999994999990000000000003900000000000134522000
0105999999999999929999992999929909999999999929999999999990000000000000900000000000543122000
0125999999999999919191929999999991999999999999999999991190000000000002900000000000435212000
0145999999999299999999999999999499299929999999999992999990000000000004900000000000324152000
0105949999999999999999999990999999999999999999999999999990000001002010410000000000514232000
0144143999999999999939099919999939939999919199190939999910000010002114210011000100241354000
0105999999994922999499990944299999999944999299949999994490000100003010410000000000523143000
0135992399999992929919299929999929999222999291999929999990000000000003900000000000142533000
0135999991191191919999091999910999919999999199999399999190000000014103900000000000324513000
0125991099999994991919911191994949499999949990921994949940000000000002900000000000415234000
0124999999399999999932999999999999999999399999993999999990000010002012110100001000235412000
0125999999994949999999999999999999999299999999999999999990000000000002900000000000235142000
0125999929999999999999999999999919999999999999999999999990000000000002900000000000345122000
0115999999919929999999999999999999999999999999929299992990000000000001900000000000254312000
0145999999999999919491999999999991999999999999990999999990000000000004900000000000432153000
0145999999010090909991999242999992999990999999999999990990000000000004900000000000243154000
0115999999919399999209999099309993900909939992099939009990000000000001900000000000452314000
0125999999999999999919929999999999999999999999999999999990000000000002900000000000145232000
0105990999994999999999999994999999999999999999949999999990000000000000900000000000521342000
0145999999993999922999999499939999999999999999999992999990000000000004900000000000413253000
0145990999919941999999999999999999099999999999999999999990000000000004900000000000423153000
0105999941224919199991992992999949999099449999919199999990000000000000900000000000542134000
0145999922299299999299929299999999499999999999999999999990000000000004900000000000234152000
0125991991999999999999999999999919999991299999999991999190000000000002900000000000245132000
0105999999999929999999999999999999909299999999999929999990000000000000900000000000523412000
0115941334999992204499929499043404430209249233300390294930000000000001900000000000451235000
0115999299393332992939993991999999993929999999299999999990000000000001900000000000254313000
0135299929999999949994999999994994999999999499349999499990000000014103900000000000243513000
0115999299999999999999192929999999929299994992999999999990000000000001900000000000153243000
0115999999099990999192993902999099299992999999929909209290000000000001900000000000453124000
0125923993999999999939999993993999999939999999999999999990000000000002900000000000135422000
0145999999949919999999999999999999999929999999992199999990000000000004900000000000143253000
0114999399392999992939999999939992999999319929939993999990000010008011410000100001254313000
0105999909919999999999991199999999999919999999999919999990000000000000900000000000543122000
0125999909999334939999999933499909009999904999290990994990000000000002900000000000415324000
0135999994999999999999999999399949999999999999999994999990000000000003900000000000123542000
0125091913039499909143193903300993199410909999393293404000000000014102900000000000135245000
0115999499999949999994999994999994199999999999949999994990000000000001900000000000251432000
0105999999999993949999993999994999993439499999999930399990000001005010410000000000521433000
0115992999099990999099999999992999999199999999999990999290000000000001900000000000352143000
0145999999999949199919999999999999999999199999999999999990000000000004900000000000243152000
0145991199999999199999412999999999991999299999919999999920100010004014210000000000243153000
0145999099999999999499999999999999999999999999999999999990000000000004900000000000314252000
0125999999399919999999999999999993999992999999939399939990000000000002900000000000135423000
0105999999949499424994992999929999290299992999999999992990000000000000900000000000524133000
0145999949999999999999999999999999999199999999999999999990000000000004900000000000123452000
0115999993999999999999999399999999999993999999999991999990000000000001900000000000352412000
0135999999999999999999199999999929999999999999999999939990000000000003900000000000234513000
0115991999999993999999939999999999999999999999999999999990000000000001900000000000153422000
0145091099909299999094999291191991999999922919199191999990000000000004900000000000243154000
0115929929999999999292999999999299299912999999999999999990000000000001900000000000354122000
0105999990999939999999999999999999999999999993999999939990000000000000900000000000523412000
0135999131999249111222249922014999999999999999299999999900000000014103900000000000234515000
0115999999999999999999999199999999999999999999999999939990000000000001900000000000351422000
0145999999994999990999999999909999099999999999999999999990000000000004900000000000412352000
0135999149994411909919994929911999199921493999299199099940000000000003900000000000234515000
0145999419119999999919999999999999999991999999999999999990000000000004900000000000243152000
0145999999999499999999999999999099999099999999999999999990000000000004900000000000324152000
0145939399912999919999191191991999393999949933999929999990000000000004900000000000132454000
0115991999999999999999994999999999999999999999999994949990000000000001900000000000251432000
0105933399939993999999909929999939939399999999293929999990000000000000900000000000523413000
0115993999999999999999999999933999999999949999999999194990001000108011310000100000152343000
0125999999939939999939999919939999939999929991999993399990000000000002900000000000125343000
0145999992299992999999999999929992999999999999399949992990000000000004900000000000214353000
0115999922209939939999999093903992999029293399999299919990000000000001900000000000453214000
0125999999939999992999999999999999999999999999999999999990000000000002900000000000145322000
0135999990999900999999991092011999909192929909990999132990000100008013210000000000324514000
0115919999999999999999999992999999999999999999999999999990000000000001900000000000452132000
0115994994901044092499929999290942944990922902294999999990000000000001900000000000253144000
0135999999999442999999999949429949949999929949999999993990000000000003900000000000123543000
0115999999999999999909999909999919999999999990999999999990000000000001900000000000453122000
0105990999999949999999929949999999999999999999999299999990000000000000900000000000543123000
0135999909999911999999999999999999919999939109911990909110000000000003900000000000432513000
0135999499499919999994999099499919999999999999999390919190000000000003900000000000431524000
0125999999914994993939939929999993434944149993999349999490100010008012110000000000125344000
0125999999919199999999919299999999999999991999999999999990000000000002900000000000145232000
0145199999492230019999939939990999913903991999999999191090000100005014310000000000214355000
0115999999999999999999999999999999299929999999991999999990000000000001900000000000153242000
0125999993999999999999399999999999999929999999993999999990000000000002900000000000215432000
0105999999999149119119199914014929999999999919199999999990000000000000900000000000543214000
0145949999999909999999999999999999999999999999999999999990000000000004900000000000412352000
0135191099999999099919991109999999999191119999999993999990000000000003900000000000123543000
0135999939999919219199999919999999999991919299919999999990000000014103900000000000134523000
0105939999994999999999999999999999999949039999999999999990000000000000900000000000512343000
0105999019929992929999999949999999999999999999999999999990000000000000900000000000523144000
0115099120233344909923302400249909922230239499939204433490000000014101900000000000253415000
0125999999992900909999110990099999010939999999999999999991000100004012110000000000425314000
0105999999999992299999999999999999999992999999999909999990000000000000900000000000514322000
0125992099999009909909999901999999999099999999999990999090000000000002900000000000345123000
0145903993939399999999999999999999999999999999999999994990000000000004900000000000231453000
0145999299999992999999999999949999999999999999999999299990000000000004900000000000413252000
0115999999999999999999299999999999999999999919999999999990000000000001900000000000451232000
0125939939999999999999999999999999999999999999999999293990000000000002900000000000125342000
0145999999999999919919999999999999999999999999499999999990000000000004900000000000341252000
0145029993199992231211993309201999194939913322919900021300000000000004900000000000234155000
0105399449991094299949999949332994999439399199449499314930000000014100900000000000541235000
0105999999999499999999999990999999999994999999999999999990000000014100900000000000534122000
0144999999999999999999999999999099999909949999990999999990000000107014210010000100413252000
0115099209999929139993999993929999244422999499949999999290000100011011010000000000253145000
0105999390999993999399999999999999999999999993999999999990000000000000900000000000523412000
0105999991999999999999919929992999999999099999999999212290000000000000900000000000543123000
0145991119199991999999999999999919991999419999999919999990000100005014110000000000123452000
0135920999912219991211093910902999092009299910919992999990000000000003900000000000432514000
0145999399999999999999499939991999399999999999999999999910000000000004900000000000312453000
0145999990009990999999949999999099909999999999999999999990000000000004900000000000412352000
0115999929929912992929292999999999999999999999999999999990000000000001900000000000253412000
0125949999999919499199149999999999999991999499999941299910000000000002900000000000235143000
0125939999999909003399999999999933399909299993999939993990000000000002900000000000325413000
0105999999999199999999199994349994909199199999999999999940000000000000900000000000531424000
0115999999299299999999999999999999999999999999999991299990000000000001900000000000452312000
0114999949999999999999999491999999999999999999999999999990000001009011210010100100152342000
0135099199990999999999999212909999909999230499990999199990010001010013210100000000142535000
0125999399993999999999999992999999999999999999999999999990000000000002900000000000325412000
0125999921999999999999999999999999911999999999999919999990000000000002900000000000145322000
0135993999110111409090949099010999919494101444999994910400000000014103900000000000132544000
0145999999999999191999999994999999999999999999999999199990000000000004900000000000341252000
0145992299299999990999929299992999999999999992249999999990000000000004900000000000234153000
0135139929192499299911999129110099999949914999919910922440000000000003900000000000214535000
0145999999999999999999999999999999999990099999999999499990000000000004900000000000423152000
0145999999999999999999999994999999999399999939999999999990000010002014310000000000123452000
0105999999209999999299999992999992999999999999999929929990000000000000900000000000524132000
0105920999399934439399999239999999999939949939399399999990000000000000900000000000523414000
0105999099999999999999999999999999999999999999999999991910000000000000900000000000531242000
0145999999999999999999999999999999999999999999999999299490000000110014210000000000342152000
0115999929990999299999999909999999999199999999929999099990000010002011010000000000354213000