0415999109099999999199999999999909999999911999999999999990000000014101900000000000452131354
0424990990999999999900290299999999999999099999299999929990000100004012110100001000425311914
0425999919902999999999929999999919999999290999299999999990000100003012110000000000435122030
0415999991299924499999202299099992992999102999419099919940000010003011010000000000351242189
0415999929999999999992999919199999199199099999999999990090000001010011010000000000453122041
0415999999999999999999999919199999199199299999999999992990000000000001900000000000453121177
0415999199992912909919209194999909999999994999999094992990000000000001900000000000354122644
0435991009939099909999999999999991309390990999999939999990000000000003900000000000342513000
0415922999993312393939924994142999291299929329192399943990000000000001900000000000154233251
0415940209091949449042913299999940492321193249999293932420000000102011010000000000351244283
0435999999990999009990999303099999999399430999999499999990000000000003900000000000124532272
0405909919191990190999199999999999999999919909919999999991000100003110110000000000542311983
0405499999991991999099999999999999099999199090999499999910000000000000900000000000521342142
0405909999999999999999990499999999999999999999909999409990000000000000900000000000531241307
0415999399999199999339999919393999999939999999919199999990000000000001900000000000351421872
0405999999919991199992099999914990909909999999999999999990000010101020120010100000542312400
0435929944292999992233924993999939994499999949999999924990000000000003900000000000124532345
0424999909334999390999923932909999999009009439940234929930000010004012110100001000125343529
0425999990199990999099113211939902999219991993939299990090000001004012110000000000435212768
0425999999929999999920999999999999999992999999299999999990000000000002900000000000345212000
0415993939939999999931301944049990999091394199909993993990000000000001900000000000351423106
0435999999939999993999449999949999999999939999939999999990000000000003900000000000234511204
0444949294999999209999929949992999929499999299999929999990000100008114310001000010123452855
0444999499999999939999999999999949999993999999999934949990000010009014210011000100214351264
0425919299991999992919193999999999999939299999999929999910000000014102900000000000245312418
0405999999999921992999222999909992999909909992999999099290100010011010110010000000523142274
0404909992999999999999999999999999999999099909099999999990000001007010310001000010514231461
0415999419999999499999491994999199994999949999991999999990000000000001900000000000251431286
0415919440919999999990999494949999191994999099990409999990000001003011010000000000352142146
0445949999992999994994999299999999999239993999999922499990000000000004900000000000312451896
0445299999999939919944929930000991199223330199149429999990000010002014310000000000123452005
0435999999229299993992399939999932999999999999999999299990000000000003900000000000123541503
0425999199999912992999999999999929999999999992999999919990000000000002900000000000245131478
0424944999999999494999949994999999442942949922999949999990000000108012011000010000235141637
0425944999999999494999949994999999442942949922999949999990000000000002900000000000235141833
0445922229091999299999022399993999329433229929949499999490000000000004900000000000213453618
0405999999999999999999999090999910099999999999999999999990000000000000900000000000542312000
0415994499999994499119999999999944199999499999999199999990000000000001900000000000251341589
0415919999991999999919339999999999919999999999999939999990000000000001900000000000251341341
0445999939999443999999999999399993924294232399399999999990000100001014310000000000213452463
0425999349299434999922939993999993394999999939394499392990000010001012410000000000215432736
0445999999999992499994999929909999999999919490992991992240010001010014110010000000234153429
0424929999999949299999299999999999999299999999999999999990000010010012110100001000435121237
0405941999349094439934049999139999904999994319939990999190000010001010410000000000521342581
0405999301999919999991939939999999939119999999999003991900000000000000900000000000531422706
0425999299999929999999999999999999999929999399929999999990000000000002900000000000145231125
0425999999999993999999999999999999922929993999992999999990000000000002900000000000135421661
0445939999993999999939999399999949999949499939999993994990000000000004900000000000213451965
0425999999910914099992992992919999999999999994992449499990000000000002900000000000215341763
0425999999992291919909999999991999999999499929992949999990000001004112411100000000235142562
0415919299999999991919999999999999999999999919999999999990000000000001900000000000453122000
0405999199999499999909999490991991999999014999990119999990000000101010110000100000543212085
0405909999999990999999099919099999999999999999999999999990000001005010110000000000523141418
0405999999344929919993999993232909329999299290900234439910000000014100900000000000521434998
0434999999939999993499994499999999939999999999994999934990000100008013110100001000321541439
0435999999939999993499994499999999939999999999994999934990000000000003900000000000321541528
0425999992999900999929999929999990999999999999999299999990000100008012010000000000415321238
0425199293949914444333929999991923993994944039929909440090000000000002900000000000425312623
0425999999329939999992999993999009399999999999923999929990000000000002900000000000425312727
0425999299919949999992199249999999929994194199999999999990000010002012110000000000245131365
0425999244199999999993929943393999999999993923939299939990001000103112110000100000145233750
0405999999999999929999992999929909990999909929999999990990000000000000900000000000543121739
0425999999999999919191929999999991999199922999929999991190000001008012110000000000435211908
0425992999339999199299293999999919299999999991999119399990000010101022120000000000325411702
0445199990999994390992299299913942490099041099999929990010000100004014310000000000314252091
0444199999999994290992999299911942490099040099999929999090000100005014310001000010314251688
0445999990493199291999999402231499099919933102903422999220000000000004900000000000324153510
0405942420993949999933939330499994043999999990999224449230000000000000900000000000514232897
0445999903994339991994991319911999999994939194999999999990000001007014310000000000142352023
0445143990199919993139004229119939919994939130190909492900000000014104900000000000241354730
0405930399931412239493900921233943104424244149939149224110000000000000900000000000523142892
0434992399999992929919239923999929999222999291999929939990000100108023420110100001142532843
0435999931191191919999091999910999319999999199939399999190000000014103900000000000324513000
0424991099299994991919911191994949492999949990921294949941000100005012010101100010415233722
0425999999932919999929999199999999999999321929999999999990000000000002900000000000345211697
0425929999392999993332999991999939939999199299993199999990000000000002900000000000235412258
0425199929999290999994999909104119902499994999999929194990000001003012110000000000345122170
0425099929194214099999999931999942999344023499999940009190000000000002900000000000345122779
0415999999919929999999999999919991999999999999129299992990000000000001900000000000254311895
0445991999999991039491999999993991999919194399990999400490000010009014310000000000432152578
0415999999919399999209919099309993900909931992099139009990000010009011311000000000452313778
0425399993199900999103329390299999421919999092199993119090000000000002900000000000145233749
0415992999999999999999999999992999999999919999199991991990000000000001900000000000354211482
0435999199229900992999911991999991031999919299233993910990000011002023220000000000234512770
0435991999199992999939399299399999939992922999999999999990000000000003900000000000243512382
0405990499994999999999944994909994999999999909949099999990000000000000900000000000521341846
0445990999922399922909094409309999299943900999999943993990000000102014310000000000413252592
0445992999110940911999299941929999099990290909099949429190000100003014210000000000423152961
0405999941224919199991992992999949990099440999919109999990000000103010410000000000542133692
0425993999992019199922924990909999999440499999999909991990000000000002900000000000245132953
0415941334199992204499929499043404430209241233300390294130000010110021020010100000451234619
0445949999093990999999999949999949999999999999999439939990000000000004900000000000413251363
0435999999319999999399999399199999991999999999991999939190000000000003900000000000142531513
0435999929900999011993991909909993139902929199993299991990000110003023120010000000324511588
0405999999999999990999929992099999099999992999990992299390000000000000900000000000523411513
0434020209999999949934999949994994999999999493349939099990000001009113110110001000243512977
0414999299999999122999194929999999929299994992299199991990000100011011011000010000153242236
0425923923999999999932999993993999999939999999999299999990000000000002900000000000135421892
0445949999949929199919999999999999299929499499992199999990000000000004900000000000143252289
0415999391392999932949999299944994913919319429932993499990000101002021420000000000254313454
0404990909929190999999912199999999919129099299999929919990000000109010410000100001543122033
0405990909929190999999912199999999919919099299999919999990000001007010210000000000543121859
0404990909919990999999991199999999919919099999999919999990000100009010210010000100543121753
0405990909919990999999991199999999919919099999999919999990000000000000900000000000543121881
0425999909999334239999999933499909009999904299290990994290000000107012010000000000415323524
0435999994999999999999999939399949999999999999999934499390000000000003900000000000123541977
0425091213039494909143193903300923199410909992393293104000010001004112111001000000135244900
0425091213039499909143193903300923199410909992393293404000000100011112110000000000135244925
0415999499999344191993999994999994199999919999949993993440000000000001900000000000251432577
0405999999999993949093993990994990934439499999993930399990000000000000900000000000521431965
0415992991099990999099119999992999999199999999999990999290000000000001900000000000352142412
0415229999419449999999999243339999999943129929999199913390001000103011210001100000153242546
0445991299999999191491412149999999991499299999919999199920000000000004900000000000243152220
0425999999399919999929399992299993999992999999939399939990000100007012110000000000135422411
0444999944999999999999499999999999994199999999999999999990000011004024320001000010123451745
0435999949909009499999999931149999391999934939999999199040000000000003900000000000341521486
0415991993999999999999999391999999391993999999999991999990000000000001900000000000352411862
0435999999112003909999199299399929999999902099929919933990000001109023120010000000234513489
0415991999999993999999931999999999999999919999999999999190000000000001900000000000153421457
0445199191499999919999999999999999999494999949999999999990000000000004900000000000432151413
0445091099909149999044999293191191999992122129399101949290000000000004900000000000243153679
0415929929999199999092999929999299099912199999912299999990000010003011010000000000354122837
0404999990999939999999909999099999999990999993999999939990000001005010210011000100523411803
0435999131399049111222249922014999999999999939299999243900000000014103900000000000234514739
0415991999999999999999999199999999999999199991999999939990000000000001900000000000351421760
0444999419119999999919499999999999999991949999999999994990000001010014111000010000243151747
0405999909999939999993993990999999999099999999990399999990001000103010310000000000541321506
0405929903999911229999399929299990911292191309092999939210000000014100900000000000531423980
0445939399912999419399191191991939191999949931994329999490000000000004900000000000132453622
0415991999999999949919914999999999941999999999999994949990000000104011410000000000251431355
0405933339039992099999909929993329939329909999493929999990000010007010410000000000523413801
0415993999999991999999999999933999999999939999999114194990000100010011410000000000152341682
0424999999939939999939992919939999939992929991999993329990000001008012410100100001125342689
0415904002209939339922029093104994091420293409229099211330000001105021421000000000453214064
0425999999932999992999999999999999999999999992999999932990000000000002900000000000145321463
0414949491499199999999949991299999914999999299999999999990000001009011011000010000452131670
0435994904914900119409994032414999004132921100904923132010000001002013210000000000324513748
0415999999991999999929999999999991999999999999999199991990000000000001900000000000254312000
0415929992919429992999499129929999991919999999992999999990000100004011410010000000154232284
0445999909909994999999242929999949999990990909900299949991000100003014210000000000413252638
0415999999919099999199929099999999109999099999909999190990000000000001900000000000453211646
0415999999991999999909999901999919999992919990999999999990100010008011010000000000453122070
0435999993993990999999990999339999999999999999999999999990000000000003900000000000431521434
0405999909999999991190999999999999999999991910199999099190000000000000900000000000542131784
0435993499499919399994999099499919999999999993999390919191000100008013411100000000431522581
0445942994991999919299999999919999991919949999994991999990000100007014210000000000124351464
0445949994992999919999999999919999992919949999994999999990000110002024120010000000124351815
0425999999934214993349939429319993434941149933999342299490000011007022120000000000125343082
0415942412299424999294999999999929244242999091421299199490000000000001900000000000153242656
0425029999999942999999999993009399233234909990099909449990000000108012411000000000215342217
0425999993229999999999329999999999999929999999993999999990000000000002900000000000215432000
0405999999099449119119419214014929100999999919199299999990000010005010410000000000543213292
0435943999999999999993949999999999999399939999999999999990000000000003900000000000132541430
0435291099912999099919991401991931999132219239999993999910000000000003900000000000123542719
0435999939999919219139999919999993999991919239919999999990000000014103900000000000134522973
0405939990994999999999909999999999999949030993999999999390000001003010310000100000512342543
0405999019940992929999994949999999999299949999999990909290000001005010410000000000523142294
0415091120233344909123302400249909922230239491939204433490000000014101900000000000253415000
0425092909999999992999990909999999992909999929999999909990000000000002900000000000245311363
0425109012992904940999113323091990110339240499099999990090000000102012110000000000425312829
0405949999990993439999904499999999999990939999999909993930000010004010410000000000514231728
0425399923320094009390011240344910413244040014999199999940000110003022120000000000145233598
0445103941919191999399901904399919099919939999390999494990000000000004900000000000231453632
0425999192299991439921919999004909291090041499999194991130000010005012110000000000315241881
0425929992999990994999999999099499994999492099999299999990000010010012010000000000215341714
0425999299299299099990999999999999999992999999999999999990000010004112010000000000315241599
0445999299999992999999949999949999999999999999994229294990000000104014210000000000413251962
0425999299999999992999999994999992949992999999999999999990000010007012410000000000125341179
0445029993299912231200143300201991104934033322113402321300010001007014110011000000234154901
0405390449091094299949999949332994999439399190449499314930000011004120320010100000541234855
0405999990999499099909999990999299999994999999999999999990000000014100900000000000534121526
0445199999929499900249929919992029929921949390992904992900000100008014310000000000413252987
0415391003299023109420049923243920024423134401244499032400000000000001900000000000253144718
0405909299999939999999999990999999999929999399999009999930000000000000900000000000523411735
0405999390999093999399999999999999999999999993999099099990000010108020320000000000523411886
0405999911999999999292919919992999999999009999909092212290000000000000900000000000543122749
0405199004141229429999990992939994999299099499999199999990000001009010410000000000512341410
0405999004199949919999990999949999999999099499999199999990000001003010410000000000512341110
0445040310042310123999932123312993312022301099114343002110000000000004900000000000312453027
0444991111149991999999999999999919491499419999999919999990000000105014310001000010123451672
0445991111149991999999999999999919491499419999999919999990000000000004900000000000123451760
0435920999912219921211033910904999092003423910919992999990000000000003900000000000432514012
0445999399994999999439419919911999399949999999999990099910000000000004900000000000312452068
0445999990009940999999949999999099909949999999999994999990000000000004900000000000412351905
0425149999492999991499221999999149994299999999999499999940000100002012110000000000145232268
0425949999999919499199142999299999999991999499999941292910000010003012110000000000235142773
0405999199919194999499199994349994909193399099999900914940001000105010410001000000531423233
0435939419999049099493939140994999990994999999999909344940000000101013110000000000243511899
0415991929994912999999999491999949999492199499999999999991000100009011410000000000152342363
0425999039920992099999990992904990999939999499999099290990000000000002900000000000325412529
0445999999499999191999199494999999911199999999491999199990000000104014110000000000341251785
0445992299099994990999429294992999999999299992249999999990000001009014210000000000234152146
0435139929192439249911999003110099999941214999319910224400000000000003900000000000214533507
0445991999942999199992991992999999999949929919149949999990000000000004900000000000234152385
0445994999999999999499999999999999994990099999999999499990000000000004900000000000423151750
0444999999999949999394399994990999999393909939999993949990000001008014210011000100123452086
0405999999209999999294909994499992909299402999999929949990000001002010410000000000524132571
0405919099901994490999949099999919919999999991999999991910000010003010410000000000531241733
0445949029199991490999919949919999922929199229992291119490000000000004900000000000342153796
0425929999999199999919929999991999992919999999399992999990000000000002900000000000135242178
0415999909190990292291999009999999919199999999909999099990000000000001900000000000354212307