0105999992330949329919919399993911194419914999339993999140000000000000900000000000153245000
0145999299249291199299929991999999999999991999999299999990000000000004900000000000425313000
0125919409999999999940994399999944499990499249999099994190000000000002900000000000351245000
0125994099391999390401330939939940993499912999491909991090000000000002900000000000531245000
0115999990929944999409999099909909999999090994049909921920000000000001900000000000315244000
0125999919101393941991990919299999999913191949499099993990000000000002900000000000351425000
0125999930919193999199399099999919139091999299999933999930000000000002900000000000351424000
0125999919909949403112900919401999399311990999931999994910000000000002900000000000341255000
0105299429919492999339924394199999299994233099394999129190000000000000900000000000135425000
0105999999999999999999999999999999499499093999999999999990000000000000900000000000124533000
0115933300209290294999999399232993299090999939293030933190000000000001900000000000512435000
0115940423232309394424232939902904424399099990904939929310000000000001900000000000312455000
0115940490900499299443399932393990094900929109949299203390000000000001900000000000512345000
0115999099099999990991999934999999939999999999999990999990000000000001900000000000512344000
0125931433994343921001010049199901303114944909340939143940000000000002900000000000451235000
0145999999121999999999999924992999129999999992919929929290000001003014210000000000354213000
0145993903190099999391199129233992229911029499013999039030000000000004900000000000435215000
0145929301131121422100199932309991099339999199999919993910000000000004900000000000534215000
0145939994919999999999999919119990001919112939099999999990000010004014310000000000532415000
0145993193099229293111993919999999999014193293933190292390000000000004900000000000342515000
0145993399300309993999994999011999993993909939099993999190000000000004900000000000423514000
0145911399020299101323202430999999399921929933393230192290000000000004900000000000243515000
0145999999999993993999499999999999999999939999999999999990000000000004900000000000234512000
0125999399999999999939999999999990939399099099999929999990000000000002900000000000451323000
0125999949999949904909441199299099491999949999994999999190000000000002900000000000251434000
0115929349932949292994994299999999432349292999994993399910000000000001900000000000312454000
0105949132111444494933299922091431132249919249331324191990000000000000900000000000123545000
0135922112494400001190491144409919222224049341419299902990000000000003900000000000254135000
0135944299191090992929949242909091421421329024194941409400000000000003900000000000235145000
0115922992399442032990999940999990020999420139229249900990000000000001900000000000315245000
0115924229239999299992932399990999939922129949939999999290000100008011010000000000213455000
0115992329022923309333920099999990939924949109992209992990000000000001900000000000315425000
0105993993993999099399999999999999993999999999999999399990000000000000900000000000142532000
0135999999992229999999990999999999999999944999900999929930000000000003900000000000523144000
0104199913999299999999999929999999992999999099999993992990000010012010410000100001152434000
0125999919999199999999999999929990999949999999999999999990000000000002900000000000351244000
0125900090499909391940393911949940433410041349494999919320000000000002900000000000521435000
0125991104394130234144414003001941143933391394999993439010000000000002900000000000431255000
0125919199394430214993934109999991994940399103391993990910000000000002900000000000521345000
0125999999999999999999999999999939999999999299999999999990000000000002900000000000451322000
0105999999999993399499999999999999993033999993399999999990000000014100900000000000134523000
0125434493133094999490930194992939043909019130304949909990000000000002900000000000521435000
0105949292229139999992994312191999329323949929934944329100000000000000900000000000145235000
0105922939993939193999992233999922913919191093992999219190000000000000900000000000135424000
0105999344349949029991999999999999991111293999391934423320000000000000900000000000132455000
0105941191919399991123934991999999919119390999999999139990000000103010410000000000152345000
0115999999994949999999992999919999999999999999992949999990000000000001900000000000215343000
0105999399949909999994999999999999399999999333999999939990000000000000900000000000123543000
0145999999399934193999999999939920993399999929909999119990000000000004900000000000425315000
0145930022223312993911913032099909220993393430910099029990000000000004900000000000425315000
0135922411949991902141210049903990424149999914142104409000000000000003900000000000253145000
0135999999999299999999993129999919999992999911999999199990000000000003900000000000253143000
0105999924229941111122931499999299331193940193223939992910000000000000900000000000134525000
0105949999999199249499999999999993191194909499999491919920000001009010410000000000134525000
0125999999919099199999901199999999919990090999992990999990000000000002900000000000431523000
0115299999999999994994999999040920290099990299999929999190000010011011010010100000314254000
0105213332412129939121244499990999943439939113291213999390000000000000900000000000152345000
0105993290994192929929929322992949929113999394999923929990000001004010410000000000142535000
0105911139929330999133239211999912299231219922929992199930000000000000900000000000145324000
0125993903449100191309994904492130093391499993333440004190000000000002900000000000341525000
0125999149940011999444939994341994409991139341309939331020000000000002900000000000521345000
0145990913030919919993191999911999119939994093931399993190000000014104900000000000324514000
0145919999999111999919993999099919994991990919919999911990000000000004900000000000352414000
0135990919999949939994914999999949441999994994099991919990000000000003900000000000432154000
0145919999999920999919993222090999190999909999999392293940000000000004900000000000234515000
0145999099991919129399900210929919000333304199033212932110000000000004900000000000423515000
0145933132329420919002019103011919132312900939993092039090000000000004900000000000324515000
0145909110002233090210119192243999992299339911212099999390000000000004900000000000345215000
0145939133012929091312929191140919939110099029323320900990000000000004900000000000235415000
0145999999999999112993993934999999399399399939939999999990000000000004900000000000234514000
0145991390999021932939920299941921020923201999119909199990000000000004900000000000435215000
0145999930090193190202209902199999919990909109903299999490000000000004900000000000534215000
0145901999902032490103921303229910903929212993099010319990000000000004900000000000452315000
0125919999919211999939999313993991999399999919399993391990000000000002900000000000351423000
0145999912020299029911993902092921931339401999231909109990000000000004900000000000253415000
0144003999999999909900999999049990999999399999999990999990000010007014310010000100354213000
0135901919999939099999949149999990999914110919991999999920000000000003900000000000453125000
0135999949419992949904999919119941040911193410004009909190000000000003900000000000453125000
0115190240449433299242230994303944334349990202322203993090000000000001900000000000314255000
0115999992299242990929299239009990932993330429924393249190000000000001900000000000415235000
0115999999999999909409909999999990999999929999929990999910000010007011010000000000513244000
0145932212233090419120130339900912011021293033312901299100000000000004900000000000235415000
0145999999999999999999999999234999999929999999999929999990000001009014310000000000234513000
0105912199923909239929992999999299919999939999991229991990000000000000900000000000145324000
0145993939999099999993399103939919290301004292209909929390000000000004900000000000254315000
0145992929199112099099039033939902909191990422292091299010000000000004900000000000345215000
0115909999924999390999999929122993999299999999999492399390000000000001900000000000413255000
0115994429919299939292992003999994290494934399294249229990000000000001900000000000314255000
0115929229929939209099999909939999091992299992090299999990000000000001900000000000315244000
0135949199991949290999029924913499499190292200010921049140000000000003900000000000423155000
0135999909094094949049991410439901090499110411999419994490000000000003900000000000452134000
0115349999419994290399443999492999099399949994499903993020000000000001900000000000514235000
0114992999993293499999499939319499994999999999949999933920000010003011011000010000315244000
0115993993399990909999399999999999999999399199399399909990000000000001900000000000513423000
0125491413939900099101344099291934193999991909499999093910000000000002900000000000431525000
0125499341149912499999941911999933339949339099331991449900000000000002900000000000341525000
0125914104413010491094199339910909909931112944499404493000000000000002900000000000241535000
0145992931999914999991999993999939319939991139999999939990000000109014110011000000243514000
0105919994991999191919499949999991999999999919919990991990000000000000900000000000154233000
0105933944119991214933429992091999913991313249944929932940000000000000900000000000125345000
0105999999294999299999999999039949999399299999999999994990000000000000900000000000125434000
0115929939324092999999939249219939992999999999999422403490000000000001900000000000413255000
0105939991349999199141399392299999941119999099993399929920000000000000900000000000142535000
0105999992999999993999999999909929999999999993999999999990000010009010310000000000143523000
0105992992243419199999921929903999333149911999333294949990000000000000900000000000125435000
0105999299999990222999292919999999919499994991299299991990000000000000900000000000153244000
0105221913999999999992199399999929329929309299991399939990000000000000900000000000135424000
0135912249004444992100112244010910022999990901201294139440000000000003900000000000452135000
0135994491112099192219919299191992004999493094499199990940000000000003900000000000453125000
0125994103499099199931433341101933401424904993343499949090000000000002900000000000321545000
0125939443041113999493439940099999344991999293433031301990000000000002900000000000231545000
0124994434939399999944994999999939434994492993939999934990000100010012011000010000231543000
0115909934009910290929292099324993239339034930393229399990000000000001900000000000513425000
0115932242499032009342492933049992029999933309242902990310000000000001900000000000415325000
0115999993999999939499944999999999999944199949999999999990000000000001900000000000512343000
0104919999913494499919193919499994999199999999199119999090001000110010310010100100142354000
0105933302443292194929394212141942913449999139294393329290000000000000900000000000123545000
0145999499999999999999999999999939919191999999999919999990000000000004900000000000352413000
0145999999999299999191999299924999999993999992999119999290000000000004900000000000245314000
0125999499999413494993994994399991399999939299149991994140000000000002900000000000251434000
0105939933499999999399944999399999939999991999999919939900000000000000900000000000135424000
0125990999999230999990999999999999399939999999999999999990000000000002900000000000541323000
0125919199439949999919394929990999393009944993999931493900000000000002900000000000251435000
0125999093993399999939913993499949991999293994999999949390000000000002900000000000251345000
0135194209090194390049249119949992491190999044199499004490000000000003900000000000523145000
0135994149949999191114429214999999991199199299129999439040000000000003900000000000243155000
0135909114992999499900002414910941142291999399999900249940000000000003900000000000254135000
0115299443499029399432334440399990999349292949092190993920000000000001900000000000413255000
0115999999999999909949999999919999999949999949499999994990000000000001900000000000314253000
0145999900999990499900992292099990999929229999999999992990000000014104900000000000354213000
0145930999321303119322099049199939991910901292921129300190000000000004900000000000234515000
0105399991931124192399993320919999949431211994313922922420000000000000900000000000132455000
0105911199999993399999991993999991990999949399999999391190000000000000900000000000153424000
0135199491099999991299490429939994949012921999490094492190000000000003900000000000432155000
0135194499929119999490999291290990992999919319199991919090000000000003900000000000243155000
0135991092091132990029919999991919291229992990200202999990000000000003900000000000534124000
0145999199199999999999911993999991999941229999191999999990000000000004900000000000354214000
0105994292299999994999999499999999990999994994999994999990000000000000900000000000124353000
0115999992999941999999999992999999929299992999999299999990000000105011410000000000315243000
0135909211192493990010299929920929014949192219021194249190000000000003900000000000354125000
0135994919999399999999199994949999994999994999999199919990000100011113110000000000345123000
0145900929299021099029199901099900999999994011991111119990000000000004900000000000453214000
0125999399143930499999939044094999341930993909409903449200000000000002900000000000351425000
0125999499994439999993999939929939939499994943499993949490000000000002900000000000231453000
0105923249402229934343343394999943399492222924231949999990000000000000900000000000123455000
0145932109399992099912993929109923031999294090039292029110000000000004900000000000235415000
0145999191999299240221099292991999999999999999299999999910000000014104900000000000234514000
0135929299990999299999999999929999209999993099299999999290000000000003900000000000354123000
0105912241399994944213442941349929231112099221132439112990000000000000900000000000145325000
0105499999999999939993993999340999993999999999999999499990000000014100900000000000145233000
0125999093309993493409999304499903034099944999409490092990000000000002900000000000521434000
0125999949990993994999949039999940949909999449990900924930000000000002900000000000521344000
0125499949499999199999999099924999949909999999499949919300000010003012110000000000351425000
0135919099299990919913299999999999990919990999999919910990000000014103900000000000423154000
0135949990124994422200324192499940044924929992099911409990000000000003900000000000325145000
0135999999929099992099920009993999299099909099999999099990000000000003900000000000325143000
0145900322129011999019023909211909299990991419999199099990000000000004900000000000543215000
0145939299909999999900999993492900990999909909299909393990000000110014211001000000523414000
0145999994999999999309999999939999990992999999999999992990000000000004900000000000534214000
0115922990999919999922929909999999999999999992999999099290000000000001900000000000415323000
0135949001199493994440104190904904240222499299219019909990000000000003900000000000324155000
0135999199099141099999949291949999990499999992990199939410000000000003900000000000523145000
0125999999999939919919999999999999999399999999992919999390000001009112110001000000531423000
0135999009192909999000919991392992909919909900290919191290000000000003900000000000543124000
0105939292941939419199191491931939192939949913994219990390000000000000900000000000132455000
0115394944939334339920022229410294409299934904902239499990000000000001900000000000415235000
0115994242320420999344204043293934439092999234932391293090000000000001900000000000413255000
0115922440430300992023349203993942404390999932032299019390000000000001900000000000412355000
0105914332129999439939999119931991921992993913999991939900000000000000900000000000153245000
0105939933933999999993999994999999399999999999999999049990000000000000900000000000152433000
0144994999999999931999919999999999999999993999999999999990000001004114311100010000423513000
0145933099239993299999939929999939909349999999390939999990000100004014310000000000523414000
0125999934939999999990000191099990300399199299993939999390000000000002900000000000431525000
0145912111993312990091022303199913200922324991920093023990000000000004900000000000543215000
0145912993321999990219339991092999999919110292192399994900000000000004900000000000354215000
0145999913993923991999132919999199399991933932999999419990000000000004900000000000253414000
0105999999923999992999999119999999993999999992999999922200000000000000900000000000145324000
0125149901019109999944949999999909994091031901199912999090000000000002900000000000531245000
0125999192999113919919199999391999999991999999999919999990000000000002900000000000531243000
0145909999003999999990999932099493999992199999999999229920000000000004900000000000425315000
0145913009921393019232391923009919992123992021329239000340000000000004900000000000325415000
0145920922991901999399991191000990219190909490900999211990000000000004900000000000324515000
0115999499999999999999999929999929499992949149499999499990000000000001900000000000215343000
0135919999993999999999299999999999999999999999999999999990000000105013110010000000452133000
0135992992411000094299922909024942940034114411422499199990000000000003900000000000253145000
0145900020313222290130929990301991312123293130131399099140000000000004900000000000523415000
0125939444999999994494909129939999319499941349441993391990000000000002900000000000231455000
0125901944033031300091444102039999441191903941914409991390000000000002900000000000231455000
0125149430039909239444139990999949340019990900909319999990000000000002900000000000321455000
0125400110439991990031149244344934101013939334919390940990000000000002900000000000451325000
0125949113913400339999993993999999999199319233119909319040000000000002900000000000451235000
0125931199990999999919999990230999999999909999990099999990000000000002900000000000351424000
0145930339993909999099949999399933090999999993399999999990000000000004900000000000432513000
0125993099339940219039991139919940003940319394339190949910000000000002900000000000431255000
0145909333310194990999009991999999139909099093911939909190000000000004900000000000254314000
0145993309939910919930099999999990319901934013911990939190000000000004900000000000432514000
0125994990994199994999449999992999949394091949993909019130000000000002900000000000321455000
0125993499929119991499994199999999499991939999999994949990000000000002900000000000241354000
0145999999999999990999994199999999999919999999999999999990000000000004900000000000534213000
0135990094999922929999909099219929990299991999440299999390000000000003900000000000452135000
0135991929999129999929992999999992992991999322929999199990000000000003900000000000345123000
0135901121940242994111929943941902499299199094429991042190000000000003900000000000235145000
0135992914211119999994299199999299099194422994429992213990000000000003900000000000243155000
0135949110992104242210990921999914944449929312212999914040000000000003900000000000254135000
0135999009999114391202999109199921299999092922129099099120000000000003900000000000542135000
0135910999124999949992999412124999999999999990921419919390000000000003900000000000453125000
0135999999999999939499999999999999999999999999999999999990000000000003900000000000354122000
0105932411424992393291419991393922221394314044432991319320000000000000900000000000123455000
0105339939991999992999993993991999239911091923399292999290000000000000900000000000123544000
0105929999911434992429943319149993434431249993999433399100000000000000900000000000125345000
0105934193141391994999314919919999999199499044199499399190000000000000900000000000132544000
0125931399933341309193490444909990930019992993999030014490000000000002900000000000251345000
0145999999999999999339393394999999999939999999999993999990000000000004900000000000423512000
0115942999239999992949999999999949939943932299449939999910000000000001900000000000214354000
0135999999999919999993929991999999999999929999999199999990000000000003900000000000253143000
0145931394999919999119931092999999999999199091999199919190000000000004900000000000352415000
0145901139339919199999399940199131193099909911333999909390000000000004900000000000452314000
0135949112409299299912449929939999941999921194499924401900000000000003900000000000253145000
0135990499499994994499993999499999999994094199499990999990000000000003900000000000253144000
0125949344049139194414001332939914490999399913130399101900000000000002900000000000241355000
0125934949999999999339934499999993994914949293999949994990000000000002900000000000231544000
0105941134491913994434393493390911999949999933149499991110000000000000900000000000132454000
0124934309949440499393299399999934409994934993999939939390000000101012110100001000421534000
0115949444499999099400302902902994033993019099999399399990000000000001900000000000312545000
0115990903244000199393009942299999233499499499992399999490000000000001900000000000512345000
0105929999919092999299999991999922919919991999999999999990000000014100900000000000135243000
0135992192919119999921134944294999120990009011991994094440000000000003900000000000345125000
0135292999913099499919999999049999999919999994999991999990000000000003900000000000453125000
0125999999999490993199901900492999999991949909999990999990000000000002900000000000531245000
0125990093913109999949999010939994939391991299039999919900000000000002900000000000451235000
0125990019190999924909919911499944913999949109900119930900000000000002900000000000451235000
0125494999919999993000999991992930999139390990909933911990000000000002900000000000521435000
0125990090999999190091339393499993999921301999993139919190000000000002900000000000531425000
0125939030903129199990999331399999999909099939399099193990000000000002900000000000531424000
0135902902199094092491209019099919994229919391010499909990000000000003900000000000354125000
0135922999999141941199193499990994999112104422229199204990000000000003900000000000435125000
0135999994199999499914229994929944999149999399492999949990000000000003900000000000245134000
0145999199999119999119999111994919999999999919999999999990000000000004900000000000543212000
0115934049932494933040909293392090490103942999903044492220000000000001900000000000512345000
0125999490999999909949499909999994929009999993999999994990000000000002900000000000521434000
0105929919124119291999221999999932129242499233999910299990000000000000900000000000154235000
0105193932914039449113192432199923124192992931911334299490000000000000900000000000154325000
0105939999999293293399999491999993399990999999999919399990000000108010410000000000125435000
0105992999939191249991994399432999199439492939993991199090000000000000900000000000124535000
0105194923411129919931449139939994912392912239334999299200000000000000900000000000134525000
0125999499904999999999099099492999309994499999999909009990000000000002900000000000321454000
0135921292190949499211291024144991419990094394149299099900000000000003900000000000345125000
0135991999999941499191999999991919999999993999999999994990000000000003900000000000453123000
0115999949999999399499999999999999999999999199999999999990000100007011410000000000514233000
0115992999290291332999299999299999999232999999999299999990000000000001900000000000415234000
0135999990999999999919999990999999999999999991999999993990000000105013010100000000352143000
0125994433449432999949414391199999994099190913949439990930000000000002900000000000421355000
0125190144949990991949999994949994199919409990191999421090000000000002900000000000531244000
0135911409001494321212090141949241499021994091024940949900000000000003900000000000452135000
0105999219933399994941999199293999199990993999929911934930000000000000900000000000152435000
0105999399949994999931399949049999493939399999999993999490000001005010410000000000142534000
0125931499140930199939394341401914944193409039499033919920000000000002900000000000231545000
0145999999991999999114993991991911999999999929199929119990000000000004900000000000253414000
0145990999999999990999999999999990999909499999999999999990000000000004900000000000534212000
0125013344019491921349444901199939334919919939330099493990000000000002900000000000231455000
0115999942999949999999949949990922929992199999242994409900000000000001900000000000315244000
0125991909443991900140990394399999194931119299999493144990000000000002900000000000351245000
0125999994444999999949999999999999999999912999199999999990000000000002900000000000341253000
0105921111939993939129122341399912932292941192993232913090000000000000900000000000145325000
0105931229299929999199994932323924199494224039412343433390000000000000900000000000154325000
0145322991922099099139043999999123313029113012220301903910000000000004900000000000345215000
0115999999990999099999099999019999099999999999099999999990000000000001900000000000314252000
0105944999499994999949999919999949999994499991199994909990000000000000900000000000134253000
0115900990909332490299993991309929999439324029999303439990000000000001900000000000415235000
0115999429992929990929929299999992994992999122999999999990000000000001900000000000415234000
0145009920909339919199931933994999999933999293299019999900000000000004900000000000523415000
0145990993309399990309949012999930393999229933020200309290000000000004900000000000523415000
0135442109021942201022990992444910990121214991499902994390000000000003900000000000254135000
0135904220200999999904901012999900499993129191029921991990000000000003900000000000354125000
0105994992932119229411333293499949343399999242199420942990000000000000900000000000132545000
0105994994933241999999993299913999999329991099949911949190000000000000900000000000123545000
0105992493339943994999993999094993999999991149299999419390000000000000900000000000152345000
0105999991922129921991992999909999999319992999999999199990000000014100900000000000132454000
0115999999999999939999999939999999399999999999999999999910000000000001900000000000312452000
0145999099999999919999999999999999900991999999990910109940000000000004900000000000523413000
0145031311303229993909923000940919191120991912221910299090000000000004900000000000254315000
0145900990941109099290190919999999192999900999919191209990000000000004900000000000452314000
0145999039990992099999990992909994999939999999999099092900000000000004900000000000325414000
0105312442419190991322993499399492212433393999221949391130000000000000900000000000145325000
0105992119139949939213239221901121191921999929999292929990000000000000900000000000135425000
0105929241942293129992119999991941411212931992929923993900000000000000900000000000145325000
0105922991999299949299999993949912941920923994149291229940000000000000900000000000145325000
0145933312312929992332931993499932299999999129929919919930000000000004900000000000235414000
0105999990299999199299299999199929299999399999999339991990000000000000900000000000134524000
0145999999999999999999999999999999439999999999999999399990000000000004900000000000234512000
0125999990914992999194999904949900999909999499994909999990000000000002900000000000531244000
0135912902041900499404010943142929141999990190414102922410000000000003900000000000532145000
0125914949199999991419999191992999944999999914411949199990000000000002900000000000341253000
0135941224100929291942901094349412444011941929049029199190000000000003900000000000234155000
0135924922194923194494999219091924419919401142949994121900000000000003900000000000234155000
0135194992149920994490490199999942404440100399909999499090000000105013210000000000423155000
0135999999999992999909999209939900999909999490929999999990000000000003900000000000523144000
0105999999999949999393099994949999999399939939999993999990000000000000900000000000123453000
0125909903999939999999999993999999993993929999999999999990000000000002900000000000531423000
0115992239330939999990493022999939229003299900929233933190000000000001900000000000513425000
0125999930949999999993499919149919444499199999911999992940000000000002900000000000431255000
0125919949910099924994990190999999090149999099911009999990000000000002900000000000341254000
0135999999991999991999999999999999999999999999999999993990000001004013110000000000532142000
0115994004422999910224992209220999299999449409009099909990000000000001900000000000514234000
0125999994199999994949919144999931992999991994999919999990000000000002900000000000241354000
0145999999999334399399999399999999999999999999999299999990000000000004900000000000523413000
0145909929992339990999393999929900949999999999992039993930000000000004900000000000523414000
0125919099941994190919919099999919919999999294999999990940000000000002900000000000531244000
0135999999922199199449949919992999999994999949444943249990000100001013210000000000234154000
0135999200999019232229999012099992209990999929909999099990000000000003900000000000534124000
0135999940129992099994901494022900914914422300991994999990000000000003900000000000352145000
0135904994141901102499909919402990949100019909404949944390000000000003900000000000342155000
0134999999999499999999999949999999999944399999999999999990000000107013210010000100432152000
0135901901999491091910911999399990199999999999999199909990000000000003900000000000452134000
0135041102149491294901402909439940001129990940021192294240000000000003900000000000352145000
0145990009999090999909199999999999999941099999919999199990000000000004900000000000543213000
0145999911999994999999990929999991929299920992909999299990000000000004900000000000453214000
0145921992932299992299994399919999999999923999999299939990000000000004900000000000235414000