0445909919420900299994929999999999991149949199999999999990000000000004900000000000531242817
0415919099999992292999009991199299092090919929999929099990000110003021221000000000345212369
0415919099999992292999909991199299090990919929999929099990000001007011010000000000345212530
0405999109999999999990999929199999999199099999999999921090000000107010210000000000453122227
0404999919949999999919994199901999099190994999490199999990000001011010310001100010431252140
0405499099334909099949114334193999993999099349999999939930000100002010410000000000451233485
0435991311499194991499139999194941929993342299999492994990000000102013210000000000153422885
0435999910931199919222399221099922290990919392999099230190001000108013110010000000235412773
0435991494331194999994499192991919994419929919391999239990000000000003900000000000235413199
0445901099092029904990919090990992992299999191441409999990000000014104900000000000532143765
0435999999913393999999991999919999999911319999999999999990000000103013110000000000351421723
0435999991919399999999999399999999999193999999999913999990000100005013110000000000351422000
0435292929313102949999394112492934122994012099299499149990000000000003900000000000352413132
0435299999499994999399943999994999999994399999932999999990000000000003900000000000135421325
0435999999409039999094999999999993999909999999909303999990000000000003900000000000312452586
0435900119009942942991112093924199990990392403991099993090000000110013111010000000523413429
0435999099999990999999999099999990399093999999999000933990000000000003900000000000512431868
0435999999999999999999904999999999394999309999990999939390000000104013010000000000312452287
0405933919994444999191194099399999999909919911019949403990000010009010310000100000451232852
0425939929999999999999999999949999999299992991993929999990000001008112110000000000134521812
0405499999113999139904913199904933490999193144939399199090000010010010410000000000431253469
0405999999113999939909914199904949990999193149999499199090000001003010410000000000431253323
0415999139999109919999999999999999999999999999199999099990000100002011010000000000341522065
0415999999919992999991999999911994999999999999999999999090000001008011010000000000542312170
0415990903993991909199999999999919993999129943993092999920010001007111311000100000341523305
0435999999999999993999939499399994999499999949999499939990000010002013410000000000312451960
0434994432249999299490902394999949292929999399099929949390000010012013110110001000213453607
0435999999399939909999999999939990999999909999999999939990000101009023020000000000215431809
0405999991099999999199121290909919919999999919990199919990000000000000900000000000452312702
0435990019099933990399999999999919010099999990999309999990000000000003900000000000531422969
0425999991992939944299999929944999119339299939939911393190000000000002900000000000234512809
0425943939999999943493909949090933349020921194990992932440000000000002900000000000234514284
0445949999999999999999999999993999490499909999999949999990000100002014310000000000123541210
0424999399999999999999299999399199999999929999299399992990000001009012011100010000154231842
0415919999993999929999993999999919999919299999999999999910000100003111210001000000245312504
0445920190009401942019002229214999999924919910192999299190000000000004900000000000523143980
0405919191309911939909129993999990912399099999992919999990000010001010310000000000451322470
0405939903999930993993990993992999299099939299999999999990000100007010210001000000423511815
0405999399999399999013399999999999990990339999199909939990000000000000900000000000413522491
0435999999222090299199993990944999993499993291999943999910000000000003900000000000213452866
0435999999999993999994994933949999944999999999994943949990000000000003900000000000215431867
0425999999299999999999492999999929999994999999999999929990000100008012410000000000254131439
0445939409393299993939949999999099939499292993939399922490000000000004900000000000213543436
0424909992999999999999922099999999999099999999999099299990000001005012010000100001314251723
0435949493399449994903999991949904094400919349090999909190000000000003900000000000521433519
0425999999999990999999999999990999999999919992992992999290000000000002900000000000234151155
0434999193999933999993999919999999999119999999999999991990000000107013011100010000531421754
0425990939949330492349994999944922043394093990092349999090000000104112311000100000134523974
0425999929999999299999299999999993992993999999999999999990000000000002900000000000234511656
0445999999939919499999430994919999999999999999999499099910000100008014310000000000531242273
0444999439993499999999949999999999999999499999999999999990000001007014310010000100213541727
0415999099999194999999499990999999999999999999499119999190000000000001900000000000543212543
0435999999999999999994999999999999439999999999999349393990000000014103900000000000521431224
0445992194919199499921492323499939999992929933999111299391000100011014310110000000253143771
0405999999919191199999999999999999909990091999999990999990000000000000900000000000431521232
0405914414409211221994199194999999499924299099999999041090001000107010410000000000453213824
0404999399999999939909909999099999999990999999999299999990000010008010410000100001415322056
0415999999999139991994991939999999999999919499999999999991000100005011310000100000142351349
0415993999999999999939199919999919939999999999199999999930010001011111310000000000241351511
0415999140419399990339439093999993094910309949009399391040010001005011411000000000341523152
0415994909199043094409994903499999999199999999990140031390000000000001900000000000341523383
0435909999199141009919999999449919991193349319319919914990000000109013010100000000352412446
0425999999992909999900299992999990999999999999999299999990000010008012010000000000514231764
0405999999999999039999909992929912393209999399210939999990000000000000900000000000423513436
0425919929939939404993991391999999499992294119931323190390000001008012010100000000234512773
0445919999929999949994929299191994999929219999299999429990000000000004900000000000153242010
0444999999994994999999929999999999999294499999999999999290000010010014110110001000235141472
0415999209999099929991999999199019992999999999999999199990000000000001900000000000345121808
0414999929191239999999999999993919999999192999999999999990000001008011011000010000345121649
0405991999999991319191999999993991999949099099990999404390000001012010410000000000432152656
0404999909999999919099999099999909999999999999991999999990000001007010410000100001451231217
0405999909999999919099999099999909999999999999991999999990000000000000900000000000451231506
0405999092199999099929999929999999990939999999919990299190000000000000900000000000453122779
0425999991199903939999919199992999999999239992192993990990000010004012110000000000354211993
0425999299999999992999999992999999999999999999239993999990000000000002900000000000234511836
0424933239991929199399919331199999929119999999999393999290000001010012011100010000234512298
0445990999994999999999994994909999999999999999949099999990000000000004900000000000521341333
0405990999922499929999999333399999299940994909999099999990000000000000900000000000413252262
0435092200442900999339102919999949999499941192099394999390000000109113210000000000315424421
0445999290049499920999209294909990949999992902929929999290000000000004900000000000513242808
0445999993939990990009090929999999999994404994990999990920000000108014310000000000513242582
0445090902993299999049099399049990192999993499194299999990000000104014310000000000512344170
0405994499099999994924949999999994999999999944009494990990000000000000900000000000432152850
0445912299199914991199929919999919999999494991999499999990000000104014210000000000253143000
0415099939999449909999999394949999999999919999919994149190000100007011010000000000143522872
0415999999339499399939930910442999999391992299993994114920000000000001900000000000241534056
0415999999199939949999993999999999199999999199391999939990000000000001900000000000341522157
0415991999999019399099099999939999999909499939999941993010000001005011010000000000241532468
0425919999999993999292999991949929999999499499999999992990000000000002900000000000134522521
0424994999999992999999999993999999992992299999999999999990000100004012110100001000154232346
0425999999999999999991292999999999919921992999999999949990000000000002900000000000254131910
0445999993949999994909999999999939999999999999999944999990000000000004900000000000321542585
0435929999999993399999939999999999993092999999999929999991000100008013010010000000523413000
0444990919900991999999949999919990191499011941999499999990000100005014310001000010531242651
0435999999990099999999099990399993909209399999999939999990000100003013210000000000523412607
0435999999099999900399992999209939299939990999990992299390000000000003900000000000523412691
0425999199913229109999293911099913939339290999399999990010000000000002900000000000234512930
0423999399392993993929999999929992999999399939939999999990000001011012110100101001254311811
0425999399392993993929999999929992999999399939939999999990000000000002900000000000254311974
0405991291012199411049929999199991940999099999299199999990000001004010410000000000453123748
0435919999939999299992919999999921932399299292113999999920000000000003900000000000251432729
0414999949999999999999994999941999991999999991999994199290000010001011011000010000542132168
0414919999999999999999919199999999999994919499999999999990000001004011011000010000243151224
0445999499199999994999999999999949999999999999999999194990000000000004900000000000235141216
0415999999999949199919991999999999999999199999999999999490000000000001900000000000243151229
0445349999999939999999999994999999999993999949999999994990000000000004900000000000153241447
0435411492299103109909919913014194199919040099394029919340001000111013210100000000152433387
0434999999999113199999919943999999999949949999394999999390000010011013011100010000152432436
0434999491199999999949994999999999993199993999999933999990000001011013011100010000251433000
0445949999999014999909909409929999999990999149999099999990001000114014111010000000523142258
0444993999994931399900999999491999091990001319139149049390100010007014310010000100532143013
0415993393929291999329999129919999919999999999999999999990000010005011210001000000243512864
0425909334499199999999949929124999223904104903933349014440000001003012110000000000134523346
0404909922999999949999999090409999999999999999999999999490000100011010110110101000425131729
0415999914919999499999999994999999999999919999999199999990000000000001900000000000142531427
0415999939991999993339999999999999999919199939999999919990000000000001900000000000142532000
0415999393999199999999999991199999999999939999999999199990000000000001900000000000341521868
0415999399944199999393934939994199399939991199999993939990000000000001900000000000341522769
0415999999199119093329399399999999330939939939313999999990000001007011010000000000341523018
0415999999199999991999399999999999999993991919993999999990000000000001900000000000342511614
0444999990933399149909939099949999039999919999999449399990000001009014210011000100521343537
0434990399099903999099999999939990999909199919999099999930000010010013411100100001531422750
0415999999999999999999999999999999999999931119999999199990000000000001900000000000241531417
0414991919999999999999199994949999994999991999999499949991000100009111310001100010345121871
0425999932993932099993990939999939999909999993999909220990000000000002900000000000314522583
0405999099999909399999922999999990999999999399099992999990000000000000900000000000423513000
0405992111022902999999999999999901992921909999199999999910000000000000900000000000452132677
0405911919099919299999999991199991999999999029192109919090001000109010210000000000453212899
0435999139992999219939991909929999929999999099919399099390000100001013210000000000235412484
0434900444344499999999499949039999943999999994099940399990000100011013110100001000321452988
0435900444344499999999499949039999943999999994099940399990000000000003900000000000321452998
0425929992910093239999920993939999999999999999999199939990000100004012110000000000354212238
0425999021991419422909994121491999999993191399499499199990000000000002900000000000234513227
0445999499109119499999999999999999990999909294990499999990000100011014210000000000523142339
0415999209191922999919909990990991999909999999999999999990000000000001900000000000543122536
0415393902044243929100900199493992290939493390029142314220000000014101900000000000543214584
0434149929919929999942914999911911113994993942921243943990000100011013011110010000132453633
0425992999999929999992999994949999939999923999999999999990000000000002900000000000134521225
0445999293999919999932422239931999999343419433999923119990000000000004900000000000125343437
0425901999042911440330930499401919033404922299399303994430000000000002900000000000524315000
0415929999299999992299991999919999199999999999999999991990000000000001900000000000145321870
0415909144292922990994219999999999441199429999999999999490000000014101900000000000245133257
0445999099999999999999949949999999999999999999999949949990000000000004900000000000523142000
0444999990999999999999999999999909099099494944099999999990000100004014110100001000531241789
0445999990999999999999999999999999099999494944099999999990000001002014010000000000531241577
0445999090099113929919999103212999999991241299991419234940000100102024220001000000531244763
0435999939993392299999093992999999999999992099999999999990000010002013210000000000325411134
0415999999999399999939999191199222399999999999999399129990100010009011310000000000245312722
0435999399999993999999999399999499949909993099994999494990000000000003900000000000123452119
0435949999999999994494919999999999343999994339444994499990000000111013110000100000231452261
0435909999499939093099949439949999994999944999999099999390000001009013010000000000231451942
0405999999999999999199909991999999909999099999999999990990001000109010110000000000453211660
0405999999992991999999999001999919999991999990990999999990000010005010210000000000453121303
0415990999190199499920449949994900941000999999992901999941000100005011010000000000543123516
0435933414999999999999449919292929299399999999949929349420000000000003900000000000123452481
0425999949919922299999199999449999929949999499949999999990000000000002900000000000154233000
0435911199999919999112934491999993999999199391999199909300000000000003900000000000352414008
0445924299999999999999999999999999999399999944999999949990000000103014310000000000215341930
0425042993900932999999999999992994090999999999493999339920000000000002900000000000214533806
0425311419992440939199901999423991913124924999941999190390000000107012010100000000154233252
0405491092113333319419999394093929999999119940092994999990000000000000900000000000453123452
0445999999999293294199949902421999990990909909991991499020000000107014310000000000531243098
0445999919919991299941999949299999999999999999991919999440000000104014210000000000253142340
0435144999001921949944439329102934002419121109010293291940000000000003900000000000521433522
0444909999099999999999999999999999999499994999499999999490000010007014110100001000532141669
0445909999099999999999999999999999999499994999499999999490000000000004900000000000532141749
0425929919299999919999111999999999999999999929999929999990000000000002900000000000154231868
0435939999999293993999999929999999399999999999999999999990000000000003900000000000125431400
0424129949933429949399993999494999911999923499929999999140000000110012111000010000514232237
0415090224321999010292343300999990493349909129291940929000010001012011411000000000245314779
0445909490429430929900999929992999909999293399909999992940000000000004900000000000512343330
0425994143399911199999419932399999299393919399994299992940000010007012410100000000154323037
0445929299429299939999924999911999939991211392999999994430001000105014310000000000215342776
0445109499999399909992490129030999399942490132999100309910010001007014210101000000312542470
0435949994934929039990993999999999999992409349999949999020000000104013210000000000213453599
0445949999992999999999999944499999999992999299999999999990000000000004900000000000215342000
0404299999149999999929499299999019190929291919149024991010000010011010410001000010451233255
0405999999999999999999199999999029990999199919999099999090000000111010210000000000451232663
0445999999999999992999994999929992949992449999999999999990000100008014210000000000125341717
0445029929110019132229111200949999329391039422999990031440000001008014310100000000125344949
0404934499933490993399993994999999990939999934099999043990000001010010110101101000421532625
0405990999099909999999994093399994999999994999999949999990100010005010410000000000421531560
0405999029099919122429299099921999999991999909999191129920000000014100900000000000421533317
0435949499994990994994999093033999999999999909999499999390000001003013010000000000123452980
0415909999999999990299199999999999902999919992299991922100000100008011211000000000345212563
0405929290299999999200999929219999990999999122999999929190000000000000900000000000415231739
0405999999909492999999999999992099929900999999999929999920000000108010410000000000413251439
0425919999999999992299999999999999992929999999999999999990000000000002900000000000254132000
0425909929210999099990929929999911099099919099919999999991000100005012010100000000354122629
0444999099999949949999990999999999994999099499999999999990000010012014110100001000512342000
0435999999349999999999499999999939999999399999999999399990000000000003900000000000213451830
0435993999949999993999939999994999999999999999999999399990000000000003900000000000312451179
0435994140149911119139491949999943422292110099993923499000000000000003900000000000123452884
0425999294999999999999099909029999299999992999999999999990000001008012411000000000514322036
0435919993202219902909999199919999923029991909033909190090000001009113210100000000132453728
0435990011312220299911919993999999901991930900999399999290000100009013210100000000351423430
0405909999999999999999999939099999999999999999999109309990000000000000900000000000453212176
0405909999999999999999999999909999999199999990999990999990000000000000900000000000432511416
0415241919999233299999933922992399999193991299999999999990010001010011410000000000241531472
0415291919999233999999933932992399999199991299999999999990000000000001900000000000241531570
0445939999999999993990999999999999000004949994900999499990000100004014310000000000512342931
0415429999194199494999499999999129999999999994999199999940000001007011210000100000145232737
0435999493939090999099491904349991949113449010990941941910000000000003900000000000531423315
0445999999999499999999994090199999099049999999999499999990000000000004900000000000352141974
0445999219429991299999942919999999999994994999999129119290000100013114210000000000123542794
0425999999992991399999919919139991992999999929999239999990000000000002900000000000154231537
0415999991933939999999999999999999999999119999999991399990000000000001900000000000143251775
0415019190092039220999499120919993949992429099993999429990000000000001900000000000142533465
0435992299329929999119239112992391992919999929999392919990000110004023120010000000135422897
0435991990100999999099099939399999909199931909399999999990000000000003900000000000531422722
0435949490399499229990911993914999910910994399091931924440000010011013210000000000352413677
0435949490399499129990911993994999910910994399091931924440000010012013210000000000352413512
0445999909999999914949199999299999991909991994991192049990000000000004900000000000253141811
0445993904999244999099999302239900990933939290409999299290000001004014310000000000523142936
0445949999399949999939999999999999999999999994990999994990000001009014310000000000312541686
0444299119409991029099049999420909991999992999299190900420100010009014310001000010321543454
0415939999199399990999399193939999399199999909999919999930000000000001900000000000542312885
0424999929499999999999949949992999999999449299999299999990100010012012411000010000514231770
0425999994999499999992920202990949999990999994999999499990000010001012010000000000324152409
0425999292949919999999941999999999999999999929999239999930000000014102900000000000124534000
0415999991499999499919999999499911999999999999999999999990000000000001900000000000241351230
0425309099092341149999991219919399003999409099999431231291000100007012411100000000314523874
0405999999099999999919999999900999999999940199999991994990000010008010410000000000452132714
0415999999919333999999399939999999399999991999991919992990000000000001900000000000142532606
0425999991999999999919999999999999222919999999299919999990000000000002900000000000234512000
0425939999319131991329222919919939999399999119999999949990000000000002900000000000254314000
0445919499999119449919299211999999999999291941992299999910000000000004900000000000235142752
0445919922191249999932929392999999999919999994129921429490000010007014310000000000135243798
0405299994990403039994999929103993999912131399994229491390100010010010210101100000432153631
0405999119999190994991001999999991099999999999999199919991000100002010110000100000452132425