1115121134032342103423012403020121344002331410410243214020000000000001900000000000333333019
1145494130092342031191420241333919043904210220433040401240000101007024320000000000452132831
1145494130099342031191430941333919049904910220433040401240000001010014210001000000452132796
1144494130099343991191430941933919049904911930433040409040000010011014210011000100452132811
1105191212401230339220034442223903331044033101123004104120000111001030420000000000354122238
1105049222032133300104001040034921310114222399144143212340000100102020420000000000352143636
1115019100310301343933112223134990944241040419011394224200000000107011010000000000134521606
1115019100310301343993112923134990944241990419311394224200000010003011010000000000134521725
1115401304241323440133220200431120123444100311322002414130000000000001400000000000435212859
1115032242320144401341231421134103303000412343212421004100000000000001300000000000235413881
1115422021400133042212340101343931323210214013421043144040000001001011010000000000235412655
1125211121232900204331342193143941432102320194024020104000000110009022421100000000123543845
1125291121232900201339342193143941432102320194924020104000000010004012110000000000123543736
1125140220104211004323141031200234303413123342023414204120000000000002300000000000123452638
1145944331012123419201003921241943340042242330049049041320000010108024320000000000521432053
1145944031012923419199000901241949040041242309949949941320000000102014310000000000521432108
1115141120330300122324412220434131224300431314213204010040000000000001900000000000333332972
1105209102140394409900492039411990219904033392222121421030000010001010410000000000325142133
1105019341032132400301001030033944410423122399222141142420000100102020420000000000352143486
1135141412024312243403403413321304022442031100231013022310000000000003400000000000512343977
1135990093114314110232902343901903021431234230993224349140000000103013210000000000512342429
1105221314310244440010411311443900213200232313493200242100000000104010410000000000352411892
1135042320132942314029993041431940043939419140301431303140000101009023220000000000521343581
1135042320131942314029993041431940043939419140301439303140000000108013210000000000521343579
1105021122133040332400400214243022330113443044321013112440000000000000100000000000345124207
1105000101133104421202443104010934421332323292014134332020000001101020420000000000342153186
1115991301101013433432304241231903214922010401420299440100000100108021421000000000435213534
1115403300210113413002440313113941134242343420222029041210000000108011010000000000534214067
1114929300313113913922299913119991199009999390999929991910000100012011411000100001534213405
1115213133003404449010243013112921110214334414032420432220000011001021020000000000532412098
1105031011212140341940900442430903302312022399129014434440000100105020320000100000345212806
1125424003214321022330041434114932113332022090440032201140000001101022120000000000143523479
1135022442131200203041311411422304241213024034231430301330000000000003200000000000214353560
1125411199392343224009229423104132993333031212049421024440000110007022020100000000143522664
1124911199392343224439229429149132993333431212449421429990000010010012011100010000143522939
1125202199322203049003321311042922999314332100319944244140000001005012110000000000413523175
1125244913114034212499030092433922333349011291094201201220000011009022120000000000213453283
1125244993314034212499030092433922933349011291094201201220000101004022120000000000213453133
1125294990933034212499990092433922993349011291999201201220001000105012110000000000213453013
1145300110423013121001442223333904214401330294401944012420000000101014310000000000452132898
1145302499420403340042012134330944920243131299920900112440000101004024320000000000452132721
1145029499401412340942912114330944990949931299920990992440000011005024320000000000452132435
1145029499401419340942922114332944990949931299999992999440001000105014110011000000452132320
1105401333110340222121342202004023324014144414331400131020000000000000000000000000342514080
1105421033141044402101232131440001124012232430122343300430000000000000200000000000354213091
1125433220414110419223432110200943020443341023010332342210000011001022120000000000213452182
1125140342211431014032200113400202113031442434232233412300000000000002900000000000213542792
1135240300132312111032000434401901444443321234212033214230000001001013210000000000521343084
1135319034242121424033444212202930200130314200413140133340000100002013210000000000451323101
1135439019330122124044132330132944000434121233423104410221000100005013210000000000521342673
1145242300212242331101401431333440112211430432040402303420000000000004000000000000451233391
1115999214040420014993329443020929131120331114231014210320000110007021020000000000132452481
1115999214249920014993329993020999131144331119231414410320000001102021020000000000132452420
1145344201230140004140103140103999233112344441314202230330000001001034230001000000245131921
1145344239931141934142193142999999219992344441314912299990000100005014310000000000245131968
1145944239919941914142199142999999219992144441314992299990000100007034330000000000245131859
1144944219919941994142199149999999219992144441214992299990000010010014310001000010245131828
1145944219919949994142199149999999219992144449114992199990000000102014210000000000245132275
1105441929130401412190393402020919221221043011009332244010000100105020420000000000325413210
1105941929130201412190393102020919229299093041009332249010000001009010410000000000325413131
1104931929130201192190393109090919229299099021009332219090000011012020420000100001325413110
1105931929130201192190393109090919229299099021009332219090000000000000900000000000325413409
1115400204420424021331212234134101112411034230302303143040000000000001100000000000532412861
1135491313331023421393111420042909134002022231144442340340000011003023220100000000451321814
1105990313319244109131029210044931022310210109993390332010000100008010410000000000324512198
1104990313319922909131029210011931022310920909993390339090000100009010410000100001324512282
1105990313319929909931029210021939012910920909993390339090010001007010310000000000324512022
1125424904323120004193431102202924341323213392214144010300000110003022120000000000153242294
1145099009421132234301921033334903440422241249110204410340000110005024320000000000451232558
1145099009499193234301922039334903440402141249110994490340000000110014310000000000451232393
1145099009499193034301922099334903440403141249110994499340000010009014210001000000451232373
1144999009499193394301903099994903440403141349110994499340000010012014210011000100451232505
1145999909499193394301903099994900440403141349110994499340000100003014310000000000451232568
1145449131322024332901421310313041000112442302023440214420000110002024320000000000541233697
1115300132300232412320141140444113122314204300021443103240000000000001100000000000435212436
1115109112291221030044240344333900211014420199104293013431001100107021421000000000534212702
1115109112291221030000240344333999911014420199102293013430000001002031431000000000534211983
1105932332094130039192031003444911213243230129200192002440000010003010410000000000345213759
1145232030112431349100313491422941432490432413003249930400000010109024220001000000452133434
1145330039110491349100313491422941490490432413999349990400000100110024320000000000452133220
1144330039190491949100313491409941490490431413999349990491000100012014310010000100452133107
1144999909190491949109991491499941490490401410999049990490000010012014310001000010452132539
1145999909190491949109991491499941490490401410999049990490000000000004900000000000452132728
1135220302342310113400141413442330223244341014032111200230000000000003400000000000512342857
1125103943043322233224394121111492410040320309000922334210000100003012110000000000413253352
1135392100032334039122930141422900290423324013129321404430000011105033121010000000251343999
1145311002494433404430294111010940409021243191001292234230000100107024320000000000245132181
1145311002494433404430294111010940409029243191001292214230000001009014310000000000245132110
1145911002494490494410294119019940409029940991001292214210000000000004900000000000245132547
1145230333043343024033004112220444100111422413342121102240000000000004100000000000241532835
1145301223242444440132001203433404033300240312021211411130000000000004300000000000245134264
1145011041022404332030140202114240342340044493311212931330000000109014310000000000245133849
1145091941022404939020140202114249042040344491911212931390000101003024320000000000245133216
1144991941020494909021949209914249042040144491919292999190000100010024320001000010245133108
1145991941020494909021949209914249042040144491919292999190000000000004900000000000245133418
1145041402310311031222140232024404013412030413324134243030000000000004200000000000254133405
1145149131232412240130012002141993033340443294404012130240000101002024320000000000421532334
1145149133332419141999999091941999399949443294434322939040000000109014210001000000421531741
1145204402244430243412324210012399033111034491121003021240000001001034330000000000241533542
1135144440023232112202313432103330342021201324143440110100000000000003400000000000215342863
1105423404130303331014222121040010311341244312020404123420000000000000400000000000345212555
1145940433399992034199909492322103334029240341144090424000000011009024320010000000451232037
1145949433999992234999909499322000304029249349944990494900000010102024320000000000451231617
1145949499999992224999909499999099994099249949944990494920010001003014210000000000451231426
1105999109991999220021931929909991319100909100003399991990000000000000900000000000324511884
1115034142021212103121323404201912333041301322494010434040000000104011010000000000235412955
1135130113213103340423140243004322314232242400024340211110000000000003200000000000514323779
1135033224940401113204491323004923303123213199404012434100000000102013210000000000215342063
1105102200012440330320114143410999201234343392021320231310000000101010410000000000325142066
1125094223020013439901032210133944310000244322341214234240000010002012110000000000153241978
1125302431041000239431420340241900212422433421412103312300000011001022120000000000143252480
1125302439141000239994129440241900212922403429492909992100000010102022120000000000143252000
1125302439141909249994929490241949292922490429992909992100000011005022120000000000143251747
1145394239420113449403222123413939003430020042404090121430000000107014310000000000245131923
1145394239420113449400222129413939903439020042404090131490000001004014310000000000245132227
1115121241203031101314010024144930320232022232434304341410000001001011010000000000134523620
1125293044213449409114200020921932313232313013211041329210000110111032020100000000123543310
1125293949213449409114213020921932999232313013214341329211000100005012110000000000123543015
1125443422213212010033001121111924234320243440302040333140000001001012110000000000513423378
1145032031424210244440004233042432332001311231131412312400000000000004300000000000251433725
1145209420142403311902901143032910019042412319094423424430000110102034320000000000542133149
1115394041003311909432090943310940129192139193411021332000000101012121421000000000135241960
1115323301443124412213201310001124142203004142134243023000000000000001400000000000135423274
1135390100120033329103124421404923022423124303201434342440000111001033120010000000541323189
1125140343024032134040201431324233012341424132230010112210000000000002300000000000513423348
1135019300023210233914133202200441111444403233104144234320000110002023220000000000251342377
1135019390943214233990133292200449911949403233999044234320010001007013210000000000251341986
1135099390943414233990133192200949911949403233999044234320000101001023220000000000251341612
1135099390913424233990933192229949991949443233999919934390001000109013110010000000251341443
1135999392913499233990933192429949991949443233999919939391000100011013210100000000251341535
1145449102203102030141144230342941121342103399004140423300000100102024320000000000254132274
1115011141912022343331319344204930139213002092940224010310000010007011010000000000135421986
1115192223401294412131413909000211043042104193232309134440000110010021020000100000134522905
1115192223401294412131413909000211243042104193932309134440000000103011010000000000134523200
1105111201300940449302430290044914403219101491343140222130000111009030320000100000354212891
1105911202400940499909420290099991901919109991314190222990000001113120420000000000354211831
1144929414991442940419999140409291001902010029441210241090000100012014310001000010425132281
1145929414991440949429999140409990001901090999441210249090000001001014210000000000425132340
1145402243240131342330333014131402300442214120140022104130000000000004200000000000524133854
1105012003224014323223040144444913113142200410033031131220000001001010410000000000352412826
1105290002111330001303303240212933211044214411321342404420000101001020420000000000342513372
1135944903220230113933409329022999030044939944934440339410000011002023220000000000521342101
1135343044941342222343403001324911330301432211199410420020000000104013210000000000541322673
1115231304330123121149930413220914234402021223901031920100000000109011010000000000132452455
1115291324330123191149930213920914234402021293931031920120000100101021020000000000132452447
1145411320300023042341340124320912943923024401311421044300010001007014310000000000452134507
1105430219091142300421942930033931044492033391201092142400000011008020420000000000354122989
1104930219091932300291912990033939029192033391901092992100000000110110410000100001354122722
1125041324443410024430322401131934230212302022121340093110000000110012110000000000123452450
1125941329443403924433322493990934299292392922423949999990000000111012110000000000123452378
1123944329493943924433322493999934299292392922423949999991000100009012111100011000123452232
1125944329493943924433322493999934299292392922423949999990000000000002900000000000123452511
1105219111924403040012001340434129319103203229024113203420000001003010410000000000352412766
1145993044049304214034903414111940301499023293009313493220000000110014310000000000521431906
1145999044049394914034903414121940301499009299009313493290000100102024320000000000521432021
1105109043410922439901093392024991390400212249111912300440000001005010410000000000342512512
1105413021104004423312234420124013334201220433014301142010000000000000100000000000342513602
1125433342429324209434393224411902449290331290103920031120000101008022120000000000513423350
1125933342329920209434993223931902439290993290109920999320000001111022121000000000513423267
1124933342329920209434993223939902439290993290309920999920000000112012110100001000513423264
1125933342329920209434993223939902439290993290309920999920000000000002900000000000513423451
1115422114132344342324130010231921232004101191044033024340000011001021020000000000534213303
1125420323110114241493141400430924232303104022032431312200000010003012110000000000153421873
1135024324121123310242112414003934440300103343932410021230000000103013210000000000214353639
1135900423203232994402409300293910224092931913443399301390000001010013210000000000412353924
1125241334220140201432010224200221340341324304131113104300000000000002200000000000153243890
1145212109192113249920919342140994043433033214142214440000000011002024320000000000251431836
1115922014113243239214233229341992213999131919041129494040000000108011010000000000135242312
1114922314113249299214233249341992213999131919341129994940000100011011011000010000135242297
1115922314113249999214239239341992213999121919941129994940000010007011410000000000135242137
1115992314113249999214239939991992213999121919921129994940000100001011410000000000135242332
1115009043419312429911342144911312332999392091041143922200000001007011010000000000132451946
1125993111309309242212293942440941343313411422133412229140000110008022020100000000143521703
1125993111309339242212293942440941343319411422133412229140000001009012010100000000143521670
1125993111319339292212299912444919343319411922133392229990000010107022420100000000143521642
1125999111939339292212299912444939933319411922133392229990000100002012110000000000143521684
1135340431223202331442312302110930194292004032314124034110010001008013110010000000214352155
1135340431223202331442329302010930194999094032314222034110000011007023120010000000214352302
1145034124422034334910224110130941140130443220921020340330000000103014310000000000245132608
1145940411440232029110943192323949003490049991011309440140000001003014310000000000452132396
1145431229240133149140043403422934094193240211334019332020000001108024220001000000451233371
1145439119340133149940043403422994094193240211334019332020000111002034220001000000451233668
1125304224124313102224343433211200013134023100422401341100000000000002000000000000413252104
1125149999324000224241101130200940194093132224241224311000010001008012111000000000123542476
1145492330130123322201134032413902023340304094041044441220000101101034120011000000452133388
1105411013420334441241034334200911231201332102243220000430000001001010410000000000354123599
1145411104301402210410234331342933104123201244020024243320000001001014310000000000541232914
1135093203094432119191202943133990903231413194091030412230000010008013210000000000214353334
1124924410994402999291094409149929204220499294221091199290000100012012010101100010153241432
1125924410999442999294499999999929294224499299221199499290000000102012110000000000153241734
1105403130333044310202241401324021142044123121122304300340000000000000100000000000345123278
1145993040123314439204940142103902414321024042339401330320000110105034220001000000451233174
1145291440421433131104421230232940020214343400112003412230000101001024320000000000451233067
1145293042210403312300414393142931942009344490209314910340000000105014310000000000521433642
1145221012341303002942441433043944112320300011244213041300000010002014310000000000245132436
1125393934922040213133494304102921223100210291944340213020000100001012110000000000143523444
1145310949099214039349191404004149091924113399994129204340000100108024320000000000245132043
1144910949099214099149199494004149091924119999994129924940000010007014310001000010245132025
1135100423120302233324144014331919344201442422213203140300010001003013110010000000421352811
1135100311212124234020024243141304303214003133343410224120000000000003400000000000512342593
1145999190001142144309491444232994919401133194390034232120000100104024320000000000521431733
1125393304412331219324420031010944402211410033402222304020000111001032120000000000123543403
1125393304442331219329420031010944402201410033492222304020000010104022120000000000123543490
1125033129012300300431301442112930243414430232112440122920000000112012110000000000123543377
1125393129012300399431301442112930243414430232112440122920000110001022020100000000123543885
1115241994134302211091941340321311999942234032100993401220000001107021020000000000132451758
1115241994133322911091941940391311999992234232100993941220000000109011010000000000132451843
1114941994133329911291941942391311999992234932122993991290000100011021021000010000132451907
1115941994133329911291941942391311999992234932122993991290000000000001900000000000132452157
1105909190114034030921214232443990214212330290100212133400000100004010410000000000352141494
1135439344903203429214290424913234130023494399120023034110000011011023220000000000541322316
1134939344903993499014490949913434130043999399110043034190000100010013210010000100541322493
1135939344903993999994490949913431130043999399110043034190100010003013010100000000541322276
1125002301404101203314231111333922243304000192444224320420000001101022120000000000153422788
1135999413129231409044334330122493143024230104311029944030000110001023220000000000421353372
1105112002011003331144140242332919929444334090410420223030000001004010410000000000324152642
1135241321331131404242200320001924304332240194320313204140000001101023120010000000215343306
1105321429200034001940992002324431199421013419319002311330000100105020420000000000345123946
1115042201130421334443142013203923144104023314221001122300000001001011010000000000134252852
1125143104313030021312032344102232041204411244010403322210000000000002900000000000123453931
1125393322012120003430312314100934204142102423430224411040000101001022120000000000123542735
1125139419314942002991394422402399421122302034231233940000000110002022120000000000123542958
1125139499119942402991994422402399921122332034239239944100000101004022020100000000123542421
1115913920303111119233012420404939302422014244391102024210000100104021020000000000132544172
1115249994142232113941340241130212432131032040992032100011001100104021020000000000132453660
1115249994192232113941332941130212432131032090992092100010000010008011010000000000132453593
1105991313324104333091994390233909929324102099091900042040000001003010410000000000354122995
1135432040144202432301403213404902203340112234211319321310000000108013110010000000514323101
1125200294432130332002320312312420942041141304244331014310000101004022120000000000513242344
1125200294432190332002320912112420942931149304244301094310100010012012111000000000513242402
1145011113104032242949123431040293933212423029999442414420001000105014110011000000241533557
1135342494033111032940323191021434903041303249220424931120000010109023220000000000412353415
1135342494033941932940323290990434903049393249299924931000000011011023220000000000412353022
1135344494033941932990323290990439903049393249499924931000000011003023220000000000412353070
1135109939323344214924934212144933000320212394903011023110000110005023220000000000512342258
1105130314313240003243331112031942024101420402230204421140000001001010410000000000325413113
1125412213049031212242004433104492342343202439133109201130000100108022120000000000513421936
1125912213009030212242009433103492342303292939133199299190000100107022421100000000513422170
1125912213009090212242009339103492332303292939133199299190000110010022421100000000513422060
1135193099924221411339944030232900902432100191339234302430000010105023220000000000521341847
1135193099994221411339944030232900904932100191339934302430000101007023220000000000521341784
1135193099994221411339944030232900904934100191339939302430000000108013210000000000521341780
1134193099994091491339944030931900904934109091339939399930000100010013210010000100521341787
1134193099999999991339911030939900909930909991339939399930000001010013411100100001521341863
1125129242424042029333312131301931491324040039349022021010000010105022120000000000123542353
1125203334322123310231410212434934031041249420904121302010000001012012110000000000513422836
1125293339322123319290490212434939430041249120939921302090000110001022120000000000513423040
1125240103312434020230411031211223231442140104331303240240000000000002300000000000513424388
1115294219413140000043193342300929412210423112922934132110000100005011010000000000134252993
1115144101213303224144023143210912030341323042214214302000000001001011010000000000134252347
1115212931921421049112993410444919323212240012439313003040000101003021020000000000234511490
1115212931931421099119999910494919323912249012239314004090100010008011010000000000234511543
1115114201201232149201432331114904424403001392022304041040000011101031321000100000435213375
1115114201291232149201432331114904924003001392022404041040000100007011411000000000435213452
1105999904211120029993910204132904409940303341903094241320000110002020420000000000352142618
1105914242004330020149919142002194441420202399040411391290000001102020320000100000342152563
1104944994004910010499919941009194949440109999040919999990000000111010210010100100342152111
1105241344119433330944324231032904120024120301022091310040000100008010410000000000352142229
1105241344119433330944324939039904120024110201022091210040000010008010310000100000352142210
1105241344119491130944324949019904120029990201022091290040000100110020320000100000352142165
1105291144119491190944224949099904120029990901022091290040000100001010410000000000352142702
1145494143343204443000111913023932032130041200412249232340000110008024220001000000451233422