0815393141499344224190410940230939449910911200304340019330000000111011010001100000452132459
0815993141099993993190410993930939449919911900304300919391000100009111010000000000452131755
0825133933199903110201240234301920214902014491204199324400000100009012110000000000425312103
0825991900099991999200210299999929299992099991209199929190000001003012110000000000425311605
0825993339342219309199921434303919991912293499229393211040000101005022421100000000435122005
0815429102902092030902093419142992119192400492091331323440000001008011010000000000453122422
0815929102992092940902099419190992119192499999091401420090000100007011411000000000453122312
0815099199994314039210409194212920990991093392291294142340000001011011311000100000354122052
0814999199994912949210409194910920990991090992291294142990000010011011411001000010354122168
0835419439103002103993019990244993922091993419394193112140000010009013010110000000134521391
0834919439113492993993419999299993922491993919394193112140000100010013011110010000134521542
0835999439913999993993419999999993919991993999394993919120000001007013210000000000134521649
0835992999229932993309992399949933932949999999999329999990000000000003900000000000214531285
0815940209091949449042113229242940490321193040111293932220000000000001900000000000351243748
0805920294294329134900042211123402921944093309199094341210000000000000900000000000523142214
0805409933442202230039394299919939991990099990199393011230000000104010410000000000541231791
0805309933443301990099394399919999999990099990999993019990000010003010410000000000541231698
0835999999990999003930999303099993999399430939999499999990000000000003900000000000124531467
0835993339949921909993913499992933394999290299999929929990000000000003900000000000431521452
0815021093933194249039011014322931392304904299919132034200000000105011010000000000351422056
0825992999920494499399900299444930991092940022329929999990000001008012110000000000425311944
0825992999920494499999909299499999991992990922929929999990000011002022020100000000425311062
0825929212421141302994999929033992199442940399949943190990000000101012110000000000345121324
0835929911192199992233424913919934914434922243339919922990000000109013110010100000124531817
0835929941192999992233424913919939914434922243339919912990000100009013210000000000124531724
0834929944292999992233924993999939994439999943339999924990000000107013110110001000124531786
0825992920190940249092133214134902413213143394941293940010000010103022120000000000435211986
0825949419023901434921209193201943244432003499209012434300000100002012110000000000345212277
0815233341231943029241321944044920999011232139401943430400000100009011010001100000351422746
0815934941031999999931341944049990999011394139901943993990000100103021421000000000351423175
0835999091932901143099192144412999330304121039233042940020000010004013210000000000234511260
0835993932493102029934421111310942932349340099999999949140000000108013210000000000143521412
0835993939493192229934429191390942939349341099999999919140000100010013210000000000143521422
0835993939493192929934429191390949939349341099999999919190000001003013210000000000143521592
0835933919999499944994909999190903349393990493994999039040000000000003900000000000234511507
0835933992399299992399999999999999999939929933999932299990000000000003900000000000243511346
0835094001930992143939103921100943290099930199239142234240000001005013210000000000234511748
0805304923099929219039029393921939999329032403099209912330000000104010410000000000514231327
0815910420219999299190949494940912191994499299910420991990000000102011010000000000352141506
0845249013012041004214904290302934192319432299332212431130000011009024120011000000312451868
0845249313912041104994994290392924192019432299993202431930000010002014310000000000312451834
0835929429423411193924399934991234142339949149329421191990000100105023120010000000123541868
0835999229223411193924399934991234149339949199329921191990000100101023420110000000123541642
0835999929423414193992399934991232999339999199329921199990010001005013210000000000123541473
0825990194193942042111414210300922441440030342214391932031001100109022321100100000245131544
0825990199199942942111914211900922491444090342214499942930000100108022020100000000245131367
0825990199999942992911914291940922491449191912214499942940000011009022020100000000245131264
0824991199999942992911914299949922491449191912214499942940000010010012011100010000245131324
0825991199999942992911914299949922491449191992214499942940000000101012110000000000245131313
0825941299994199404929949241909992042412949922199910440990000000000002900000000000235141977
0845922021091412209901022111330929323431200429949493443410000100107024320110000000213453807
0815990490199324409119139912493924192922233019499134929930000100004011010000000000251341337
0815223132093332429412309411200943991949191094194330923020000001109021421001000000152433434
0844939939394440999394929999293923924244230023399942930090000100007024120111001000213452664
0825992349292440994922930933299993394302944939394499432990000000104012010000000000215432352
0845999994290392409924429029402994092919019490202903191040000000000004900000000000234153313
0825922340302349213194204939913919913244921499999019124140001000103012110000000000435121945
0825922340332949213194204949914919913294921499999019124190000100009012010100100000435122176
0805941009349014434931049999139990404999994319034390999190000000000000900000000000521342541
0805394201999929149001939931194900939219912299999003991900000100009010410000000000531421459
0804999301999919999001939939999900939119999999999003991900000100012010410000100001531421544
0805999301999919999001939939999900939119999999999003991900000000000000900000000000531421957
0825932999993913193999992313999923922929391992992999199190000100004012110000000000135421490
0845920949342303023344949990931999949999390104499992939010000000000004900000000000213451798
0845323449300992299204939099290943390249490239394993994990000100009014010011000000213451878
0844939449993999999934999399999949399949499939994993994990000001103024220011000100213451780
0825942949431410013322332902900949939901299394292049499190000000000002900000000000215342455
0824999299992291919949492999921999099999199929292949499991000100005112110001000010235142169
0814911299999999991919999999999919999999999911991999999990000010002011011000010000453121319
0835199039030222909993049910921999334109299133499930921990000001002013210000000000123541209
0835944132134104013123422400422919332999400123214224131400000000000003900000000000321542020
0825199293949914444333229992991923923994944039922909440090100010009012311100100000425312075
0825922299329939999992999993299009399999999999923999929990100010007012010000000000425311875
0825992214149292999931929943393999299999993923439233939990000001013112110000000000145233321
0835939199933409004009343420090994434022212493113011129010000101002023220000000000134521951
0805909999929999919999922900919909990999200929999999990990000000108010210000000000543121584
0825404442134020339113123490230941401040322112121003941040000010109022321100100000435213095
0825909442904029909114921499299991491040922912121101991000000011005022020100000000435212748
0825909492901929909114921999299991991049922912121109991000000010108022020100000000435212677
0825999992911929909194921999299991991049922992421109991000000101003022120000000000435212352
0824999992999929909191921999299991999119922992929199991090000100008012411100100001435211733
0825412911134441339391212123300929139404203014923920434030000011003022020100000000245131847
0825132999991949999991292123300929139314233099923924433030000000102012110000000000245131465
0845192420401394200221113339212942400313041340122433120010000000000004900000000000314252537
0845999042493192291994192432131499129213433102003400041220000011003024320000000000324153610
0845143990129909993139004220319939914194934130190409413400000000014104900000000000241354061
0835242331124320222303134423002911199124142094099140934000001000109013110010000000142532436
0835992332994392929313239423992929199224999091999942939990000110001023120010000000142532681
0834993931091191949990094999910919311939991193933349999190000100003113210010000100324513663
0834993931191191919990091999910999319939999193933399999190000000107113010100100001324512858
0825993010239924311919911314994942492999239990221234449440000101009022020100100000415233299
0825909902132310390223299190199999993199321922191099999990000000000002900000000000345211893
0814999999919929999999999999919911919219999991129299992990000001004011011000010000254311256
0805929901919033190990999939499999409023149402011111449490010001002010410000000000541231831
0845992449010042909941999242999992999990999992949999440900000000108014210000000000243152171
0825322223199900999103329390299999421919999092199993119090000000000002900000000000145233380
0815929229913232931133321030392999299011299319099190999990000000000001900000000000254312138
0835413190249340042229124234140921031290041291033313124100000101008023020110000000234512516
0835433242491404409329119333400990910319194099299093449410000001009013210000000000234511446
0835933929991912199399919333999999911319999999999993999990000100003013210000000000234511256
0835030219044344200439391421322911030210142200931493949490000000000003900000000000243512545
0805290112143200419934021342401991992942999209140029999210000000000000900000000000521342832
0845392999233133012204004409202909244243302121949342993190000001003014310000000000413252736
0845940922323091912094209249001949494939999902943439020090000000000004900000000000413252558
0835199149900104144103944202004993039304321111243431031400000110005023220000000000324512503
0815092231400434302240300141044914412304203091314321322230000000000001900000000000254313039
0805499333430319349994019940149991104001399299909130222220000000000000900000000000523412374
0805990999099999990329939993009929099929992990390992399390000000000000900000000000523411896
0835020109999994942331940949944992939992994193313439199390000110005123220000000000243513050
0835020109999994942331940949994994939994999193313439199390000011012123220000000000243513149
0815990421093340221140113334402090299914234299401901200430000000000001900000000000453122234
0825121923099921999932299190993909923309909999992299909390000100007012110000000000135421524
0845949949944929199914999999299999299929494499992199999990000000101014210000000000143251611
0825390429431143109029433229040929944349410009429993212390000010004012110000000000245131821
0805190909929490990911942191999999912449099200099929249190000000000000900000000000543121869
0825999903499334239900293933429903009999904229223940994290000000000002900000000000415322556
0835999994999999993999999939399943999999999939399934499390000000000003900000000000123541757
0815399209013244121993300343144994119320113292429940242400100010003011010000000000251432341
0815399209013344121993390943144994119990113292429993442400000011008021020001100000251432455
0815399299013344121993390943144994119990113292429993442400000100004011010000000000251432636
0815902941244990992099112949292914494190992941199090144290000001001011010000000000352142003
0845393244139441299429991199231943999199123999949399999490001000111014310100000000243151476
0845392944139441299429991199231949999199123999949399999490000101003024320000000000243151758
0844991049999999191441412142999999991499299499419999199120000000110014310001000010243152012
0845991049999999191441412142999999991499299499419999199120000000000004900000000000243152194
0845299442399239099429924309499999999239390949390994994930100010010014010011000000413251243
0845999229199919099499999949910999999942191944499992944190000001007014210000000000314251409
0825199999030910999221399992229990309992919992933300919290000100001032130000000000135422454
0825399999030910999229399992229990909992919992933300919290000011004022120000000000135422242
0805993040043234414993002934122990390193121999940249922990000000000000900000000000524133481
0845292429041141239994499904393941220400019131119222112320000100105024320000000000143251759
0845949344913240122993494292212999124122330199919433900000001000105014310000000000123451747
0835999943909009499999399931149999391399934939993999199040010001005013411100000000341521113
0835999399999999999993993939944999393939999999999994939990000000000003900000000000341521073
0814911993999999999999999391999999311993999919991991999990000100004011011000010000352411341
0815911993999999999999999391999999311993999919991991999990000000000001900000000000352411582
0835030442102143449231419200321924423932400401101110133400000000000003900000000000234514125
0845199090492919919209091499999994949424912949994099192990000000000004900000000000432151901
0815929921999199999002199929999299010912199999112292999990000000000001900000000000354122621
0805939990199920999309900990012999333110223991999999219931000100007010310010000000523412228
0815919199999999999991999939399999919999999919919199991990000000000001900000000000352411141
0845900441044243220939490213011194109233320133010122143120000000000004900000000000412353014
0845999241499499994440900994999199090290490099999999999990000010008014210000000000324151896
0805399903999949199094994090994999939090999909390319999390000000108010410000000000541321188
0805929903999911229909399929299900911292191300092999039210000000104110310110000000531423937
0845193994993993934499194991999999999994949999999994394990000001004014310000000000421351229
0845941094100209324119412031130992949029102049234043329010000001001014310000000000132451654
0805933339032121049999901919494119943323903200494329991000000000000000900000000000523414300
0845994299099499999999909393239999499493493949993994999490000001009014310000000000314251209
0845923403229900311244349900001902493999293292214442992010000000101014310000000000214352433
0835999132449999923329239999999939999999999939939399992990000000102013210000000000214531449
0815904002202134339922021413104994021440233409244010211430000000000001900000000000453214110
0825449133302439442993499322909991992900404092493924102000000001005012110000000000145322475
0835404904914040119403334032414949002132221102304923132010000000000003900000000000324513345
0815410122113202439903939943349919220194932391001099993420000010001011010000000000452131682
0815921942413409243114432140022999991919019493902300299240010001010011010010100000154232186
0815394194101433032332321012210942944100402033244142243300000000000001900000000000253143837
0845934499949949399944999999999999499999993999999999949990000010102024320000000000213451049
0845943334009994999999242929229940949990920309900299949490001000111014311010000000413252222
0815499994411421429909049401392910999902319410992431233230000101004021020000000000453121744
0815999999911491299909499401299919999992419910992441202290000010003011010000000000453121963
0805990999990949999999929949999900009900999999999299999990000010105020420000000000543121292
0834999933993990999999990999339999993390399999999099999990000010008013110100001000431521268
0835999933993990999999990999339999993390399999999099999990000000000003900000000000431521328
0835990342009911199933399999909990119933934423921990009110000001007013210000000000432511707
0834990349909911199933399999999990119933930403901990909110000100005013210010000100432511828
0835999309909911999933399999999990119933939103901990909110000100002013010100000000432511829
0805999009199224391300990229119913192999103910229199099220000010005010410000000000542132006
0835232929992999993999999911999999999313999933399391999990000001005013210000000000123541428
0835919909991491423991390334119999999939499939933900900440000100005013210000000000243511439
0845914141419319991924231333199942239924312199242949999920000010102024320000000000214352129
0825042199943124001191439224430911919942144292241999930930000011007022020100000000145232261
0825042199949124901191439224490911919942994292241999934900010001011012110000100000145232222
0825042199949124901191439224490991919942994292241999934900000001002012110000000000145232563
0815942413214004029294293412102929244200999091421310199490000011003021020000000000153242615
0825029299999942999993999993009399233244909990022203449990000000000002900000000000215342074
0825992993229999999949329999999924923929999999293399999990000000000002900000000000215431899
0805909909099449119119419244044929100291091919104199999990000000000000900000000000543212729
0845949499909009991049999090499909999999999944499490999990000000000004900000000000412352060
0835243099310440229143114404220921991330031034314022401200000000000003900000000000132542218
0834999333999999999399399939999939999999999939999999949990000001007013210010000100123541050
0835291099412929099413934401991931991232029239931393991910000000102013210000000000123541983
0835992919919224409393993429104939399131422939903994140000000000000003900000000000124531162
0835499932444020049033129112134993934222010430411991310241000100003013210000000000134521472
0835499934499919219133199919939993939494919239941999399190000010008013210000000000134521327
0834999939199919219133999919939993939991919239919999399990000001012113410110100001134522786
0805930990994999999999909999999993000949030993999999999390000000000000900000000000512342230
0825992949999994499992249949499920229999099992002499909990000110101032421000000000235141799
0825092200003939002991390449999992192339909929209243949040000000105012110000000000245311445
0825092200099999992999090049999992992909999929209290949990000011004022421000000000245311122
0825092209999999992999990909999992992909999929299299909990000010005012010000000000245311059
0825112012902944940229133424091920110339240490091943034010000000000002900000000000425312757
0805939143903394999900094399933031044491999399310404114390000010002010410000000000541322012
0805309191342223124900349230211244924129033324102491900130000001109020120011100000512342411
0805309491229223129900929230211494924199033399409491900130000101008020420000000000512341778
0805309491229299329900929920211494924999093399409994900330000100010010310000100000512341701
0805909492429299929900999920293999949999094399909999900430000000108010410000000000512341275
0805909999999992290999999999999999090992990909909909999990000000000000900000000000514321360
0805990292929904319429239990299910931102240192903129991090000100101020320000100000534212219
0825999299149299939999934999943999929994212322923999991110000000000002900000000000215341133
0825392123323304109310011243344910413244140014222130100040000000000002900000000000145232369
0825992099299009209909999901999999929092229999992990999091000100008012110000000000345121606
0805900900091199499999999999499909999999949909999919099990000100003010410000000000523141181
0825129042100933214999911113320499994049112042994223113000000101009022020100100000215342188
0825129942100933214999941113320499994049112042999223113000000000105012110000000000215342193
0824993299299299409094999399993930490292004332992499024990000010003112411101001000315242506
0845944334232929239994990909999999999900449344399330299020000000000004900000000000213451467
0845994399992920929999344939449994999999399999924223294990000010005014310000000000413251950
0814999999209999299919299199999219990919199919199201990990000101104031421000100001451231363
0825999299942999992299994994999992449492949992999999929990000000105012410000000000125341142
0845049904444492939919009991912999099999212949499920991990000010008014310000000000341251692
0835933399944309993399999493999999990999949943999999499990000000000003900000000000421531747
0845344009099499909149919992992941999999949999449012209220000100007014310000000000432151526
0845944109099499929949929999992941999999949999449029999990000000000004900000000000432151529
0845029993244412231000143300201421104134033322113402321300000000000004900000000000234154196
0805390419001094299044399349232994339410399190414409314930000100010110310000100000541234685
0805999990099499099009999990999299999994999990999099999990000000014100900000000000534121434
0845144999420423900240929919992029922931949340992904992930000010005014310000000000413252143
0805990290909093999399999333999992993999999993099039009990000000000000900000000000523412254
0845199234249239303442420919910914341013002031329043391210000000105014310000000000213451682
0845040310042310123444432123312993312022301099114343002110000000000004900000000000312452374
0845992110149931209499490949999929441491431099991922199010000011003024320000000000123452106
0835920939912214421221033910342931092003123310919992904990100010009013111010000000432513395
0845199244391219909434430420112993399499992199249312999920000010001014310000000000123451469
0845199342934001314430403012112913399442320099200942112130000000000004900000000000312451673
0845949999994490990499009999993994994399999944999099999990000010003014310000000000413251296
0845944990029943934999949099999299900949093949099994939930000000000004900000000000412352700
0815999929129912992929212299999991999921999999199199199990000100004011210000000000253411920
0805932102299424323101433043931093203202391919002299392190000100107020420000000000513422137
0805939109299391933901423049931093102202399919009299392190000100105020320000100000513421774
0805919109299391939901423049931093102202399999009299392190000100101020320000100000513421715
0835909349499994943993901990990390393099991939939949999940000000102013110000000000341521461
0804391399993999990319900310939900939991909190339939399990000001010010410000100001521341684
0805199199993999990999900310999900939991909190999939399990000000104010310000000000521341227
0815941241441043049221943220023900103994414299009221313020010001008011010000000000452312368
0815901921441000029221902249929909103994914999909291319020000010010011411000000000452312079
0814901991091000099991992999999909109999919999909291219990000010009011010000100001452311621
0815991991091000099991992999999909109999919999909291219990000100001011010000000000452311711
0815941921904213992999349491294922939414192219994991924920000000109011010000000000152342027
0815991921924212999999929491499942999414199419993991999990000011005021420001000000152341877
0835021213031312429993231012444911000410231109924332442020101010103023020110000000142533273
0825329019324902042940994092904910990949299429999090201940010001009012411101000000325412223
0825322923299999992299991399399999911993999929999939991290000000000002900000000000145321737
0815919492429499449990911394203999913991992091490390911240000000000001900000000000352411594
0834993393110111409030941093010993313444101444999990910400000010005113210010000100132543784
0845944999499999191449199494999999911199999991411999199990000000000004900000000000341251588
0844092299119004991949402204291999999111299992249919444290000000108014310001000010234152385
0835133221192434241910309003110092403941214429313100222200000000000003900000000000214532728
0845991992442999199992941992999144991949929919249949999991100110004024220000000000234151925
0804922149100042142194909994499922901209101940991229919990000000108010410001000010524132789
0805920099223934239309909311999990990249149439339330999900000010007010410000000000523412423
0805239099002923410919941093143931021429934192102022993220000110004020420000000000531241770
0814911999139139991999999919919919999399999999999999939990000100011011410000100001254311185
0815911999139139991999999919919919999399999999999999939990000000000001900000000000254311301
0845249024391033430992419949919999922129149229913313104490000100102024320000000000342154334
0824929929999199999912929992991999992919999999329992999990000010008012310100100001135241842