0715990910192990999002219999999901299192099992229199909190000000000001900000000000425312791
0725999999241411449021491099412993993310002294131304132120000000000002900000000000432514928
0725949941493331909119399440000919229342229299999941144200000000000002900000000000352143924
0735940221114410401411313344034909234919921922030122032020000000000003900000000000135243965
0735992994419999939939949399913943191319931999919991999940000000000003900000000000153243212
0735922999993394292929939993293999949929939329999499941290000100010013110010100000154232872
0735991929199323099129923939990999993999293991931999919191000100008013110010000000435212153
0725340301234139111442209244992943094013394290001010190420000010012012311100100000532144017
0714909299149121192099929991944999999499944909929291921440000010011011311001100010425312928
0715999299129121199099929991944999999999904999999291921240001000107011010000000000425312306
0715029242333090139909992099191992239140440092241201442010100010012011311010100000325143895
0725919944490043919199499403001919229412229299499931343200000000000002900000000000352144096
0715930029129904942992243190949199991990090300990199999110001000111011311010100000523413967
0725901099201239929990991920999990392219990991999919999200000100101022120000000000352413611
0725930030411304410121420241244901001999934331133240032920000000000002900000000000542314648
0745099922420234009939492401144993999103012493902901310210000001004014310000000000134524359
0735999999094999139903901199911944394199394943939099199930000000000003900000000000431253131
0735119990909099939999034039339999099993491999949399149991000100011013411100000000531243371
0725931292999902029994423303031992999929911393919949090030000000000002900000000000342153571
0715993331434040003999924993012299931190914491391293999020000100001011010000000000423512427
0725292129009093219499903999202329409993399094439999399990000001012012111001000000412533477
0725292129009093219499903999202329999993399099439999399990001000102012010100000000412533190
0705924334410430013343901402221921230919431144322322340210000001009010110011100000213454481
0725999902199919219199000991209332109921999909290291919990000000109012311100000000452313279
0735992100392213412323029992441902304499992403401299939290000000000003900000000000415233732
0744049499929333490992992940999999994292039499920039304990000000112014210101001000435122974
0705939223041094413922343324134223343042901139224012411000000000000000900000000000215434570
0725093990093924494334121220924909991992944993993399349920000010005012110000000000142534053
0725990099094324990199090124091931119420441390903322122301000100005012411100000000542313881
0735999094342991949990430901323990902920993390944421019320000010103023220000000000513244821
0735990992393009439990999993999993492999443090999999904930100010008013411010000000315243134
0705921303299243039319409941000911492940114299299232919431100110008020120011100000251344402
0705419943994299239919313429000999929920000999911129494290000000000000900000000000251344912
0725200144432323320004103124112901431340142399019910943990000000000002900000000000452134938
0725429499402149332911929494232944990104913299910990999440000100111022020100100000452132992
0725929199402449332991929494232999999109913299999999999940000001009012110000000000452132720
0725291243133291421393903090012999311034904432329441199900001000112012010101000000342513178
0705902992921190009991224401494991929909992309991992341130000010012010410101000000243512822
0735929942399949339994900299920999043293493929909493209990000101008023221000000000314253597
0734499909994113939399999993939949909949491199999933101990000100012013210010000100514232548
0735499909994113939399999993939949909949491199999933101990000000000003900000000000514232863
0735994394991041934144903090313999931999490194999999309910000000112013111000000000431252608
0745929911099999149491299992942949999194919999999209494191000100008014210100000000435122642
0705919932999902103213329133399993011019910993901392209990000000000000900000000000234513851
0735941049303491324009120123423912091119133004444494910920000100010013211100100000341254355
0705903999333230090449949990901999949992294133499992909310000110004020420000000000213453096
0705903999333920090449949990909999949992994333499999909990000100009010310000100000213453028
0705324349002994229443909399099923390039294039493992994990000000000000900000000000213453825
0705949444031212119191332333231999024403101199424140042200000000000000900000000000213543846
0705000011444022321999934401932939993919199191931432229900000000000000900000000000241354791
0715949999919900999099009911299929911990229940009199919090000011003021221000100000523143002
0745490090032990940322012429941921992343921493009112910410000100012014311010000000415324826
0745931921429133229413992994000999999342034014192142100230000000000004900000000000154323546
0705914390911249109434901210440913392304031399293932229420000000000000900000000000231544591
0705312900913320349192292434110919319302343492924911300310000000101010410000000000245133917
0715949419499413019949919909291994919999032949309434491220000000000001900000000000321453466
0715909194291499490999299310311499039934022292122212439330000000000001900000000000324153652
0745930423229999990923404994292033409929043419932290922090000000000004900000000000314524276
0745993333439091903009039211091923343919449102209499490140000001012014211001000000341524102
0745999333439099993009039011999991343939449909009499490140000001002014310000000000341523764
0705999223313494019394202129010939909400132399499944332490000000000000900000000000234154170
0715994421094990194014419199001940494999499992219049099990000000000001900000000000423153552
0715939499992343114491420903413949392322210199949149293440000000110011311000100000523144600
0725943092399444419049300230421999090049023201323049994420000000110012311100100000532413897
0715939139499910999139999494344994109194049199039999493190000000110011311000100000521342206
0745291019004921243291019024340939993919343331090111324240000011007024221101000000451324570
0735909224391200139923291090923924224194203499440249993310000010011013111010000000514234515
0705199222199902923999910130499099230930944449911392094220000000000000900000000000234513471
0725929499211949992211114199429994999991999992199919992990000000000002900000000000152342368
0705994449090112909944990420999999999992999994029999920920001000109010410000000000243152234
0704999999090192909991990290999999999992999999099999990990000010009010410000100001243151846
0745999424900222994940149009499999090199099909904992209990000000014104900000000000435123603
0745301192403999242031929124944912992319992929129490399940000010111024320110000000453124917
0745201192403999242011929124944919992319992929929490399940000001103024320000000000453124902
0745202192499999249011939924944929990939992999929490399940000101007024220001000000453124777
0745900192499999249911939924944999990939992999929490399940000110102034220001000000453124846
0745990192499999249919999924944999990919992999909490399940000010004014310000000000453125000
0745930390311322243939344100422190014330203219019291311440001000107014010111000000351424526
0735914911304120902933412110990923013999192004100923149230000100003013210000000000453214132
0735999292999443099929432994003992329909990399293444994390000010004013210000000000314253355
0735999990299021992939429129134999923992090329322392304490000100012013111010100000415232641
0734999990299024992939499229439999923992090329322392304990000000112013110110001000415232700
0735999990299024992939499229439999923992090329392392304990000000104013210000000000415233003
0735999299931013439029491440033902909939449191929391129920000000000003900000000000513244593
0705921392399393999392010319919912923901190013222933099100010001007010210001000000235413686
0705921393129399009039902999244912032424929094399249492040000001012010110011100000234514025
0705449324241413413931392299930032201901344132222934000340100010011010110011100000215433400
0705999324244493993922392299990039904903344334222934000990010001004010410000000000215433565
0745922191032224301929100442041192120313014309211002433400000000000004900000000000145324549
0735949493900421014999990943213990999349211200093343299210000101002023220000000000413253047
0735992423929992934294393409190992134394311199294429022990000000000003900000000000314253666
0745092290031914309204293941994929929190914994499093999090000000014104900000000000315422540
0735939990340290934499090430999999999992232930094993490920000000000003900000000000513243219
0734919341194494911009100941939991391394499999490399999330001000110013010110100100341253397
0705991133421999029212934224201920392449992419999290004090000000000000900000000000251344496
0735102042121194341093343099113909204400914194001421993430000000000003900000000000514234348
0735929999999093312909009399200999993993914149449930944030000100001013210000000000315243285
0705911409492290299411499999009911999099994992919292449000000001111020420010000000245133649
0745999999999144299142992191999924941999394499999999213990000000000004900000000000134523289
0705929911999934021921109231030999939220929219113022044120000010007010410000000000241534219
0735909499040340939949934999303999993294999494999994099300000000014103900000000000351242441
0705992299999939999999992020909993999392409490009299999990000000000000900000000000215343138
0735923990419093999999999999999992990393909992932301993990000000109113210000000000314252444
0705943342990113012233290393401929494112991999944343040030000100007010210001100000215344459
0705992431299912431221429910403949309499044091019049219990000101009020420000000000235143976
0715992004412233309232929210349999931041400192923494933110000110001021020000000000325144686
0725999909919199999129919900102999092219122999919999920990000000000002900000000000542312648
0705992290912219019429190913029923323319390992302399990110000000000000900000000000234514156
0705913939249103113091313994129930094990392031139224419400000000000000900000000000243513243
0715933919993199199499999399939999999919399139913193999990000000000001900000000000123542659
0715994003499499499994033141411943103399394993413199994390000010003011010000000000321543655
0705991142022219329313333120430934441002190031341224134220000000000000900000000000231454741
0745992994293430423999019143904999009931399422191010421120000011011024321110000000543124337
0745992994292430422999019143904999009991199499991010421120000001008014310000000000543124054
0725904444203402003940233031213293211431140319301240141100000000014102900000000000142354867
0705049099902241999993933920414990931499134410019194999990001000111010210001100000241532081
0715100929909949949333922219412903330241324443103042001411000100012011211001100000521434432
0734929990304990439093039490999949402929443949990223494390000100110023221100101000514233656
0735999990304990439093039490999949404929443999990223494390000100101023220000000000514233734
0725910920490494994299411999494904291492991911999092924290000010009012010100100000352142820
0725410391199334041419909930324193191042104209420230212130000110004022321100100000152434532
0715999123230030122992294491104999419194240399939922933121000100008011010000000000123452975
0715999123230939122992294491104999419199440399939922933120000001009011010000000000123452950
0745993399339300149019093994439991494019099909443039919910000000000004900000000000531423377
0745319194999994343943100019099991394194939930099901099941000100009014310000000000541323331
0745919233102404392292310431440922311200240029219491109110000010003014310000000000145324608
0705213349303203209131991904220914390193324413324144124010000110005020220001100000241534354
0705213349303403209131991904220914390993324413324194114010000001107020220001100000241534094
0705213349303903209131991904220914390994344413324199114010000100009010310000100000241534221
0735993019012314442049000099993992191122314023144393440100000000000003900000000000354214250
0745029000499929209929399909304999299941230994999139349440000100111024120011000000145323353
0745029000499929209929399909304999299941930994999399349440000100010014210001000000145323115
0715194222412040102299049394013924902939213324910233430100000000000001900000000000124354464
0705923432302130009993311133022444231142103244440432929420000000000000900000000000231454804
0735099999919099939999940099334999993999999994930419331990000000014103900000000000145231318
0725903909933314923909040411313299094224309314102921111210000000000002900000000000412353674
0735929119123092033999923900909999990999999939999399939990000000000003900000000000354212953
0715999299910999919912910999199992209222910099200929919990000000000001900000000000425312818
0745499099939403310210122931143909194023439399912229093440000001012014310000000000534124529
0745499099919403310210922921143909194023439399919229093440000010105024320000000000534124475
0745901910992929219922924914994994404191999992910092199140000000000004900000000000415323505
0725431021210993923433101449030911434339409094142002423120000000000002900000000000152434240
0735399449930931302949992921139444929940200099299493912390000010008013210000000000135243952
0705999392399940002934124314402903431231244433290299140340000000000000900000000000253414589
0735292900202423939200999999399991093949299193049024493320000010008113110010000000543211642
0705292911991021099939399444249933190999909999919033014400000001009010310000100000231544325
0735434900949343039904443229094999999299942939904939299990000000000003900000000000415233235
0735992349399293999249994939493944449093999044999039290990000000104013210000000000413252943
0725043311140042429113994320430930003120224131440999039120000000000002900000000000152434837
0745993009119922342002394223034900309140312433232934104121000100009014211001000000531424660
0735922323144439999113412129311992141999244929212139994930000000000003900000000000135243008
0745921992409424011291229994340929991940090499929190210310100010011014310010000000134523532
0744921999429424211291999994349929991942993499999999999990000001010014111011010000134523066
0745993221339129291331294923144919411249124933321342219990000000000004900000000000143523890
0735940999399249999949939399439999999493492999390994399490000100008013210000000000314252435
0715930391403311242302114439344909204001940299999203994130000000000001900000000000524314042
0704939391399223321139101299990112900103920919191329029990000010009010410000100001253413443
0705939391399229321199101299990911900103930919191329029990000100003010310000000000253413554
0705943229909300314991330114294922491314132122343401224000000000000000900000000000215344779
0705324442339994339199499434190924130939993042429049090010000101009020220001100000234154560
0705329442339994339199499434190924130939999044429049090010000001011010310000100000234154686
0735910402124203329042293441212944039201033191209999211930000000000003900000000000531244849
0735022912214209232014013010300914931949013392942014349440010001009013010110000000154234093
0715933091330001292230999990211999939111393293999099999290000000000001900000000000523413719
0715290999133044129299093434041924901133400120440324202100000110003021221001100000123544855
0715992944933222409942494199911439403294331033929112991930001000110011010011100000124354048
0745099144499399990194309999341999039019939499949991991990000000000004900000000000451323535
0745913220190331429001992100034933291342424291903112344320000100007014310000000000351424942
0725940030333344029339931299444940093912992293129999199290000001011012110001000000432514436
0715049999290419403990910922009499294492409091021099219110000000108011411000000000123543947
0715944499901223339044419024219923100344122230399430010910000010001011010000000000423154311
0725994042399999923441443902412934130049930243322103390301000100012012111001100000312454010
0735922210310031930990024122234900490404433129999299499931000100012013110010000000534214843
0745910133199134410904223942291992430901012322210492310430000110008024320110000000345124184
0705139933991310403994390420141999399929294919992931040040000100007010410000000000243514214
0725211491301004223149413940102144932490392431413339021300000000000002900000000000132544875
0705999199934314999991093400909999994909999999999013314090000000000000900000000000251343343
0714999322493999413394244332224939339441124219199192231440000000105011011000010000423512780
0735111299903240330190491420130911949404012494243432320210000100005013210000000000145234296
0735909214114442044902019431040092341242330020322291203310000000000003900000000000154234065
0705939999232994001903323990324030923999111099999992999940000101004020420000000000243512588
0705939999232993001903323990924030923999111099999992999940000010011010410000000000243512913
0735011119194243939199994999013941924342904999341319490320000100012013010110100000154233404
0704939444049039093114400339999943190999499913341199131100000010010010210011100100241353941
0705043442011024244332142992902993314942911213340123034300100010011010210001100000231544631
0715132009234031219494499499302943443932930212911133943220000000000001900000000000421534385
0725909100099931109403341901221994312090043444323299122410000001108022121000100000312544522
0725990933244212339493342924299900300490130044043493110120000001008012110000000000512344053
0725990933244212339493342924299900300499130044043493919020000001009012110000000000512343924
0725990903244212039493342924299999000499139099993493919020001000104012010100000000512343729
0745393301344204023040391042122993991032421299931901102240000001002014310000000000531423744
0745902910429041402240009219199919331020949091149399909940000001012014311110000000354124029
0744922199992421101499099499994991999191449014929299122990000010007014310001000010435122613
0745194929919914092131993430929993919343292094914993321490000010005014310000000000143522442
0725933234444342413199190190942914129103201090212019000400000000000002900000000000142534383
0705919229919992009919409919491999190999904999929019990490000100009010410100000000253143725
0715314443219301334294919319021949999999032919494993930390100010010011211001100000421352632
0725949149334144413030139120311949199992202200499013922090000000000002900000000000412354940
0724904909924499249110901299922999999149421199099949929410000110010022020101100010532143549
0725443399401322009931492013421994999432040299009901304120000000000002900000000000132544696
0705993193009112043199004213213939934121400293994449143220000100108020320000100000243153376
0725900921030141349393949931991913041202323293902009490420000010103022120000000000512343477
0725900921030341349999949994991930041202323293992009990420000010002012110000000000512343441
0745911192499999999229091424104992019990194992109499199940000000000004900000000000345123943
0745911199249144999291399999994113499499990999994010190000000000000004900000000000453123191
0705942939992923442994299909233944320909040944404299909990000001007010310000100000235143255
0725931999199139919491913991293244929992132934112992993990000000000002900000000000132453183
0715929019992903910999309990099993011009031499199999999010000000111011411000000000425313297
0735999499992313224149434919024994993923930911199419390990000011010023220000000000351243671
0745303923044492110990301119122490323220442409909322190210000000105014310000000000514323649
0735491440109442391910939391243991943903103294091999402120000000000003900000000000531244286
0725939133311100943932002130492912193241900493449014430220000000000002900000000000152434069
0725994493949391224920924990439394043939129299299994393410000001012012010101100000142534102
0705990199093129049114941903919912920299199419499499119000000100111020320100100000253414133
0745921209991903403190243190404991921104013039192430133420000110009024221101000000153424604
0725991100499404943409421934142913310243322193313149203210000100012012110000100000512434792
0725991100499404943409421934142913910243322193333149203210000001004012110000000000512434859
0725149092099499904490401239021390993203392199942900429910000000000002900000000000312543661
0715040221290343104344242139091929919294143390309240013400000000000001900000000000324154658
0715332440401133019999099999419420040393934909991910991440000100010011311000100000523144268
0705212992242910144993919110011199990049344099999293309120000100004010410000000000215344205
0745339400109313399009190930442999099104322301999041234490000000000004900000000000534123791
0715999999129199999949499919119299991939933999949999993910000000000001900000000000123453627
0715993999913101324949430324210902901994003099233441292410000000000001900000000000123544333
0715029339149943112994292234004099292232130144319229940410000100108021020010100000123544427
0715229399149943112994292234004399992232130144319229940410000101004021020000000000123544225
0715229399149993119994292394404399999239130144919229942410000100010011010000000000123544058
0745020330904301119341332412123914009222114092130920422140000000000004900000000000314524682
0745993191934432009010992132423904949404200093190031933230000000000004900000000000354122898
0735340302019422134234419393241229003049091420901299049410000001111023121010100000514233759
0735340302009422134234429393241229003949091420901999049410000001007013110010000000514233927
0735991999329399234110349924992990944920493994949040092330000100008013210000000000513244763
0705943419199313442131914991304219490990134193490993340000000100107020220001100000245314653
0735909139132212999939192000109991190302990999199303309990000000101013210000000000453212227
0715399244194999913320313422911993499402221299349149999900000100012011311010100000123454755
0715399244194999919920313429911993499422221299339149999900100010010011010000000000123454327
0725399909999499994299293302042991932000993219499990420430010001011012111000000000532143225
0725399909999099994299293392042991932009999219499990020330000011009022421100000000532143648
0725939344493499991499249224391999342911923994493293199290000011003022120000000000142533492
0735944022249903902402309491293941394449049092300299910330000110012023121010100000315243662
0734944022249903992402309490293944394499049992300299900330000001008013110110001000315243613
0733993993999939299999193199999999999993939999999999999390000001004113011110110001314251116
0705219919224403039102912941440999990193999019299949340440010001012010110011100000243513881
0735999991133939994449919949999993191999119999933999319990000000000003900000000000143252073
0745031443192322142333323291904994292299094100302009493390000000000004900000000000314524393
0705194219191029009141994403942939992934293994043922193000000101011020120011100000234514484
0704999929299099009443994403942939999992999994049929293000001000108010310110101000234513586
0705922322490111902323932294390933440390049129919430943910100010012010410011000000235414071
0745993991199390009192294949104991999923249999111224431400000101007024120011000000134523737
0705993324299099412929929340021993439900039449293249399900000000110010410011000000234513825
0735940110341991212204909449203900101403042299921312233320000000000003900000000000531244973
0725990904142900039440124911012949221999994304120041912410000001010012010100100000532142988
0724990904142900019440124919092949221999994904120041912410100010012012111001100010532143001
0735909239039292399249990239391994932190192092909929309900000000111013111010000000415233051
0735999904319129929994431329121499002999439999941939441330000110002023220000000000431254258
0725299402904919324141241233303991021334234340009100194340000000000002900000000000532144882
0715992000433234413220144340213922121940112392003390430300000000000001900000000000324154287
0715943430392322329490913932201904133040911049909940120140000001010011411001000000321454464
0715921209923391209999099422293919940912934199919999924310000000000001900000000000321453549
0715924212929399149999911993931919999999299122999329929990000000014101900000000000124532302
0705929299099234499992924309909992909299909942999920999400001000109010410000000000214532896
0745102092143343109999993399449994094312003919999130241200100010010014211001000000314522980
0745994343099909439999299043999994909499043990090399929390000010011014210001000000513421878
0725110429903120129094990093992939902039240193929999991190000000000002900000000000512344520
0725331214034923329441441390040923120319210494301414031320000000000002900000000000452133561
0735094219319929902091194942433919949922233192334994922190000000000003900000000000134253885
0735443911109492204400921129313942912994914023013021432320000000000003900000000000134254437
0724923932933011202199099329911130390993921023991139090990000010011012411100100001142532347
0724999999199999992999919999929999942919999229991191229190000001010012011100010000342152084
0735309229419494030011000103314999929013492491904999403231000100011013411110000000354214748
0735414114220301439202002324141901324144024490103200211330000000000003900000000000435214414
0735992920201231440122209090443901101109413391031339424220000000108013211100000000451234397
0735911019399494292912033921044911039220421299310993094430000000110013210000000000543213135
0735911019399494291911033921044999939000421299319993094430000000105013210000000000543212710