0205999919999999999999991199999999099990991999999999999990000000000000900000000000431251836
0235999911939199919222399299299922292999919992999999999190000000000003900000000000235412483
0225933999939349999999993933399999999992999934999929999990000000000002900000000000314522281
0245901099090029994990919990990992992299999099491909999990000010008114210000000000532144000
0235999909999999099290999993990929999920239292929999299990000000000003900000000000315422743
0225943904999990290440431199044999999491099049943399999920000000103012110000000000234155000
0235999999919993999999991999919999999911319999999999999990000000000003900000000000351421890
0235999991919399999999999999999999999193999999999919999990000000000003900000000000351422000
0235299919913109949999394912499994999991212099299999149990000000000003900000000000352413299
0235999999409939999094999999999993999909999999909909999990000100009013010000100000312453000
0235900099909999940999009993909999999990999903999999999990000000000003900000000000523412361
0235999099999990999999999099999990999093999999999000993990000000000003900000000000512432000
0204911999991919999191199099999999999909999919999999999990000100004010410000100001451231958
0205911999991919999199999099999999999909999919999999999990000010004010110000000000451232000
0225999999999999999999999999992999219999999999999999919990000000000002900000000000354212000
0224919929999999999999999999949999999999999999999929999990000000105112310101100010134523000
0215999109999999999999999999999999999999999999199999099990000000000001900000000000341522000
0215999999919992999991999999999994999999999999999999999090000000000001900000000000542312505
0205999999990299999999999299099999999992999919929999999990000000000000900000000000425313000
0215993323193920099199999999999999999999999999993399999990000000102011010000000000342514000
0215990933999991909199999999999999993999929943999990999990000000105111010000100000341525000
0235999999999999999999999499399999999499999949999499939990000001003013410000000000312452000
0234999992299999999992999399999999299929999999999929999390000010010013410010100001213452000
0235999999399999909999999999939990999999909999999999999990000000000003900000000000215432000
0205999990999999939139991991929999999919999999909999999990000000000000900000000000435212422
0205999991999999999199121299909919919999999919990199919990000000000000900000000000452313000
0235999999999999999999090930999199999999093199999999999990000001009013110000000000351422495
0235999999999993999999999999999999199999999999999399999990000000000003900000000000531422000
0225999999999999933999999929999999199339299939919911399990000000000002900000000000234512883
0225943939999999943493909949090933349090921194990999932440000000000002900000000000234515000
0225999399999999999999299999399199999999999999299399999990000000000002900000000000154232019
0214999999993999999999999999999919999999999999999999999910000010007111310010000100245312000
0215999999992999999199999999999199999999999999999999999990000000000001900000000000143521508
0245920190009901942019002229214999999929919910192999299190000000000004900000000000523144000
0205999399999999999909999999999990999399999999999999999990000000000000900000000000451322000
0205939993999999993999990993999999999099939999999999999990000011004020320000000000423512000
0215994999991993999399999999399939999919993949993399399490000000000001900000000000142533000
0235999999922094099199993999994999999499993191999949999990000010010013210000000000213452819
0235999999991494999199993999999999999499993999999949999990000000000003900000000000213453000
0235999999999993999994994999949999944999999999994943949990000000000003900000000000215431909
0225999999999999999999492999999929999994999999999999999990000000000002900000000000254131512
0245999919999490999999999990929990999999999219999299994990000100010014210000000000351243323
0245939429393999993939999999999099939999292993939399929490000000111014210001000000213544000
0225909999999999999999992099999999999099999999999099299990000000000002900000000000314252000
0235949499999449994903999999949904094490919349090999909190000010010013110000100000521434000
0225999999999999999999999999990999999999909992999992999990000000000002900000000000234151338
0235999193999993999999999919999999999119999999999999991990000000000003900000000000531422000
0235999999999999999999999933919999919919991999999999199990000001007013110000000000351421860
0225999939949330499049994999944929043394093990092349999090000000014102900000000000134524000
0225999929999999299999999999999993999993999999999999999990000000000002900000000000234512000
0245999999999919999999410999919999999999999999999499099990000000000004900000000000531243000
0245999439993499999999999999999999999999999999999999999990000000000004900000000000213542000
0215999999939999439999939999199999999999993991999999999990000010007011410000000000241353000
0215999099999194999999499999999999999999999999499199999990000000000001900000000000543213000
0235999999999999999994999999999999439999999999999999993990000000014103900000000000521431333
0245919994999999991199991999999999929999999919999299199410000000000004900000000000253142598
0245992194919199999921992329499939999992929933999119299390000010010014310010000000253144000
0205999999999991199999999999999999999999099999999990999990000010007010110000000000431521332
0205999992999999929112910999199999999229911999929099991190000000102010210000000000435213000
0205914414409211121994199194999999499924299099999999949990000000000000900000000000453214000
0205999399999999939909999999999999999990999999999299999990000000000000900000000000415322502
0215999999999949999999991999999999999999919999999999999990000010004011410000000000142352000
0215993999999999999999999919999999939999999999199999999990000000113111310000000000241352000
0215999130919399990339339093999993090999999999009999999090000010001011010000000000341522881
0205999999999994999999099999999999999999499994999909999990000000000000900000000000423151497
0215994909199093094409994903499999999999999999990149009390000000000001900000000000341524000
0235909999199141909919999999409919991193949919319919914990000000000003900000000000352412730
0225999999992909999900299999999990999999999999999999999990000000000002900000000000514231776
0205999999999999939999909992929992393209999999239939999990000000000000900000000000423513000
0225919999999939444993993993999999499999299199939329399390000000105012110000000000234513256
0245999999919949999911111199499991999991999999999919999990000000000004900000000000152342000
0245999999999999949994999999299999999929299999999999999990000100001014210000000000153242000
0215999209999999909999999999999019999999999999999999199990000000000001900000000000345122564
0215999929991299999999999999999919999999999999999999999990000000000001900000000000345121504
0205999909999999919999999099999999999999999999991999999990000000000000900000000000451231501
0204999999991990999999999999999999999999999909999999999990000000104110210010000100435122000
0204999092199999099999999929999999999999999999919999999990000001008010310001000010453123000
0225400999299999939939990990009990399999999999299990999990000000000002900000000000354214000
0215999999999919999919929929299999999999999999999999999990000000000001900000000000145231511
0224999999992999999199999999299999999911999999999999999990000100010012011100010000254312000
0225999991999999999999999999992999999999999992999999999990000000103012110000000000354212000
0225999999999999992999999992999999999999999999939993999990000000000002900000000000234512000
0225933939991929199399919331199999929919999999999391999990000001007012310100000000234513000
0205990999924999929999999233499999999990999999999999999990010001008010410000000000413254000
0235092200942999999339402919999949999499990192099994999990000001011113110010000000315424740
0245999090099499929999229294999990999999990909929999999990000000102014210000000000513242826
0245999993939990990009090909999999999999409994990999999990000000000004900000000000513242759
0244990900993999999049099099999990199999993499199999999990000010011014210011000100512344000
0205994499099999994944949999999994999999999944099499999990000000000000900000000000432152000
0245912299199914991199929919999919999999994991999999999990000000000004900000000000253143000
0215999999999449949999999499999999999999999999919993999190000100004011410000000000143522498
0214999999999999939999999999999999199999999199399999999990000100010011410000100001341522000
0214991999999099399099999999909999999999999999999999999910001000112011411000100001241533000
0225919999999993999992999991949999999999499499999999992990000000000002900000000000134522460
0225994999999999999999999993999999992992999999999999999990000000000002900000000000154233000
0225999999999999999991992999999999919921999999999999999990000000000002900000000000254131748
0205919334403319419999999091949999499949939994934343919910000000103010410000000000421533197
0205921229092944999109129939444992994993939112224192993140000000000000900000000000435215000
0234999999994999399992999999999939999999492999999929994990000010011013011010010000125433000
0235929999999999399999999999999999993092999999999929999990000000000003900000000000523413000
0235999999990999999999999990399993999999999999999999999990000000000003900000000000523412000
0235999999099999900999992999209999299939990999990992299390000000000003900000000000523412776
0225999399913929919999999991399919939319299999399999999910000001003012110000000000234513000
0245999999999999999999999999999999999419999999499999999990000000000004900000000000153241503
0225999399392993993999999999929999999999399939939999999990000000000002900000000000254312000
0235001199999049490991990914494913914993991409909949490990000000000003900000000000352413359
0235919999939999299992919999999921992399299292119999999920000000000003900000000000251433000
0244929999999999992999099099029999999909994400999990909990000010009014110110001000523143000
0214949999999949001990999090990999999909499999910900949940000000111111010001100010142353000
0235099999449994999999429929349944292999499909999994229430000000103013210000000000513423441
0215999949999999999999999999941999999999999999999994199990000010007011410000000000542132000
0245999999999939999999999994999999999993999999999999994990000000000004900000000000153242000
0235999999999913199999919913999999999949949999994999999990000100009013410100000000152433000
0235999491199999999949994999999999999199999999999933999990000000000003900000000000251433000
0245999999999994999999999499919999999999999999999999999990000000000004900000000000523141506
0245999999999901099991999999999999999999999999999949949990000000103014110000000000532143000
0215993393929291999329999999999999919999999999999999999990000000000001900000000000243513000
0225949399999499999999999999924999929999399993933339999990100010011012410001000000134522699
0204909929999999999999999990999999999999999999999999999290000100005010410000100001425131501
0215999994919999999999999999999999999999919999999999999990000001010011410000000000142532000
0215299299294999929994499922129924349999919399999999299990000000000001900000000000143254000
0215999939999999993339999999999999999999199939999999919990000000000001900000000000142532000
0215999393999999999999999991199999999999939999999999999990000000000001900000000000341522000
0215999399944999999993939939994999399939991199999993939990000000000001900000000000341523000
0215999999199999993339399399999999333999999999313999999990000000000001900000000000341522000
0215999999999999991999399999999999999993991999993999999990000000000001900000000000342512000
0245999990933399149909939099999999039999919999999949399990000000000004900000000000521344000
0235990399099903999099999999999990999909199919999099999990000000000003900000000000531423000
0215999999999999999999999999999999999999939919999999199990000000000001900000000000241531512
0215991999999999999999999994949999994999991999999499949990000000014101900000000000345122000
0225999939990932099993999939999939999999999993999909290990000000000002900000000000314522786
0205992111092901999999999999999991992991999999199999999990000100007010210000000000452132617
0205911919999919299999999991199991999999999029192109919990000000000000900000000000453213000
0235900444944499999999499949039999943999999994099940999990000000000003900000000000321453000
0215999399999929991999999999999993993999999999993993921990000000000001900000000000341523000
0225929999990993239999999993999999999999999999999199939991000100009012110000000000354212509
0225999990999119429999991129491999999991199999999999999990000000109012010100000000234514000
0245992949999299994929999999999999999999299999999299999990000000000004900000000000135241655
0245999499109119999999999999999999990999909294990999999990000000000004900000000000523142540
0215999099191990999999909999999999999909999999999999999990000100004011010000000000543122000
0215393909244244999100999999999992299909999990029102299220000100005111010000000000543214360
0245993999999399999999999999999999999949999993999999949990000000000004900000000000231542000
0205349933929931114493392394092999399491329299943432494900000010012010210001100000421355000
0235149929919949999942919999919992113994999949991499943990000000104013210000000000132454000
0245999992999919999939992939939999999943919493999923329990000000101014310000000000125344000
0215929999299999992299991999999999199999999999999999999990000000000001900000000000145322000
0215909144292922990994299999999999449199429999999999999490000000014101900000000000245133340
0245999099999999999999999949999999999999999999999999949990000000000004900000000000523142000
0245999999999999999999999999999999099999499994999999999990000100005014010000000000531242000
0245999090999113919919999903292999999991199199991419909940000000109014310000000000531245000
0215999999999999999939999999199222399999999999999399199990000000110011310000000000245313000
0235999999999999999999999399999499949999993999994999994990000000000003900000000000123452000
0235999999999999999999999999999999943999999939949994499990000000000003900000000000231452000
0235949999999939499999949439999999999999949999999499999990000000000003900000000000231451751
0235499941199909939404419990999909409019993999909999999990000000000003900000000000321453858
0205999999999999999199909991999999909999999999999999999990000000000000900000000000453212000
0205921999909199999999999999999999999999999991991111990990000000000000900000000000453123000
0235993994999999999999999949299999999999999999999949349420000000000003900000000000123452107
0235911199999999999111939991999999999999199391999199909990000000000003900000000000352413000
0225929991199949999999999919999999999999999999999999494290000000000002900000000000234153000
0224111119992999999199941999429999919999994999941999194990000100010012011100010000154233000
0204991999999999199919999299099999999999999990999991999990000100007010410000100001453122305
0245999999999090994199949909999999999990909909991991999990000000000004900000000000531243000
0245999919919991299991999949199999999999999999999919999940000000105014210100000000253143000
0245909999099999999999999999999999999499999999499999999990000000000004900000000000532142000
0225999919299999919999999999999999999999999999999929999990000010005012110000000000154232000
0225991999999919999999199992999999999999999919999991999290000010007012110000000000154322000
0225929999933999949199991999499999999999994499929999999141000100014012310100100000514232284
0215090224321999910292343009999990493309909929299940929000000100012011411010000000245315000
0245909990999430929900999929992999909999299399999999992940000001012014310000000000512344000
0225994144399911199999419999399999999393919399999299992930000010009012410100000000154323216
0234999999991999999999999199999999999499439999319999999990000010005013210010000100153423000
0245929999499199999999994999929999929999999992999999999990000000000004900000000000215343000
0235949994999929099990993999999999999994909349999949999990000000000003900000000000213454000
0245999919992222399929991221439999929499999999929999999990000100007014310000000000135243334
0245999999999999992999999999929992949999499999999999999990000001009014210000000000125342000
0204999999999399993999999993999999990999999999999999099990000000101010410000100001421532000
0205990999999909999999999999999993999999999999999999999990000000000000900000000000421532000
0204999029999999999999999999999999999991999909999292229990000100010110410000100001421533000
0235949499994990994994999099993999999999999909999499999390000000000003900000000000123453000
0215909999999999990299199999999999902999999992299999929120001000111011010010000000345213000
0215999949999994299999999949494991999999494499949199442990000000014101900000000000541233000
0245909999099929999999999999999999222242992499999999999990000000000004900000000000253143000
0225919999999999999999999999999999992929999999999999999990000000000002900000000000254132000
0225999999990999099990929929999991099199919099919999999990000001002012110000000000354123000
0245999099999949999999990999999999999999099499999999999990000000000004900000000000512342000
0235999999949999999999499999999939999999999999999999399990000000000003900000000000213452000
0235993999999999999999999999994999999999999999999999399990000000107013410000000000312452000
0235994120149991199999999949999919492291110099993913499100000010007013210000000000123453125
0224999290999999999999099999029999999999999999999999999990000010009012411000100001514322000
0225999999929994099999999999999999999999999299994999999990000001008012010000000000514233000
0205909999999999999999999999099999999999999999999399399990000000000000900000000000453212000
0205909999999999999999999999999999999199999990999999999990000000000000900000000000432511511
0215991999999933999999939939999399999199999999999999999990000000000001900000000000241531534
0235999999999999999999499914349990919193499099999999949910000000107013010100000000531422975
0245999999999499999999999999099999099049999999999999999990000000000004900000000000352141743
0245999219999999999999942919999999999994999999999999129990000000014104900000000000123543000
0214909999922490944292002290991999090199992929929999999990000100012011311011100010345124000
0215999999939939999999999999999999999999919999999991999990000000000001900000000000143252000
0215919999999999299999999199999999999999999999999999999990000000000001900000000000142531497
0225999993339399999999299999992939999399993999999933399990000000000002900000000000314522000
0225999999999999999999399299999999999923999999999999999990000000000002900000000000234512000
0235992299929929999119239112992391992919999929999992919990000000000003900000000000135423000
0235944349000091029494994019911044999901900294939199999990000000000003900000000000321453964
0234999999199999999999999999399999999999931999999999999990000110002023021100010000531422000
0235949490999499129990911993994999910910994999091931924440000000000003900000000000352413919
0245999999999999994949199999299999999919991999991999199990000000000004900000000000253141945
0245993909999994999999999302239900990932939290409999999990000000000004900000000000523143392
0244949999399999999939999999999999999999999999999999994990001000105014011001010000312542000
0215939999199399990999399193939999399999999909999999999930000000000001900000000000542313000
0225999929499999999999949949999999999999449299999999999990000000000002900000000000514232000
0225999994999499999999999202999949999990999994999999999990000010007012010000000000324153000
0225999992949919999999941999999999999999999999999239999930000000014102900000000000124534000
0215999949994999994999999919999999999999999499999941999990000000000001900000000000142351934
0215999991499999499999999999499919999999999999999999999990000000000001900000000000241351252
0224909999099339399999999939999099009999909099999999299290000000111012110100001000314523000
0205999999999999999919999999990999999999940199999991994990000000000000900000000000452133000
0215999999999329999999399939999999999999991999991999999990000001004011310000000000142533000
0245929499999999949929999999999999999999999992999299999990000000000004900000000000235142000
0245919922191249999932929392999999999919999994129922999990000000000004900000000000135244000
0205999994999403019999999919999999999914199999994239991990000000109010310000100000432154619
0205999119999199999991901999999991099999999999999999999990000000000000900000000000452132000
0205991911999994991999911099099999911149999999199999999990000000000000900000000000451233000