1045929943902939029243404091493909422034019290009024439410000010001014310000000000333332581
1015330411044023224012340431312924911121030290493322142330000001104021020000000000531242790
1045494130099343991191430941933919049904911930433040409090000000000004900000000000452133319
1015130112020444249292001231131929240443331401203104332330110011003021020000000000435123147
1015193112020444249292001231131929240443331491203104332330000100101021020000000000435123258
1005014143234300421103421043022013223413203403314402121420000000000000000000000000351244142
1035212420323404431110310004144332010324442010110432223130000000000003100000000000542313461
1015412244043303240223303140314102014034144321001122021330000000000001100000000000534123378
1015019109310321343993119993134990944041990419391299224200000010009011010000000000134521713
1014919149314391993993119999199992944441993919391299223230000100010011011000010000134521664
1015919149313991993993119999199992944231993919391299929230000100109021420000000000134521696
1015422021400133942292340101949931993210910313431249124340000001005011010000000000235412566
1015992491443193999292294191999931993219919913491439129940000000000001900000000000235412957
1005124000311323002302104413344034422231210122043123113440000000000000100000000000314523686
1025291121239900291339342193193941432102320094924020104000000100013012111001000000123543786
1025140220194211004323141091203994303413323942023414204120000010009012110000000000123452564
1024941221994211194323141499299994343413323942123919234920000010010012011100010000123452533
1045944001012921419199000901241949040941242309999949949320000001007014310000000000521432080
1044944001010999419199009992141949040941942909999949949220000001010014310001000010521432008
1044944009000999499199909999149949040941949909999949949190000010010014210010000100521431812
1045944099001999499099909999949949040941949999999949949190000100004014110000000000521431697
1005420303033211012344302014240914123142310103432232012410000001001010410000000000315423586
1035342332122441049303324402141920004300313092240432014110000011101033120010000000425311998
1015422020204431110242200330413912192310304404021333411430010001005011411000000000534123585
1045903943210909029043424190412929432034111290302324409400000010001014310000000000333332809
1015911103201103342322111023430990123000443122032044243340000001001031431000000000435122453
1015044430220013014240132132244110123331223034142440010330000000000001100000000000234152456
1015204209113332120031004412242903390314222191142341403040000101005021421000000000531242592
1004999990904011919029999291919949992249090190409994901900000001105020320001100010315241868
1005999990909041919029999494919949992999090190409999902900000000108010210000100000315241527
1005209102140394409909499099399990229904091399229912421030000001011010410000000000325141947
1005304333320402214411134432202949090110232201130142341400010001005010410000000000341252745
1005909390013021129040994214233913493103233091019102131420000100002010410000000000312451500
1015144322221123103330022013442930442114034190313034214240000101001021020000000000431524417
1035990099112314110932999343991903091231134039993292349940000001005013210000000000512342242
1005221314310244440010411311443900213200432313493209292100001000110010210101100000352411862
1005221999110242440090491911943900211200432311999909299100000010008010410000000000352411619
1005221999110242440090491911993900211200232311999909999900000000109010410000000000352411623
1005921999110223930090291911999900211200992911999909999900000000000000900000000000352412055
1045494321423324201114100433040914013220433311012024321000000101001024220001000000154233249
1034090310431941394019993049439940043939419190304439993940000010110023220010000100521343075
1035090310431941394019993049439940043939419190304439993940000000000003900000000000521343457
1005433331213310009432434229402901022101944433130442100240000101010020220001100000351423372
1005333331913310009339124229402901092101944499930242100240000000101030430000000000351422784
1005333391913310009339124229402901092101944499930232100240000100004010410000000000351423169
1005400341023241129103403440212912410104342292204433012130000011101030320000100000341522097
1005400343099341129103409940212912490904342292304499013130010001007010410001000000341521720
1005024122133040332400400214243923330113444049921013112990001000113010410000000000345123962
1005023122133040332400100214243923390113444049929013112990000001105020420000000000345124162
1015929300313113913922299913119991199009999390999929991990000000000001900000000000534213602
1035094033034919002492941132921909294343300022231441923130110011005023220000000000125342792
1035099033034919002992941132921999994343300004431441923130000001004013210000000000125342839
1005099042234410111400213334201991331232301140044424123021010101002020320000100000312452524
1005099049234920111400923334201994332239301140049424423020000110105030120011100000312452334
1005099049294920311400929334201994332239303140049424423020000110007020120011100000312452237
1004099049294920323400929334209994332299903940049424433090010001010010210101101000312452413
1015933001140404323330044121130922112241042410323024132320000101001021421000000000531423286
1045344324302301140042331021143424321412323102000220411130000000000004000000000000415232617
1025911199392343224439229429149132993333431912449421429990000000000002900000000000143523159
1045130204044022139033224411111932344332330402040114102310000011001024220001000000514233685
1025439402322121440903013431102430143422003232034442010110000110002022120000000000423513619
1025202199392203049003321319092922999314332100319944214440100010012012111001000000413523127
1015210119422300239422944411303940432113030104431323130220000110005021020000000000432152417
1015910119299300239494949911303940432113030104931429130220000010108021421000000000432152040
1045924999141230201239432140200331993114330113131442424420000101005024220101000000142533449
1025294990933034212499990092433922993349011291999201999220001000111012110001100000213453022
1035992201331343209909909213104990414334402099390340411300000010002013210000000000142353552
1035913433393919999444913991999931149949944931311939494990000000000003900000000000152341926
1025440393423411123929422324442132000234141019300331104020000110004022120000000000423513836
1005290322193043319904299341103994020913034094323904110310000010001010410000000000315242856
1045300111423013121001442203333904214401330299409944912420001000109014210101000000452132818
1045029499401419340942922114332944990949931299999992999940000000000004900000000000452133249
1025012032324414141103344232040999041014022241012331020410000001001032331100100000243513385
1025012032324414141190344232040999901914022241012331020410010001007012010100000000243513214
1025012992924414149191330202040999939914922209992931020410000010001012110000000000243512978
1045932413032010104222240944303922104243313033134429241110000010108024120011000000215432722
1045932433032010104922240944303992204243313039234429241110000011102034120011000000215432417
1045932433292030094922940944399992294343903939234499243990000100107024220001000000215432239
1045993439299030994922943944399992294343903939294499243990000100008014210001000000215432095
1035949309132312111094000434401991904443321234212933214230000101004023220100000000521343168
1035319034242121424093444292202930200130314200413110133340100010009013411110000000451323134
1035439019399022194944439330132994000934121233403404410290000011002023220000000000521342414
1005241440321320329992002032340921113142144011940400312240000000103010410000000000351423677
1005109330310401129923203114411930422402334241322412000120000110002020420000000000312542778
1015342241403331312020104112330120030133140024244440232410000000000001400000000000235144061
1025311220020321244031332434344441900241032310901023421340000010004012110000000000453123319
1015344442321021134100444031233921003043141292100324323210000001101021020000000000532143732
1005011240333223014143032432400030440113212441422130321420000000000000400000000000321544568
1035212223243132139132114340340930499310000032114404102440000010001013210000000000154322554
1025340020143014422009400333211911241132444320302424331320000010004012110000000000543122611
1045944219919949994192199249999999219992144449114999199990000000108014110010000000245132298
1045323300044303342420310141430420201142114312221202014130000000000004100000000000145233863
1025409999243141041909932230024409120900243329992322013390000010005012110000000000543121875
1025340022404334423921101210044992432013414392431012012330000011002022120000000000453212677
1005000220122114443942332214440192334304230131002113401210000011002020320000100000314522387
1045149401134230431914020112413941002322301290200434342310000110002024320000000000514232069
1045149400994930439914939322413941000999321291999434349210000000111014310010000000514231595
1015134122023203204440402003433144122133001131124203413040000000000001300000000000234152689
1035314331430134221223130212020949944200431014243123010400010001004013210000000000152342387
1035314331430134229223434291020999944200931011293123010400000010009013210000000000152342474
1035314331430139229223434299110999944209931011293123999490000100011013210100000000152342451
1034314331431139929223434299199999944229939911293123999190000010013013011110010000152342624
1035414131144330403322102314410322310232020112142440302000000000000003100000000000145322831
1005990313319929909931029210021939012919920909993390339090000000000000900000000000324512361
1045999909499193394301903099994900490490141349110994499340010001008014311100000000451232462
1015300192409232412329141140444913122914204300001933103240000100008011010000000000435212194
1015390192409432912329141190444913122914244990001933103240000100101021020000000000435212215
1025133314142344009943032142302922340431022419341101042200000010102022120000000000253413322
1025139314142344009943992142302922940411022419331909042200000000108012110000000000253413340
1025139314142394009943992912402922940411022419931909042200000010008012411100000000253413279
1025999311142394009933992912402922910419022499931909012200000001009012411100000000253412768
1025400212400114441134321032342231031333422201044120001340000000000002300000000000453213937
1025213413344204439392204112440919201203102010230331241330110011003022020100000000453123224
1025229901022113032210004221302904113244333301410341444431000100003012010100000000453122244
1045029410043121122942390392131243429903433244201344310300000010009014210001000000215431528
1045929400043293992942390399993949429903433244200344322990000001003014310000000000215431611
1025011132203112443032340214300912300042402424331043421140000001001012110000000000243512972
1045042300234240002341122113221920431313400193412134210440000001101024320000000000214533289
1005932339099130039192031003244911223944930129290192002440000001010010410000000000345213640
1005932229099130039199031003924911923944990129290192009240000001111020420000000000345213254
1005932229099130039199031003924911923994990129290192009240000001008010410000000000345213148
1045999909190491949119991491499999490490401410999049990490010001003014010100000000452132755
1025103943041322233229394929111492440041320309000992334290000010004012110000000000413253395
1005212331300334201240103402214914431344232192200321100430000001101020420000000000341253598
1035143210329123104304004313104924134244020124022291313030000100008013210000000000124353278
1035943209329123109309904313104924934244020144099094313930000010001013210000000000124353085
1045911002494490499419094119019940499029940991900292214210000001005014210000000000245132635
1015240013322043423413413313421991091142030410142203224040010001005011010000100000431522446
1025003013304111443134310320240211320440424103234222014210000000000002300000000000243513582
1045494111341312302231232030020909143443030243941022401040000001103024220001000000154232224
1045390023942444449932901901439994022200240999001999411190000010008014310000000000245133755
1045991941022494909021949909914299042040144491919292999190000010008014010110000000245133445
1005242341042342301433010411442041203021321100433312324200000000000000200000000000321543311
1044949133330419341999999091949999399949949994434311939940000100112024220011000100421531853
1045949133330419349999999091949999399949949994414311939940000010001014310000000000421532211
1005303294422240324412010114103424901130002214024312343130000101004020320000100000351243111
1035144440023232119202313432103930399021201394143440110100000010101023220000000000215343048
1035943042204993104994433142114299943303231099923914130100000100103023220000000000125343214
1005092423033012239341211020911923422401201291330401313030000010011110410000000000314252953
1015341402241201323414442300423903132443131021204010323120000001001011010000000000531243132
1045949499999992224999909499999099999099249949944990494920000000000004900000000000451231614
1035192234133044242344103342340922123211400091111313400240000101101033020110000000254312916
1034993290193913901309122190919993323203900999300902999930000010009013010110100001254311790
1035993290193913901399022190919993303203900999399902999930001000105013210000000000254311443
1015394142229412143121323404201912333041301392494010939090000100101021020000000000235413576
1035933224990411113244491393004929393123993999904004234100000100007013210000000000215342024
1035933224999911913244499393014929393193993999904024434100000001008013110010000000215341944
1035933294999941943249499393419929393293993999904024934100000110004023120010000000215341615
1034933294999941943249499393499929393293993999944124939910000000111013011110010000215341748
1035933294999941943249499393499929393993993999944224939910000001007013110010000000215341742
1015322403140003134023214403401921104102434032312214241330000001001011010000000000235143953
1005902200022440330320919143410999901244343392921390921310100010007010310000100000325141873
1025330004430011341422402432434221011013333302100124224410000000000002000000000000453122455
1025932239212401403023314322024913194324111100103423404011010101005022020100000000243512873
1025094929920013439909992210133944199000244322393234234240000001004012110000000000153241635
1045394239420113449429222909413939903439020049409990131490100010008014210001000000245131907
1045394939499323449429292909493939909409021049429990231491000100008014310010000000245131978
1045394939499399449429292909493939909499221049429999291490000100110024320110000000245131763
1044994939499999449429299929499939939499291349429999292490000001011014311010010000245131871
1015129041203031101314010024144939320232992232439404321410010001011011010000000000134523538
1015129041203031121314210024144939390232999932439404321410000001005011010000000000134523616
1015129031203391121914210429144999390234999932339409321910000110010021020000000000134523300
1015129031209391121914210429144999394234999932339939321910000100008011010000000000134523389
1025293949913449409114213020921932999232313013214341329210000000000002900000000000123543696
1015139342100130239314344401422991331204022214312002331420000101002021020000000000231543225
1015213340323442013130024334120131240144412203132210044020000000000001400000000000231542808
1025943422209212010033004321111994234329203440302049333140000100108022120000000000513423404
1035312304144003023142422030403911941209323034442120131210010001009013210000000000142353400
1035434299192143042419949241330139991343400421999123313040000110007023120010000000245312456
1034434299199143992419949229334139991393414921999123313940000010010013011110010000245312331
1025310210244143121094422234434902949332030301011240320330000010003012110000000000543123647
1025122010042133144200204433213942032312301404044231334010000001001012110000000000523142600
1025499999024932134049203441324933392399424132294930112290000101005022120000000000513422659
1025499999429992994049209944329933392399924332294994432290000000000002900000000000513422852
1025212414104103104333143142320222032101204044304123300340000000000002100000000000243154094
1015042343132334100112344032110102242034300024441013132240000000000001200000000000235143340
1035999392913499293990933192429949991949443233999919939390000000000003900000000000251341943
1015301943242030422932244100433999223013101210101134032130000100003011010000000000532142377
1015011141912022343331319344204990139293902992990224010010000001010011010000000000135421884
1014011131912922903331319990229990139293909992990220919310000001012011010000100001135421846
1015011131912922909331319990229990139293909992990220919910000010001011311000000000135422071
1025223233323411441121231322404999104040240431312131400400000001001032030100000000243512370
1025223233323411441121299322404999149349240431312131400400000001009012110000000000243512353
1015192223401294412139913909009211243042104193934309134440100010013011010001100000134523197
1045929414990440949929999940409990991999999999440210049090000101008024120010000000425132318
1045402243240131342330333014131902390442214929040022104110010001013014310010000000524133778
1045010011230403424094301241221934421244430293910313102100000010103024320000000000142532919
1005013003924014329993040144444919313142200419033031131220000010001030230001100000352412921
1005400333224312344434312110224001221002002421131344143300000000000000100000000000341523523
1035343044990340222343403001324911390391432211199410429020000000111013211000000000541322590
1035343044990340422343403001324911390391934211199910499020000001110023220000000000541322567
1035343044990340494343403001399911390391939011199910499940000000000003900000000000541323044
1035411032301412234232312111020301440403403112224234040030000000000003000000000000145323496
1035012342124044102132043030004311043342421322131223011040000000000003100000000000145322878
1035443423190041019924400432440932132410023092321303322100000100007013210000000000145322366
1015123021244430232144339241010931002244001092141392133330000010107021020000000000234152574
1015123021249430232144939441910931922944001092101399139030000001007011010000000000234152584
1015123021949430932144929941910931929949001092101299149090100010009011411000000000234152852
1005023120023342109209140104431994910224103149302331343230000011004020420001000000315243325
1035329241200433414901240113033923140391123490422049440130000001108023220000000000425314538
1005413201291102044932031013441323303910142109224300332410000101007020420001000000314522744
1025440011013043113202004143111222321214442433020043033420000000000002300000000000523412644
1025149030241241010332322421441904320212444099310323330140000100102022120000000000423513321
1045411320300023042341340124320912943923024901311421044300000000000004900000000000452134761
1005930219091932300291912990033939029192033391901992992100000000014100900000000000354123307
1005994390330420029994031342344939910140111439000432412420000101004020320000100000351422838
1025944929993943924339322493999939299292392992923949999990000101103032420000000000123452617
1035011231121403401044113322130322210440243312440023423000000000000003000000000000145323982
1005404413304012029403203441331991002213231494439401113020000000105010310000100000321452059
1005219111914403040012909340434129319103203229024119203420100010008010310100100000352412691
1005919119914403040012909330434129919109203229014119203420000001009010410000000000352412572
1005919199914403040091909130999129919109403229019119203340000000105010410000000000352412571
1005293399023434240031920100042994194043304291422112212400000100004010410000000000351423059
1005949930019214441339011920902943403900114031391091324221000100003010410000000000341523750
1005109043410922439901093392024991399400212249111912300440000000000000900000000000342513037
1005319033019243221910132002444900023120424491431339141200000100108020420000000000351422345
1005199013019243129910932002944900013120444491431939149200000110001020320000100000351422641
1025913304299991992490042992299129034029224492910919910990000100112122020100000000423152836
1035403030322234440324014040434911003102111103221123412430000001001013210000000000425313527
1025233324019122342011401240022309223104441300191310343440000100008012110000000000543212771
1025233324019122342011401240022309223901941300199110344440000001007012411100000000543213012
1025133410214010113313404303412204242322020400314402124310000000000002900000000000523414280
1025933342329920209434993223939909949290993290309920999920010001004012311000100000513423454
1015491309943023141410244100334922322321344191242130201030000100101021020000000000534123122
1045433221340904224403204300410913221449301293401111303020000101009024220001000000152432104
1045493221140994914403204300410913219449309293409111393020000100001014310000000000152432635
1025420323110114241493141100430924232303104022039499312200001000108012411100000000153421863
1025222134320140209443124134330902030443110322444200130130000011001022120000000000243152663
1025439231232133440944310121244333204100114202014002203400000110002022120000000000253412942
1025499293292133440944310021244933234300114202394092203400000101001022120000000000253412492
1035090329121193319242912419403934444310123323999912021230000110105033020110000000214353162
1035090329121193319242919419403934449312223323999912491230000000110013110010000000214353201
1034900423203232994402409300993920224092999903443399399390000000110013110110001000412353558
1035900023293239994002299300993920299992999903023399399390000100007013411010000000412353670
1005234332320042144223311242111032301321402134400430140100000000000000400000000000312543636
1015113033021211240143404422124100340421332330300232144420000000000001900000000000531423965
1015992314113239999294939999991992213999121919921129994940100010009011410001000000135242235
1035203314432010024123410141023340122324120041342203113400000000000003400000000000152342432
1015009043419912999911342944911312332999392391041143922420000100009011010000000000132452053
1015009943419912999911932949911312432999992991441143922920000001010011010000000000132451747
1014249943919919999911932949911314492999992991941143922990000100011011011000010000132451788
1015249943919919999911922949911314492999999991941149922990000000108011310000100000132452069
1024999911939939292299299932199919933399119922113992229990000100009012110000100001143521610
1025999911939999292299299932199999933399119922911992229990000000103012110000000000143521630
1045444323430404113022211210023939240014304013413320212110010001003014310000000000214532591
1025992102320939929920009292923992390099390399019299939990000100101022020100000000453212471
1015493132334024240413340341111934021034021230112034422220000011001021020000000000431523830
1025911210990313999292022032299900102932139999912393031990000100002012110000000000543212415
1025429310393120991990314323202499041992033933922292101190000100012012010100000000253413234
1025432003034122221120043314004201104412134412332311003440000000000002100000000000253413172
1045904124422004914910229119999941140100449220921999240090000000000004900000000000245133193
1045940411440299929110940192920949003490949991011309940140000001010014310000000000452132479
1025229030922323233320133104411944009400231290244444131430000100002012110000000000523143289
1035904901222112332291249333401003014994041003213442233410000101008023120010000000425313068
1035904901422112339091299333401003014994041093293442233410000010101023220000000000425312736
1035904909122149339991999333401003099994092093093442233410000010002013210000000000425312851
1015024024143011103021421014103902423122223044434433313300000001001011010000000000234154419
1015314040012012032421333042300132301214230240414244313410000000000001200000000000234153868
1015214010233232439011090132221900429043442494119912312330000000101011010000000000531241876
1035344213132401143131210130400134344010012099902442234030000000101033230000000000245312183
1035341124042132431991121040444940323213033222340010314000100010003013210000000000254314172
1035341924042132431991121900494941323213033222340090314400000010007013110010000000254314155
1035043413121300314942010024100134243244124313322122100030000010002013210000000000124353187
1045249400034423319424331219102903919402931249990431042210001000104014310000000000512431478
1025149999324000224241101130200940194093139224241224311000000000000002900000000000123543028
1025142434004144220144042000331921320332012302323411401330000001001012110000000000423153176
1015204032340110010423031242312104433042224141013344123320000000000001000000000000431253523
1035344123431134042234439110244912320931000093232400110400000011007023220000000000254312292
1035349123431134042434439110244912320931000093232400110400000100002013210000000000254312387
1005402241321211213003430233001044132122133243014400342410000000000000100000000000312452742
1005212102043111222034414342232012334014300334344014312000000000000000300000000000321453900
1015940221219213930124249904930942120119399194104091433400010001011011010000100000235142388
1014940221919214990124949909900942199119299194129991424490000010010011311001100010235142209
1005911911420334441249034334200919221201932102944220000930000001103020320000100000354123714
1045419904301492210430294331042993104329901249120024943320000101010024320000000000541232596
1045419904301492910430294330942992104329990249190024942920000000104014310000000000541233204
1035144442012210113412443403001931200323022033241041031230000001001013210000000000124352397
1025329139394421399141244340003911222240023239949423310390000100007012110000000000253142614
1035093203094432119191202949933990903231413194091030411230100010011013211100100000214353295
1035903331341914349994429140200113113140104044233999931040000100009013210000000000452312290
1034903331341911349994409140009113113140904944133999939040000001010013210010000100452312293
1035903339399909319999119911009113193199909944133999939991000100008013010100000000452312721
1034903339399909399999119991009113193199909911133999939990000010009013411100100001452311905
1025431314013202240140434434133201013103421410310022022240000000000002000000000000253414500
1025900110113012492121139129242999903990342013212303030230100010010012010100000000253412603
1024900110113912092121139129292999903990302013212303930230000100109022421100100001253412487
1025990111933912092021999129292999993990302093212303930230000100101022120000000000253412877
1025329320132202002114333041442339320134444119911040242041001100103022120000000000243512668
1025329320132202002914333041442339320134444119911040242040000010002012110000000000243512898
1015449441103403014224103040103911203422231213293322041300000000104011010000000000234152608
1025331120202231104444242443400913100310232094340433223100000001101022120000000000243153406
1024929414999442999294499999999929291229499299921999499290000001009012011100010000153241536
1045993292324421019909234049194922924220949009020434004930000110010024120011000000215433454
1045043104224201211399422013030319043421404102393342114100000010104024320000000000214532978
1025322304433230024432120040130941013414112293144320420030000001101022120000000000253142830
1025322344440231024932123940930941413994112293199924429030000001007012110000000000253142753
1025931114110334224232144022002949192413001443339024423330010001003012110000000000253143474
1045293042210403312300419393942931942009344490209314911340100010011014010111000000521433666
1045221912341303002942441433043944199220300091194293041300000000107014310000000000245132312
1045229912340303001942441433043944199299900091194293941300000010009014310000000000245132418
1045999992149939299942449439249944999299991999194993949990000000102014310000000000245131452
1025393939922040213133494304102991229134210291944994213020000000107012010100000000143523508
1045043303221003041194192223320944439044210090111214101420000010003014310000000000142532426
1045944193149114429499430923314929410933319990391094133210100010004014310000000000412531660
1044910949099214099149199994094149091924119999994129924940100010012014010111000010245132048
1035102443149300033324149014331919999991442429293993140300000101008023220000000000421352345
1035122443149300433394949019331919999999441929293993910390100010010013210000000000421352290
1035292443149300433394949019339929999999441999293993910390000100101023120010000000421352453
1025293194413033332199103042130932924432041392291114040220100010004012110000000000243151683
1005243413133432113420042042022004103241021143034314202310000000000000100000000000321452307
1035343101110410333321442402204944213140011093931040220230000101101033220000000000154324100
1025444413123343123404012400413920223124100390002240332310000001101022120000000000423152946
1025399923931043322001242312413903049442321309902043244100000100102022120000000000523142879
1025393302211042329332400133024944044211401394039220024040000000105112110000000000253412428
1025399902204042929932400339923999904234439999939220023390100010010112010000000000253412014
1025399902209992929932499009923999904294439999939220024990000010007112010000000000253411619
1015941994193329919291941992391311999993234932122999991290000010009011410000000000132452197
1015991992194329919991991992391911999993234999122999991990000010102021420000000000132451710
1005300104412424231240430221042991131034220342211133433000010001002010410000000000351242863
1005909199114039030921214232443990214212330290100212134401000100011010310110100000352141487
1035939344903993999994490949919431130043999399110043034190000000000003900000000000541322653
1045949214900101432944324242313999999033441399934903111220000100002014310000000000514231650
1035220134499134149191132422490929499944339300313232432101000100008013110010000000154323217
1035220134499934199191132422494929499994339300313232132140000001008013010110000000154323567
1035213310121403020132314112932900424304293091243110443220000011011023020110000000152342649
1035213390119403029132314112932900424304293091243110443221000100008013210000000000152342458
1035913390119493929139314119932900949304993091493110403420000011010023220000000000152342467
1034913390119493909139314119934900949304993991493110903490000000109013210010000100152342324
1035913391199493909139314119934900949304993991493911993490000100007013010100000000152342312
1034913391199493949139314119939919949344993991493919993990000000108013011100010000152341986
1045099331104394039014140202133904400341124411999313010241000100010014310000000000145233316
1045099931194094039094140001033904400941224413999399999940000101007024220001000000145233314
1045994343199114114139001134242923034203301394312049024210000100007014310000000000512432150
1045994349099114114339002934242923934909309994399949934230000000109014210001000000512431731
1045994349099214194339009934942923934909399994399949934230000001011014210001000000512431687
1045994949099004394939099934949993934999399994399949934990000011002024320000000000512431516
1045994949099394394939999934949993994999399994399949994990000010005014310000000000512431479
1005303033311244110202224410411420334141423390201023232100000001001010410000000000315242094
1005112002091003331144140449332919929494234090419420223030000010010010310000100000324152666
1005192009093003439124290949392949999494939090229920293030000001012010310010100000324152135
1005992009099009439224290949999949999491999090229920299091000100008110410000000000324151653
1005132002404332412231404411333904311221033192203101224000000011001020420000000000315243210
1005300212432443342240411021431040043131012123231302210340000000000000400000000000315242290
1025039121243230303212143421230122319144400049121994343030000000107012010100000000253141966
1025039121249230303212143429230122319144430049121994993930000010010012110000000000253141878
1025039121249234303212143429290122319149433049121994993930000001009012010100000000253141898
1025349129299243999212119429299122119149999999129994993990000110007022320100100000253141735
1025999929299244999212119929299922119199999999929991994990000010103022120000000000253141505
1035442323210121402320314313304342110021101020242343004410000000000003100000000000145322754
1035929339199942999399913944924923299492232943299934413390001000105013210000000000154321805
1015394404024211313344030203233944124221102093402311311240000011101031020000000000432153526
1015394409224211313344430203233944124221102093409311311240000100105021020000000000432153377
1015349990309933303211041232110992243132010031202091212340010001002011010000000000234152225
1005412243110431033043030214032042041324341222022403311110000000000000000000000000314252424
1015942201130421339443140913233949994190029914221401123300000001005011010000000000134252698
1045423022339044449123414014021919401193330322924120133030000101008024220001000000415233750
1045430210304411332921220403141922341221301300944400342130000000103014310000000000415233655
1045140230121242342004024243310420334121014300321323131410000000000004000000000000415234157
1025143104313030021312002344112932941204419244010403322210010001012012010100100000123453982
1005492102913041009093123121104929239012103424013902331220000011003020420000000000314522916
1025340342011303429012402321424923113423401040324120340030000011001022120000000000453122788
1015949999192992113941332941130219934139030990994092120011000100010011010000100000132453404
1005991319124904333091994390239909929329209099099990012040000101009020420000000000354123007
1035432040144202432390403213204999203340112239041319991390000011003023220000000000514323346
1025900294432190332002320912112420942931149304244301094310000000000002900000000000513242664
1035091313304222404314020032203911314943400031142091244320000001107023220000000000152341889
1035991313304920404394020232403911314943490031141091249320000010003013210000000000152342058
1035011134304024013131034041304420092012133331229442142040000011005023220000000000245313244
1035911134309024013131034041304940092991133331229444142040000001001013210000000000245313756
1005993030221240199311200924241999920393324303211290014020000000107010410000000000351422362
1045011113104232242949123431040293933212423029999499494420001000110014110011000000241533279
1025041321110302402122202230034943334423430431119420411040000000105012110000000000253412211
1025341321110302442122212231034943934420430431199429490990000001104022020100000000253412183
1025341129114302942122212231434943994920439431199429490990000001007012010100000000253411879
1024341129114312942122212299439943999924939431199429494990000010010012011100010000253411917
1024999929199112992922212299999991999929999919199129199990000010009012410100100001253411278
1025999929199112992922212299999991999929999999199129199990000000101012110000000000253411148
1015914324412310104410212929333999403411234301941243304030000000103011010000000000235142345
1005939342311910003299331192091912039109420402230904221130000101009020420000000000325412900
1005939342911910003299331192091912039109290402230903221130000001011010410000000000325412747
1004939322911910003299331192091912039109290302230903291190000000110010410000100001325412864
1005939399931910003299931192099923039109290302290903291190000110005020220001000000325412324
1025992930113324419902013020242191119323300299909911244240000000105012110000000000423513401
1005002111234040301931104144402290434012312219243433042220000111002030320000100000341523588
1035193099999999991339911030999900909930909991339939399930000000000003900000000000521342060
1025110002121314210034043432442202010441242230101344333130000000000002300000000000523413933
1045043341404030121329220002104933242344310194491121201100000010104024320000000000142531662
1044943341494199991329229122194933242344311994491121239190000000111014011111010000142531706
1045949343494199993329239122194993242944311994491191239190000001107024220001000000142531646
1045949343494199993399939122394999249944931994493991299190000010005014210001000000142531481
1045494442242230239111411423323911330003200022311134241400000111001034020111000000154232572
1045494449942230239131411423323919121003200022999234241400000100105024320010000000154232449
1005904042029943990004209290394944290399429993990299932490001000104010410000000000315241769
1005194041012330309344403129110943012293011394431920931200000010010110410000000000314252640
1035341142302201204332004432332341110421022141101024030430000000000003100000000000152344525
1035003022140243433314112422130313221132100034420124044010000000000003100000000000145322861
1035422224213040213033031341140301312411404420200323421100000000000003100000000000145322754
1015494103131002343201034041244931122130223213424142330420000101001021020000000000531422821
1025040210222343034102110444403999124022033244004112111330000001001032331100100000253142710
1045132410202420013410113342011443131233443224203032002410000000000004000000000000214533066
1045402211324042219320312034044924232123330393040014310410000011101034120011000000415234237
1005343923242230119423419014121942000914032299340090204211000100003010410000000000312543196
1005343949492930919929949099991992000941034299340090904210000100109020220001100000312542439
1005194029209990109419029449111914090929130244099149902120010001009010410000000000321542148
1005199029209990109499029439112949090929990999099149902120000000101010410000000000321541819
1015109434914432229019132203244991212303433119294934021120000111002031020000000000531422957
1025114324014321214304342100332933421211021394424300400320000001101022020100000000523144211
1005944043093213019494943930011904493332923109910901222200000001010010410001000000321451837
1005944043093913039494943990021904993331999909940909322900000000108010210001100000321451837
1004944043093919099494933990091904993333999909940909993900000010012010410011000100321451923
1005994044093939099994993990099904993333999909940909993901000100002010410000000000321452008
1005092942213442329390103212320919134311242490940200010110000010003010410000000000321453054
1045103243022210104100244432110432410231331334230132402410000000000004200000000000214532814
1025101120141104340131422442314230332040130312033204424020000000000002300000000000523413629
1015294219493140900043193342309929412913223112922994132110000001107021020000000000134253053
1015294219499143900043193942339929412913223112922994132110000110008021020000000000134253201
1015001120312443204241044012411121342230402041430302333330000000000001200000000000234152234
1015144901213303224144923149210912900941323042014213332000000010010011010000000000134252401
1015144901219333224144923149210912904991323042014213332000000101008021020000000000134252398
1015149991219993224149924199214912904991323049010212392301100110009021020000000000134251764
1015149991219999224149924199214912904991323249010212399330000100111021020000000000134251952
1014149991219999294149924199214912924991329949312212399330000001012011011000010000134251901
1015149991219999294149924199214912924991329949312212399330000000000001900000000000134252325
1014912931931221999119999999993919323912299912239919999990000000109011011000010000234511401
1015912931931221999119999999993919323912299912239919999990000000000001900000000000234511657
1015101440300404124220133033214912032324334499120941122130000100001011010000000000534123220
1015114201299992149201432331114904924002001392022404031041000100010011411010000000435213436
1015114201299992199201422331114904924002091492029404031000000001011011411000000000435213578
1005944994004910990499949941009194999140109999040999999990000000107010410000000000342152272
1005944994009910990499999944009194999990409999040999999990000100008010410000000000342152466
1005291194199491190944221949099994420029990901029091290040000100007010410000000000352142602
1005291194199991190949421999099994920099990901049091290040000110009020420000000000352142356