0235991929999923199129929939999999999999999991991999999290000000110013110010000000435212685
0225994009909192999419444999999909499990214999999949191990000000000002900000000000532143806
0205993999249920993339992299939932923939039999999249999990000001004010410000000000214533787
0215999299999999199299929991999999999999922999999299999990000000000001900000000000425312000
0215929242240090999999999099199999229140499999249909499990000000000001900000000000325144000
0215929494224319314999949922093492924999399309299492940230000000000001900000000000523145000
0225999919999119999999919910299991999999099999299999199990000000000002900000000000352413000
0225919944490093919199499409949919299419999299499931941900000010011012010100100000352145000
0225901099219939999990991990999999392919990991999999999990000000000002900000000000352414000
0225930031104904410199929991999909901999904431931299909990000000000002900000000000542315000
0245999922999999999999991499949999999319991993992929999990000000110114310000000000134522854
0235909990909099999999994099339999099999999999949999449990000000000003900000000000531243000
0225931999999999929994493903001999999929911393919949090031000100012012311100100000342155000
0214999399333939993999999999319399991999999999399999999990000100002011011000010000423512000
0245993911192990399339999299099939319029099910991394124920000000014104900000000000341523890
0225999929999999999999999999932099999999999999999999399990000000000002900000000000412533000
0205994332999999999499902492994949290929999999299929949290000000000000900000000000213454000
0235999990992243999999999992449909990299999209200299939990000010001013210000000000415233588
0245949999909990490990999999999999999999909999929999099990000000000004900000000000435123000
0225940004919999299990999194942994494991999499990019999990000000000002900000000000352144000
0225994919999940134999919999393904443000942903991309903020000000000002900000000000432155000
0215999999999999999999999999939999999399999199199939999990000000000001900000000000123452000
0225993994414433999949939999999999992411493299939391399990000100003012110000000000142354000
0224914341394949999114933291999934149949933234111949393990000000112012011100010000152344000
0205992233999994999929929499994934939039444093999999999990000000000000900000000000214534000
0205939223941994413922943324134223343942901939294922419900000100005010310010100000215435000
0245999209023920449090990399999993929902939929993229992990000100002014310000000000315424000
0225999993993999993393029999929909993999999999999999399990000000000002900000000000142533000
0225991099099393990999090120991931119999391999903399092900000000000002900000000000542313874
0235990999993009439999999999999999999999949992999999944990000000000003900000000000315244000
0204911493199941999319999949090914493999919999999934999490000010010010310010100100251344000
0225900149419993320004103194112901491939949999019993941990000101009022020100000000452135000
0225999199902439999991999394239999999199913999999999999990000000000002900000000000452133725
0225991999199299991391903391199999999999919939129199999990000000000002900000000000342513517
0205992991991999099991229999999991999909992199999999119190000000000000900000000000243512807
0235929940399949999994900299999999043299999929999499049990000000000003900000000000314254000
0235999909999093999999999999939999909999999999999999999990000000000003900000000000514232000
0235994394991001994144909099909999991999099194999999399910000000000003900000000000431253452
0245929911099999199991299992942999999199919999999209994190000000000004900000000000435123790
0225909330949911319931340433311931144999949299990424999910000000000002900000000000312545000
0205999932999992309233329293999993913099999993993999299990000000000000900000000000234514000
0235999999939919499999091994999990999999999999999499199930000010010013411100000000531244000
0235994909199999999999190110493499119499099909991993999400000000000003900000000000451234000
0235991049909991394009490199999911091999193144494494940990000000000003900000000000341254000
0205994999333929999949949990999999949992994339499999909990000000000000900000000000213454000
0205999444933399999493932999293999929499292999424949099900000000000000900000000000213544000
0215999999999900999999099919099999919999999999999999999990000000000001900000000000523141486
0245919911429933999999992994322999999999299999199199999290000010003014310000000000154324000
0245999929999991419999999910914902099992999999299999109990000000107014210100000000543124000
0205914399911249109432993249499913392999039999993939219430000000103010410000000000231545000
0204392999913929939992992133130929319902339999999993999990000001012010410000100001245133805
0205392999913929939999999123930929329909339999999993999990000001009010310000000000245133802
0204392999933999939999999223990929329909339999999993999990000010012010110111001000245133000
0215949999499413019949999939299994999999029949099494499990000000000001900000000000321455000
0215929999991399493999399992991499299939992292999292999990000000000001900000000000324154000
0245999999999999999939902499094999999990999099939999999990000000000004900000000000415324000
0245999992929999999909999999999929409999999499992992922990000000000004900000000000314523000
0205999999999999999999909999999999999909949999499999999990000000000000900000000000234152000
0215994949099990999094499999091944990999499992019949099990100010012011211000100000423154000
0215939499992343914491420903490949392322299999949949293440000000000001900000000000523145000
0225999999999994419999399999999999393909999939929999994920000000000002900000000000532415000
0235999299992200439929290090929904299294203999499249999990000000000003900000000000514234000
0235999032499994930409941191992949191999949994924192919910000000000003900000000000415235000
0205999399999909999999999999999999990999999999939999999990000000000000900000000000234512000
0225999199219949999911111199429999999991999999999919999990000000000002900000000000152343000
0204999999999992909992990999999999999999999999999999999991000100009010110110001000243152000
0245999999900222994999199009499999090199099909929992209990000000014104900000000000435124000
0245990192999999299919999929994999990919992999909990399940000000000004900000000000453125000
0245930999011322249939399100929190019339223219399991311940000000000004900000000000351425000
0235914994301110902999912999990929993999192004110999199290000011005023120010100000453215000
0235999999299004999999499929439999909992090399999999994990000000000003900000000000415234000
0235999099990999999029990999933991999999949999929990909940100010011013111010000000513245000
0205921392399393999392910319919912923993990913222939999990000000000000900000000000235414000
0205922393929399999939992999244922032424999094399249499940000000000000900000000000234514000
0204999999999999994944999999999999999999999999999994900990000010007010310001100010215432000
0205990919999999999999999919999999299999909999999999999990010001009010210000000000254313000
0235909999999999299999994929993990999999999999999993299990000000112013211000000000413254000
0235999999299929099992290939929999999990399999299999999990000010005013210000000000315242768
0245099999990999999994999999999999999999999994999990999990000000014104900000000000315421668
0234909092244942992909220234909920049099992924909999499230000100012013111110101000513244000
0235999999999990994999999939999999999999039999999999999990000010002013010000000000513243000
0225994499499994994944009299999090999999999994409492999990000001001012010000000000432152926
0225999999244949199999999994999999999999929999999999999990000010007012110000000000542132488
0235990001994499499090944943099909991191999399999900990190000000000003900000000000431254000
0235999919199994999499191994999999999391999999999399999990000000000003900000000000341253000
0235099299994999999999993999493999299999949994999949999990000000000003900000000000514233181
0235949999999299999999499399499999999999999999949999994930000000000003900000000000315243000
0215999409499999919999999393194949999999099994999499309930000000000001900000000000124354000
0205924294494991991199110949999941929999194014921499999290000000000000900000000000253144000
0205911199999999999991999999999999999099999991999199249900000001012010210100100000245134000
0205999921299499099299929249999999299990919999999999999290000001002010410000000000234154000
0245999999999449999199999999999999999939999999999999999990000000000004900000000000143523000
0245292993139310149912393991331992999933203091229193914000000000000004900000000000513424699
0245999999999999999999999199999999999999294499999999991990000000000004900000000000134523000
0205929911999932091921199231930999939229929919113922922190000000000000900000000000241534000
0235919991991999904919149909090991193999999919999994999310000000000003900000000000154234000
0234999499999349999949999999999999993299999999999999999990000001009113011010010000351243000
0205992299999929999999992990999993999392409499999299999990000000000000900000000000215343507
0235999999994932999999999999999999999999999999993999999990000000000003900000000000435212505
0234949902924242930099940449094229993900999922942909094990000001011013110110001000345214000
0234903999999099999999999999999990999993999999999909999990000100005113210010000100314251636
0235903999999099999999999999999990999993999999999909999990000000014103900000000000314251783
0205409949999999949922999909994993999999999999349999499940000000102110310010100000243514000
0205992449999949994929999999999949999999944994099099929990000010004010410000000000235143000
0215992004492920999202929990999999941049909992929994992190000000000001900000000000325144000
0225999999919999999999999991102999199999999999999999920990000000000002900000000000542313000
0215992992243394992003993992399939933999942249099903939110000000000001900000000000425315000
0205992399912919019999999993999993939319190999399999999110000000000000900000000000234514000
0205999999399409939993999994929939999990992993339999939990000000108010410000000000243512614
0215933999993999199999999399939999999999399139993993999990000000000001900000000000123542000
0215994993999999499999399991491999999999399999999999994390000000000001900000000000321543000
0205991142929219329313333220999934441992490931341224134930000000000000900000000000231454938
0245991999991990991999099940909999009999199499991999999990000000000004900000000000543123000
0225999999949999999994924999099099909999099999999999999420000000000002900000000000542133000
0225904494901409003940939011913293211939140319901930941100000000103112411100000000142355000
0205999999903999999999999990399999999999999999999999999990000010004010310000000000241531503
0215909999999949999333922299494993330049324903993909001410000000000001900000000000521435000
0225914004949992331439010091033949991449910414390110091231000100010012010100100000542134649
0225990999099999999299999999090999999999999999999999999290000000000002900000000000352141615
0225199999999334049999909940323999999909104299490909919190000000000002900000000000152434676
0215999933493999999993399499999999419199949999999999999990000000000001900000000000123452395
0245993399399900199039999994439999999939099909999039909910000000000004900000000000531423107
0245999099999999999999999919999991994999999990099999199940000000000004900000000000541323000
0245919233102419392292310939940922311202990929219991199110000000000004900000000000145324682
0245029020301299992111393930399991122022039399092921139440000000000004900000000000145324966
0205993349399999999131991999990911399994344419314199143090100010012010110001100000241534000
0245993092092112932009919939349909291129992492010201999920000000000004900000000000534125000
0235999299499999999999111999999992999911319499191993499990000000000003900000000000354213295
0205922929919929994339999949990999219909294294999999999940000000112010310010100000234155000
0215994222493090102299049394019924902999393094990292409990000000000001900000000000124355000
0245923019192912233090911993300929134090332290900091942130000000014104900000000000354125000
0205992499493139009993319939922444931144993944399991939491000100004010410000000000231455000
0245999294090292332999919099939999210999990099299999999240000001008014310000000000354125000
0235999999999999939999999999999999993999999999999999994990000000014103900000000000145232000
0225999999991191924999900913391999099929919999999999191990000000104012110000000000412355000
0225999999900901291999399999109993999901199999199992990990000000105012110000000000342514000
0225904949033019143993191490302099999439134293949999999990000000000002900000000000342515000
0235929199993990999999999999999999999999999999999999939990000000000003900000000000354212518
0215999999929290190399900029093999099299103399999999099990000100010011311010000000325144000
0245933309939920249330993209999929909999993292009934999990000100012014211001000000513424000
0245999099919903310210922921193909199023439399919229093940000000000004900000000000534125000
0245901990992929919922914919999999994991999992999092999290000000000004900000000000415324000
0224939191291999999991999999939999999999319999939999923990000001008012410100100001152432713
0205999999999949902939923914499993421231244433390399149320000000000000900000000000253415000
0234292999299999999994999999999992999949999993999994499390000100010013011010010000543213000
0205993999999199999099999999909399999999999993999999444990000000000000900000000000231544000
0205292911991921099939399444249933199999999999919933914400000000000000900000000000231544900
0235994949999093999049994999493949949099999944999999099991000100004013411000000000413253000
0224999939339409323993999999999933493999909999999999329990000010012012110100001000312544000
0245993009019922992902394193034900309999203933232939909120000000000004900000000000531425000
0234999913949139999999999999999999999999999999999999999990000001004013210010000100135243000
0245999999929929999992999994949999999999999999999999999990000000000004900000000000134522000
0245999921939129291399299923194939913249129933211992219990000000000004900000000000143524000
0215933099999991999900990999903999309999999999999303990190000000000001900000000000524312944
0205931212992924999992999120999929999199199939929999391200000000000000900000000000254315000
0245919999199199922299191999429999994929919199999999999990000100005014210000000000145323000
0204949299999999999999999949999999499194942291299999194000000100009010310001100010215344000
0205929492299994999999999494199994129919999044499949099990000000000000900000000000234154000
0205992999949992999299909999999929192999999944994249290990000000000000900000000000234154000
0235909492099009929999093499912944099290099199999999411930000000000003900000000000531245000
0235922912214209232144019114904999991949999992942099399490000000107013010110000000154235000
0215933099390909292039999990011999939999393293999099999990000100007011311000000000523414000
0215399939993999329493999229121909939029999993999432299940000001003011010000000000423514604
0215992999933344999299999939341924949999942123494324942990000000000001900000000000123544000
0215999944993929429942299999991299433993299999929192999990000000101011410000000000124354000
0215999390999994913999399499904999931949993999992999394990000000000001900000000000123455000
0245999099999099991999999999149999999019999499999991991990000000000004900000000000451323000
0245919090190293429909999390034993291999929291901122999390000100002014310000000000351425000
0224940039393909999339939999399940094992992993399999999990000100007012110100001000432514000
0225999999924099999499499999992099999909949999999999999990000000000002900000000000512433000
0215049999099419490990910920909499994492909099909999099990000000000001900000000000123544000
0215999499991999999094499944419999999949999999499999999990000000000001900000000000423153000
0225999949499999999991493999909994399099990299992943394300010001011012111000000000312455000
0235922290910094990990024122299900490404439999999999499930000000101013210000000000534215000
0245990939299139999929393949291992990911912322910492312930000010005014310010000000345125000
0205939939991999403994399440919999399999999919991933999910000000000000900000000000243514000
0245999999099999999914999199999909999999999999999999919490000000000004900000000000431523000
0235999999394499999299994999949999994999999999993994999990000000000003900000000000541233000
0225911491301004923149413940102144939490399431413339091300000000000002900000000000132545000
0205999199934914999991999999909999994999999999999934334090000000000000900000000000251344000
0215999399993999419399944393244999939939999999199993299990000001007011410001000000423514000
0215992999293249322002332399924923043993439132244994199990000000000001900000000000123545000
0235111299919240930190499424192991949924992494943499920910000000103013210000000000145234918
0235999909229912449999949999090999929944399092929994909310000010001013210000000000154233969
0205999119999299993929909199939901919399999939311399113990000000000000900000000000253414000
0205999193992909199999999999993999990993919199933339929990000000000000900000000000253414000
0205939999932993091993329990921939923999239999999999999990000000000000900000000000243513358
0235011119994949939199994999219991921394994999941999491990000000000003900000000000154234129
0205939494949939999114109939999943190999499933449199331990000000000000900000000000241354000
0205943944019999949339942999992993994941942993999993994900000000110010210001100000231545000
0225914304000930223344493331410131949040991191341199994000000000110012010101100000132455000
0215933009939039219494499499999943449994933913999933949390000010012011211001100000421535000
0235992990299014999219499199999912929909990993991993999990000000014103900000000000135245000
0245993301394999223090399090192993991013411999991999999390000000000004900000000000531423872
0245922990999091499290909219199919909029949991199099909990000000000004900000000000354124000
0245991199999921099999999999999999999191449999999199102990000000000004900000000000435123084
0245999919999994999999999999999999999993999999994999993990000010001014310000000000143523000
0224939994409949903999999099942934029099999099939499909490000100009012110100001000142534000
0225943193419914129393990909404939933914139994492391119940000001012012110000100000412535000
0205919229919992909919499919491999190999994999929919999490000000000000900000000000253144000
0205944949999914099119919999999119919994299299999109922990000000000000900000000000245133678
0215294449219301339999999999929949999999002999499994930390000000000001900000000000421353360
0225949499199049940009999490499949999999992200499099999990000100008012110000000000412354000
0225904909994499999910941299992999999199491199099949999440000010002012110000000000532144000
0225943399499999949934499999929999999499949999439993939920000000000002900000000000132543000
0205991191909192993999999912999999944199909991994929192220010001010010410001000000243155000
0225904990094933999339903999999990904999929399039493400290000000000002900000000000412353957
0225900990990999949999949993999930040902393293999909999490000000000002900000000000512344000
0245911192999999999229091999919992019992194992109999199940000000000004900000000000345124000
0245991999999994999191999999994919999999999999999999991190000000000004900000000000453122000
0225991999199139919994991991293949999999139999919992999990000000000002900000000000132453504
0215999999999900999999309990099999011009999999999999999990000000000001900000000000425313000
0235999499992919224149434919024994993929990911199419990990000000000003900000000000351245000
0245909999994999290999999999999999090990942929909900990990000000000004900000000000514322515
0235491440109992991910999991943991999909423294091999444190000000000003900000000000531244746
0225999999144999999419999990999994999910994299999924909940000000000002900000000000452134000
0225999139311399993992999199499999199999944999399913939920000000000002900000000000152434000
0225994493949993294990994991439394943939399299999994399490000100009012110000000000142535000
0205939999934993199999994439110999999994439099999999919990000000000000900000000000231544000
0245921209991903903190293199404991921109019039192930133900000001012014311100000000153425000
0225994009499434993409499934942993930999392493399949933990000000000002900000000000512434000
0225149099999499903490091939921999993993099199909900029910100010011012311100100000312545000
0215090229290343109344292939091929999294949390309920093400000001012011311010100000324155000
0215909990099949999999999999419949999990909909999910999990000000000001900000000000523143000
0205929992999990994999999999999299990999449999999499999990000000000000900000000000215343000
0204990919999999199999999999999999991919991999999999999090000001007110410000100001243512000
0215999999999999999949499999919299991939933999949999993990000000000001900000000000123454000
0215994999999999999999499399299942931999444999993499399910000000000001900000000000123544000
0215929399149999999994992394494399999299932144999229943490000000000001900000000000123544000
0215999999992114499929393999999999999399994999939934999490000000000001900000000000123543451
0245930919199212330000009119993909094919204921999291222210000100008014310000000000543124351
0245999909999999999090009119992999094919224999999291212290000010003014210000000000543124000
0245993999904999299929999299999999999499929990999999992990000000000004900000000000354123081
0235940909209422434294429999299229093949099490904999049990000000000003900000000000514234000
0235991999999999999040949929999990944920499994949029094330000000000003900000000000513245000
0205999199999919999919999991999119999999999999999991110900000000000000900000000000245312000
0235949999990493999999399999994999999999999949999949909990000010001013010000000000413252700
0225999199999499929999990090999999999049999299999499994990000000000002900000000000352144000
0225399919999099999299993999992999999909999999999993099990100010007012311100000000532142879
0225999349493999999399999929999999349949929999993993999990000000103012410000000000142533000
0245929999922090902290002092999999294999999929949999999990000000000004900000000000345123000
0235999992949909999429999490993999392499049999999999949990000000000003900000000000315244000
0205919999999399099199939999990999999999999999999999399990000000000000900000000000243513000
0245099999992392999919323291904999392299094199033919993390000000000004900000000000314524773
0205999929299999909443994493942939999992999994049929293990000000000000900000000000234514000
0205931993132929232992192911019049943312231199941939999390000100009110410000000000214535000
0205922322499119902323932291399933499399099129919439943910000000000000900000000000235415000
0245993999199399009992999999104999999992299999991229993490000100011014010111000000134525000
0205993923299999432929929349929999339909999949293249399900000000000000900000000000234514000
0215900909119999399099999999990999999999999090909999999990000000000001900000000000321453000
0234999904919999919994491949199499419999439999941999999930000000111013210010000100431254000
0235909949911129129940990240942992092149999219420009203130000000000003900000000000341255000
0225999909903919024940994933393994099194234340909900194940000001008012411100000000532145000
0215999290994009492290924940994929991990919999999999499990000000000001900000000000324154000
0215999994994999910904449999919994499994999990090999990990000000000001900000000000523143000
0214943430390309399490913993091904933049999949909949990900000010012011411011000100321454000
0215929209929999209999999422290999999912904199999999994990000000000001900000000000321454000
0215999999999999949999911999999999999999999999999999999990000010010111410000000000124532000
0225911404900291934040011434343999949901213340491913191900000000000002900000000000142354580
0245999099029991999992109901204919994903020291909199033920000010008014310000000000531425000
0205929299999922399992999909999992999299909929999929999990000000000000900000000000214532497
0225110499993099999094990090992939909039290193999999999490000000000002900000000000512344555
0225999219049999999994999499940999999999910999449994091920000000000002900000000000452134000
0235994249319929922091994942493919999929299192999999922990000000000003900000000000134255000
0235999999499999299999999999993994929994999999993992199990000000000003900000000000134254000
0225999999939333919999399929919991391999921999993939999990000100004012110000000000142532550
0225999999999999999999999999999999999999999999999999229490000000000002900000000000342151508
0235909129499994090091000109914999929113492991909999409430000010003013210000000000354215000
0235941121999991199909092320194929922920092999909290299930000000000003900000000000435215000
0235991910901191490124409094493901101109999999099939999990000000000003900000000000451235000
0235999192299909990021999931099912120209099320909999111990000000000003900000000000451234000
0235999910999992999999934929949991909299929291909999299930000000000003900000000000453215000
0205923992312999042339993444944922999999941322999319929100000000000000900000000000235415000