0205999992330949329919919399093911194419914999339993999140100010010010310110100000153244375
0245999299249291199299929991994999999999991999999299999990000000000004900000000000425313000
0225919409299999999940994399999944499990499249999099994190000000000002900000000000351245000
0225994099391999390401330939939940993499912999491209991090000000000002900000000000531245000
0225999919101393941991920919299999999913191949499099993990000010003012010100000000351425000
0225999930919193999199399099999919132091999299999933999930000000000002900000000000351424000
0225999919909949403112900919401999399311990299931999994910000000000002900000000000341255000
0225149934403031290309094039939909999993399993999990919290000000000002900000000000541235000
0205299429919492099339924394199999299994233099394999129190000000000000900000000000135424905
0205999999999999909999999999999999499499093999999999999990000000000000900000000000124533000
0215933300209290214999999399232993299090999939293030933190000100010011211001100000512435000
0215940423232309394424232939902904424399099990904139929310000000000001900000000000312455000
0215940490900499299443399932393990094900929109949299203310000010012011211001100000512345000
0215999099099991990991999934999999939999999999999990999990000000110011010000000000512344000
0245199999123924999999929924393992122999999992919929929390000100004014310000000000354213632
0245993903190099949391199129233992229911029499013999039030000000000004900000000000435215000
0245929301131121422100199932304991099339999199999919993910000000000004900000000000534215000
0245939994919199999990994919139993001909112939099999991190000000000004900000000000532413374
0245993193099229293111993919999999999014193293933190292340000000000004900000000000342515000
0245911399020299101323202430994999399921929933393230192290000000000004900000000000243515000
0245999999999993993999499999949999999999939999999999999990000000000004900000000000234512000
0225999399999999999939999999999990932399099099999929999990000000000002900000000000451323000
0225999949999949904909441199292099491999949999994999999190000000107012010100000000251434000
0215929349932949212994994299999999432349292999994993399910000000000001900000000000312454000
0235994199499922431121941414992922490144199312010099940240000100108023020110000000245135000
0235922112494400001190491144409919222224049341419299902930000000000003900000000000254135000
0215924229232999499992932399910999449922129049939399999290000000000001900000000000213454333
0215992329022923309333920099999990931924949109992209992990000000000001900000000000315425000
0205993993993999099390999999999999993999999999999999399990000010001010310000000000142532000
0235999999992229399999990999999999999999944999900999929930000010002013210000000000523144000
0205199943999499999999919949022999991999992099999993992990000000000000900000000000152433864
0225999919999199999999999999929990999949999999999299999990000000000002900000000000351244000
0225900090499909391940393911949940433410041349494299919320000000000002900000000000521435000
0225919199394430214993934109992991994940399103391993990910000000000002900000000000521345000
0225999999999999999999999999999939999999992299999999999990000000000002900000000000451322000
0205999999999993399499999999999999993033999993399099999990000001010110410000000000134523000
0225434493133094999490930194292939043909019130304949909990000100004012110000000000521434774
0205949292229130999992994312191999329323949929934944329100000100004010410000000000145235000
0205922939993939103999992233999922913919191093992999219190000000000000900000000000135424000
0214999999994941999999992999919999999999999999992949999990000010010011211000110000215343000
0205999399949909909994999999999999399999999333999999939990000000000000900000000000123543000
0245999999399934193999999999939920993399999929909999119490000000000004900000000000425315000
0245930022223312993911913032099909220993393430910099029940000000000004900000000000425315000
0235999999999299999999993129999919999992939911999999199990000000000003900000000000253143000
0205999924229941111122931499990299331193940193223939992910000000112010410111000000134525000
0205949999992299243499949299994991191113900499999411129920000000000000900000000000134524621
0215299999999999994994999999040920290099100299999929999190000000000001900000000000314253640
0225993903449100191309994904422130093391499993333440004190000000000002900000000000341525000
0225999149940011929444939994341994409991139341309939331020000000000002900000000000521345000
0245990913030919919993191999911999114939994093931399993190000000014104900000000000324514000
0245919999499111999919993999099919994991990919919999911990000000000004900000000000352414000
0235990919999949939994914999999949441999994994099391919990000000000003900000000000432154000
0245919999999920949919993222090999190999909999999392293940000000000004900000000000234515000
0245999099991919129399900210924919000333304199033212932110000000000004900000000000423515000
0245933132329420919002019103011919132312900439993092039090000000000004900000000000324515000
0245909110002233040210119192243999992299339911212099999390000000000004900000000000345215000
0245939133012929041312929191140919939110099029323320900990000000000004900000000000235415000
0245999999999999112993993934999999399399399939939999999490000000000004900000000000234512932
0245991390999021932939920299941921020923201999119909199940000000000004900000000000435215000
0245999912020299029911993902092921931339401499231909109990000000000004900000000000253415000
0245022999399999909900993499049992999999399999099990990090000000000004900000000000354213762
0235901919999939039999949149999990999914110919991999999920000000000003900000000000453125000
0235999949419992949904999919119941040911193410004009909130000000000003900000000000453125000
0215190240449433299242230994303944334349990202322203993010000000000001900000000000314255000
0215999992299242990929299239001990932993330429924393249190000000000001900000000000415235000
0215999099999999939449900999109990999999929999929990939910000010010011411000000000513245000
0205912199923909239929992999099299919999939999991229991990000010010010310100000000145324000
0245993939999099999993399103934919290301004292209909929390000000000004900000000000254315000
0245992929199112049099039033939902909191990422292091299010000000000004900000000000345215000
0215994429919299939292992003991994290494934399294249229990000000000001900000000000314255000
0215929229929939209099919909939999091992299992090299999990000000000001900000000000315244000
0235949199991949290999029924913499499190292200010321049140000000000003900000000000423155000
0215990999990293032909409939313499994999914399049999900920000000000001900000000000315244455
0215993993399990909999399999999999999999319199399399909990000001003011010000000000513423000
0245992931999914999991999493999939319939991139999999319990000000000004900000000000243513775
0205919994991999191919499949999991999999999919919990991900000000000000900000000000154233000
0205999999294999299999999999039949999399299999999999994090000010005010410000000000125434000
0205939991349999199141309392299999941119999099993399929920000000000000900000000000142535000
0205999931992999293311129339001931391299939991913329992990000000000000900000000000143523852
0205999299999990222999292919999999919499994091299299991990010001004010210000100000153244000
0235092949119492930910900191993999900449299410209949129290000000000003900000000000543125000
0235994491112099132219919299191992004999493094499199990940000000000003900000000000453125000
0225994103499099199931433341101933401424904993343499949020000000000002900000000000321545000
0225939443041113999493439940092999344991999293433031301990000000000002900000000000231545000
0224990404339342999944994999994939034994492993939999934990000010002012110100001000231543962
0215909934009910290929292099324993239339034130393229399990000100003011411000000000513425000
0215932242499032009342492933041992029999933309242902990310000000000001900000000000415325000
0214999993999999939499944999991999999944199949999999999990000100010011011000010000512343000
0205919999113304419919193919499992999299999499192219949090000010004010410000000000142354712
0245999499999999999999999999999939919191999999999919994990000000000004900000000000352413000
0245999999999299999191999299924999994993999992999119999290000000000004900000000000245314000
0225999499299413494993994994399991399999939299149991994140000000000002900000000000251434000
0205939933499999999399944999399999939999991999999919939000000000000000900000000000135424000
0225990999999230999990999999992999399939999999999999999990000000000002900000000000541323000
0225919199439949999919394929990999393009944293999931493900000000000002900000000000251435000
0225999093993399999939913993499949991999293294999999949390000000000002900000000000251345000
0235194209090194390049249119943992491190999044199499004490100010011013111010100000523144969
0235994149949999191114429214993999991199199299129999439040000000102013210000000000243155000
0215999999999999909949999999919999999949999949499199994990000000000001900000000000314253000
0245999900999990499900992292099990994929229999999999992990000100007114010010000000354213000
0245930999321303119322099049199939991910901292921129300140000000000004900000000000234515000
0204911199999993309999991993999991990999949399999999391190000100010010410010000100153424000
0235194499929119999492999291290090992999319319199991919090010001012013210000000000243154827
0235194499929119999490999291290990992999319319199991919090000001001013210000000000243154881
0235991092091132990029919999391919291229992990200202999990000000000003900000000000534123888
0245999199199999999999911993999991999941229499191999999990000000000004900000000000354214000
0205994292299999994999999499999999990999994994999094999990000000000000900000000000124353000
0235909211192493930010299929920929014949192219021194249190000000000003900000000000354125000
0235994919999394999999199994919999994939994991999199919990000000014103900000000000345122629
0225999399143930429999939044094999341930993909409903449200000010012012411101000000351425000
0224999499294439999993999939929939939499994943499993949490000001001012110100001000231453000
0205923249402229934343343394999943399492222924231949999900000000111010110011100000123455000
0245932109399992049912993929109923031999294090039292029110000000000004900000000000235415000
0245999191999299240221049292991999999999999999299999999910100010009114211000000000234514000
0234929299990999239999999999929999209999993099299999999291000100010013010110001000354123000
0205499999999999939993993999340999993999999999999099499990000100007110410000000000145233000
0224999093309993423409999304499903034099944999409490092990000001010012110100001000521434000
0225499149419331439919990109924904949003039991009949219140000000000002900000000000351424716
0235919099299990919913299999999399990919990999999919910990000000014103900000000000423154000
0235949990124994422200324192493940044924929992099911409990000000000003900000000000325145000
0245939299909999999900999943492900990999929909299909303990000000000004900000000000523413444
0245999994999999949309999999939999990992999999999999992990000000000004900000000000534214000
0215922990999919919922929909999999999999999992999999099290000000000001900000000000415323000
0225310933999999329093941440994909939394999903094304409320000000000002900000000000541325000
0225999999999939919919999999999999999391999999992919929390000000014102900000000000531422773
0234999009192909399000919991392992909919909900290919191290000100011013211100100001543124000
0215992939224993999292999999419999999999932929999929999140101010109021220001100000214354000
0205939292941939419199191491931939192939949913994219990300000000000000900000000000132455000
0215394944939334339920022229410294409299934104902239499990000000000001900000000000415234925
0205939933933999999993999994990999399999999999999999049990000100002010410000000000152433000
0245914990909999913999909999999999099903093919991094039900000001012114310000000000423513570
0205999399999299999993999999299999999999909999999999039390000100009010210001000000132453000
0245933039039993299999934929992039909349929999392939999990000000000004900000000000523413469
0225999934939999299990000191099990300399199299993939999390000000000002900000000000431525000
0245912111993312490091022303199913200922324991920093023990000000000004900000000000543215000
0245912993321999940219339991092999999919110292192399994900000001005014310000000000354215000
0245999913993923991999132919999199394991933932999999419990000000000004900000000000253414000
0205999999923999902999999119999999993999999992999999922200000000000000900000000000145324000
0224999192999113919919199999391999999991999299999919999990000010009012011100010000531243000
0245909999003999999990999932094493999992199999999999229920000000000004900000000000425315000
0245913009921393019232391923004919992123992021329239000340000000000004900000000000325415000
0245920922991901999399991191000990219190909490900999211940000000000004900000000000324515000
0215999499999999999999999929999929499992941149499999499990000000111011210000100000215343000
0235919940013940119919099999239919999499099990949499991990000000000003900000000000452134654
0235992992411000034299922909024942940034114411422499199990000000000003900000000000253145000
0245900020313222240130929990301991312123293130131399099140000000000004900000000000523415000
0215934031909949009443999949999499419900933993933443909090000000000001900000000000213454000
0225939444999999924494909129939999319499941349441993391990000001002012110000000000231455000
0225149430039909239444139990999949340019990900909319999920000000112012411101000000321455000
0225949113913400339999993993929999999199319233119909319040100010011012411101000000451235000
0245930339493909999099949999399933090999999993399999999990000000000004900000000000432513000
0225993099339940219039991139912940003940319394339190949910000000000002900000000000431255000
0245909333310194990999009991999999139909099093911939909140000000000004900000000000254314000
0244993309939910419930099999999990319901934013911990939190000100005014210011000100432513967
0225994990994199924999449999992999949394091949993909019130000000000002900000000000321455000
0224993499929119991499994199999999499991939999999994949920000001012012111000110000241354000
0245999999999999990999994149999999999919999999999999999990000000000004900000000000534213000
0235990094999922929999909099219929990299991399440299999390000010009013210000000000452135000
0235991929999129999929992999999992992991993322929999199990000000000003900000000000345123000
0235992914211119999994299199999299099194422394429992213990000000000003900000000000243155000
0235949110992104242210990921999914944449929312212399914040000000000003900000000000254135000
0235910999124999949992999412124999999999999990921419919330000010005013210100000000453125000
0235999999999999939499999999999999999999399999999999999990000001009013410000000000354122000
0205932411424992393291419991393922221394314044432091319320000000000000900000000000123455000
0205929999911434992429943319140993434431249993999433399100000000000000900000000000125345000
0205934193141391994999314919919999999199499044199499399100000000000000900000000000132544000
0225931399933341309193490444902990930019992993999030014490000000000002900000000000251345000
0245999999994999999339393394999999999939999999999993999990000001005014310000000000423512000
0215942999239999992949919999999949939943932299449939999910000000000001900000000000214354000
0234999999999919999993929991993999999999929999999199999990000100012013410110100001253143000
0245931394999919999119931092999999999999199091999199919140000001003014310000000000352415000
0245901139339919149999399940199131193099909911333999909391000100008014010101000000452314000
0235949112409299299912449929933999941999921194499924401900000000000003900000000000253145000
0235990499499994994499993999499999999994094199499990999390000000104013110000000000253144000
0225934949999999929339934499999993994914949293999949994990000000000002900000000000231544000
0225934309949441149393299399929934409994934903999939939390000000000002900000000000421534447
0215949444499999019400302902902994033993019099999399399990000000112011411011000000312545000
0215990903244000119393009942299999233499499499992399999490000000000001900000000000512345000
0235992192319119999921134944294999120990009011991994094440000000000003900000000000345125000
0235292999313099499919999999049999999919999994999991999990000000000003900000000000453125000
0225999999999490993199901900422999999991949909999990999990000000000002900000000000531245000
0225990093213109999949999010939994939391991299039999919900000000000002900000000000451235000
0225990019190929924909919911499944913999949109900119930901000100009012411100000000451235000
0225494999919999993000999991992930999139390990909933911290000000000002900000000000521434444
0225990090999999190091339393499993999921301299993139919190000000000002900000000000531425000
0225939030903129199990999331392999999909099939399099193990000000000002900000000000531424000
0235902902199094032491209019099919994229919391010499909990000100010013411110000000354125000
0235922999999141941199193499990994999112104422229199204930000000000003900000000000435125000
0235999994199999499914229994929944999149993399492999949990000000000003900000000000245134000
0245999199999119999119999111944919999999999919999999999990000000000004900000000000543212000
0215934049932494933040909293392090490103942199903044492220000000000001900000000000512345000
0225999490999999909949499909992994929009999993999999994990100010002012010000000000521434000
0205929919124119201999221999999932129242499233999910299990000000105010410000000000154235000
0205939999999493293399999491902993399990999999999914399990000000000000900000000000125434049
0205992999939191249991994399432999199439492939993991199000000000000000900000000000124535000
0205194923411129919931449139930994912392912239334999299200000000102010410000000000134524960
0225999499904999299999099099492999309994499999999909009990000010004012010000000000321454000
0235921292190949499211291024144991413990094394149299099900000000000003900000000000345125000
0234991999999941499191999999991919999999993999999999994930000100009013210010000100453123000
0215999949494999399499999999999999999999991199999999999990000000000001900000000000514233000
0235999990999999999919999990999999999999990991990999933990000001004013110000000000352142676
0225994433449432929949414391199999994099190913949439990930000100012012111000100000421355000
0225190144249990991949999994949994199919409990191999421090000000000002900000000000531244000
0235911409001494321212090141943241499021994091024940949900000000000003900000000000452135000
0205999219933399994941999199293999199990993099929911934930000000000000900000000000152435000
0205934494949291492931394949049999193939399399999993904490000000000000900000000000142534714
0225931499140930199939324341401914944193409039499033919920000000000002900000000000231545000
0244999999991999949114993991991911999999999929199929119990000010012014311100010000253414000
0245990990999999290999299999999990990202492999929949999190000000000004900000000000534213270
0225991909443991900140990394399999194931119299999493144920000000000002900000000000351245000
0225999994444992999949999999999999999999912999199999999990000010005012110000000000341253000
0205931229299929999199994932323924199494224039412343433300000000000000900000000000154325000
0245322991422099099139043999999123313029113012220301903910000000000004900000000000345215000
0215999999990999099999099999019999091999999999099999999990000000000001900000000000314252000
0204944999499994909949999919999949999994499991199994909990000010011010310001100010134253000
0215999429992929990929929299919992994992999122999999999990000000000001900000000000415234000
0235904220200999999904901012999900499993129191029921991930000010002013210000000000354125000
0235990919942209249129094101919990099119293099999902029340000000000003900000000000453125000
0205994992932119229411333293490949343399999242199420942990000010009010210001100000132545000
0205994994933241909999993299913999999329991099949911949190000000000000900000000000123545000
0214999999999999939999999939919999399999999999999999999910000010005011410000100001312452000
0245999099999999919999949999999999900991999999990910109940000000000004900000000000523413000
0245900990941109099290140919999999192999900999919191209990000000000004900000000000452314000
0245999039990992099999990992904994999939999999999099092900000100007014210001000000325414000
0205929241942293129992119999991941411212931992929023993900000000000000900000000000145325000
0205922991999299949299999993949912941920923094149291229940000000112010410111000000145325000
0245933312312929992332931993499932299999999129929419919930000000000004900000000000235414000
0205999990299999109299299999199929299999399999999339991990000000000000900000000000134524000
0245999999999999999999999999994999439999999999999999399990000000000004900000000000234512000
0225999990914992299194999904949900999909999499994909999990000010011012111000100000531244000
0235912902041900439404010943142929141999990190414102922410000001010013010110100000532145000
0225914949199992991419999191992999944999999914411949199990000000000002900000000000341253000
0235924922194923134494999219091924419919401142949994121900000000112013010110100000234155000
0235194411149920914420290199939912404440100399104999499090000000000003900000000000423154961
0235999999999992999909999209939900993909999490929999999990000000000003900000000000523144000
0204999999999949999393099994940999999399939939999993999990000000110010410011000100123453000
0225909903999932999999999993999999993993929999999999999990000000000002900000000000531423000
0225999930949999999993499919149919444499199299911999992940000000000002900000000000431255000
0235999919991999994999999999991999999993990994999999993990000000000003900000000000532143103
0225999994199999994949919144999931992999991994999219999990000000000002900000000000241354000
0245999999999334349399999399999999999999999999999299999990000000000004900000000000523413000
0245909929992339990999393999924900949999999999992039993930000000000004900000000000523414000
0224919099941994190919919092999919919999999294999999990940000001008012311101100010531244000
0235949999922199199449949919992999999994993249444923249990010001002013210000000000234153464
0235999940129992099994901494022900914914422300991994999390000000111013210100100000352145000
0235904994141901102499909919402990949100019909404949944330000001012013210000000000342155000
0235999994999191119999999949999999999914399999990249993990000100010013010110100000432155000
0235901901399491091910911999399990199999999999999199909990000100005013110000000000452134000
0244990009999090999909199999949999999941099999919999199990000010007014310001000010543213000
0245999911999994999999990929999991929299920492909999299990000000000004900000000000453214000
0245921992932299992299994399914999999999923999999299939990000000000004900000000000235414000