0415929934032949903423012494020921344000329490410243319020000000000001900000000000333334405
0444999999909999099999999990999909999994999999099094409410000000107014310001000010333332137
0415200919094999294092340999912994991139900999993349940390000000108011411001000000531242939
0415200919394999394992940999912990991139900999993349990990100010005011010000000000531242802
0415999919994999094999929999912999991149900999999299999990100010007011010000000000531241614
0445999139099993991190430991933919049909911930433040939090000000014104900000000000452133663
0415999119992999999999909999999929999999091999299192999990000000000001900000000000435122362
0405999999999900999199122099999999999999201999999999929920000000000000900000000000351242662
0405992999999940929999049999999909999999999199999094999990000100008010210000100000354121418
0404949944094199909199099049949949999119999999199941914990000100011010310001100010352142772
0415992999939333249999929129999999999392194391929993991330000000014101900000000000534123306
0414999199919999999999919999999999999991999999999999929990000001005011410000100001134521417
0415993299444993999999299199999949993419919919999999929940000000000001900000000000235413113
0405924999911323002392992413344034299231210122999123113440000000000000900000000000314524960
0425941929994949494393149999999999394919323942491999939920000001009012110000000000123452977
0445999099000999499999999999949999099949999999999999949090000000000004900000000000521431943
0405999992992999999399999099990929299992220992999999099990000000000000900000000000315422984
0435942392129221119909329209999920099990393092249099019410000100011013111010000000425313177
0435909392229222919909329909999990999990393992299099029190000010008013110010000000425312555
0415941922330909129399492390404999234200401394299299019490000001002011010000000000333334665
0414999903201190392322999023930990123000993122039990229390000000111011411000100001435123454
0415999993291190992320999999920999130000990122999990229990000100007011311000000000435123695
0415944949999090094440130192044999949991999039142399999930000000000001900000000000234152952
0415999099993999190901904919939990990399999999193949999390000000000001900000000000531242835
0405999990909944999929999999929949992999099999499999999900000000000000900000000000315242260
0405909992499294999999499099999999299904099999229929499990000100007010410000000000325142318
0404919941091199909499099019949949999419999999499941944990000100011010310001100010352142671
0404991999999909999999999999999999099910999999999999999900000010007010110000100001341251797
0405999999099999949090999999999999999909999999999999999990000000000000900000000000312451261
0415939929229943109932322093322933492199099199999934919940000000000001900000000000431524389
0405991999919919990990999991999999999909999991999909999990000000000000900000000000352411400
0445999199929124999194192992949919991991439991212929929990000001007014310000000000154233367
0435090991490941394019999999499940093939419190999499993940000000000003900000000000521343641
0405939399999319009339999119109903993999999999939139999990000000000000900000000000351422986
0405990999099119919999999999399999999999999999109999099990000000000000900000000000341521664
0404929499129020992990999929944994299921949099999994199990000001012010310001100010345123249
0405900999993999999993493903999999991999914991919999994030000000000000900000000000342152755
0414999999199999999999299909201999999990019999290999099190000000110011311001000010435213000
0415999300399993913930099993119999999999999990999999991990000000000001900000000000534213000
0415919999999939999999999999919999999919999919999999993990000000000001900000000000532411841
0405099949399929933490939434209994999999993949949494933091000100012010210001100000312453626
0414933009199900999399999999109939190399999990999009199990000100009011411000100001531422794
0425994949293391999434349393194992919339022199999999909110000000000002900000000000143524152
0445994024392222390992399999349929222499999309000299909990000000000004900000000000415233169
0435949449999999999999999949999949999999299999939934399930000000000003900000000000214352290
0425999999992344929199229499999199999191911999999199999990000010012012310100100000143522341
0445230909099929239039229492911939994339330402040339922310000000000004900000000000514234140
0425939939929920993993393999992999399099009299999999999990000001002012010000000000423512857
0425909199392993049003321419092999999194332400319949910940000000112012111001000000413524453
0425909199392999049003329909992999999994332400319919930990000010008012110000000000413524088
0415994919999000999499949999099990449119999909991449909990000001002011010000000000432152398
0445999999991993999399491999939939999919993933993499499490000000000004900000000000142532698
0425999999931494299499990992993999999099991291999249999990000000000002900000000000213454139
0435999949999393999919949999999999999939999999999999999390000000000003900000000000142353000
0435949993393999999999993999999999999949994999999999994990000000105013410000000000152341394
0425099190099911199929022994949999099999991099999331119420000000000002900000000000423513590
0405990999293049439999999999999999999999039994999999940930000000000000900000000000315242107
0444999999499999991999949999199919994999999999999994999990000010007114111000010000452131756
0445099999421419399990922194332999999949931999999999999990000000000004900000000000452132306
0405993999190299921191921993001999399999919919399190999990000101004020320000000000342513519
0425999999991999199191019219919999919999992299999999929990000001008012010100000000243512933
0405921912112099999999299199229999121029299999999999100990000000000000900000000000354212837
0425999923999999999999939999299933929399399399999999999290000000000002900000000000213451838
0444999939999333999993949999999993994999999939394499399990000010003014210011000100215432000
0423939999293999993939999999999299939999392993939299939991000100004012011000110001213541992
0425939999293999993939999999999299939999392993939299939990000000000002900000000000213541998
0435949999194349911099909439999999991903399199999999999990000001003013110000000000521343278
0435999994042119029099444092992939900130319299993110199940000000000003900000000000451323131
0435939999999091199949499999030999999999999933999994499490000000000003900000000000521343197
0405999330949901149913304914413930411999939949993499999990000010008010110001100000312542806
0415999994999999999993499999999999991194499999941919493390000000000001900000000000132452362
0415999299992221919929194999999999099999999929994949999910000000109111411000000000235141476
0425911229999929991011999999999919999999999910991999929990000001104022020100000000453122693
0415999309909921199199994039239999999994949999999999403310000000000001900000000000532144640
0405993299931993024499999992990999940993314499994910991990000100009010210001100000321544466
0435919923229932999939991991344999999999199999299199999290000100002013210000000000154322467
0425999929999994929999999901911900299992999999099999119990000100012012411100000000543122324
0445999299919949999999199249999999919992194499999999999990100010004014210000000000245133000
0445993333349199999922913943493999299999994922299199939990000000108114310000000000145231290
0424999999999999999999992990929909990999909929999929990990000100007012110100001000543121533
0425919922199994991999999294994999992919999999999999999990000010005012110000000000453211430
0405991999239999192199293999090919299999999031999319199090000100011010310010000000325413942
0405909920929994999939999992490992929999929494992992909990100010007010410000000000314522810
0445949999994999999999999990999949999999999999999994999990000000000004900000000000514231490
0415999122023233249444422009933949999933901199999903413090010001010011411011000000234154521
0435999999999999999999939499199999999999939999993943999190000000000003900000000000152341990
0435992999999939999922119321991929399932929991999999999990000000000003900000000000145322481
0415900004429424029331412204134999992419034230302309943040000000000001900000000000532414249
0434999919339993999999919999991919999999999999991999999390001000110013111000010000451321911
0404999939999999999993939990039999939999990999993990939990000001011010210011000100324511789
0425929999999999949994999999999999999929299999299999999990000000000002900000000000153241146
0444999909499999999099909199994909999499199999990999499990000100012014310001000010451232458
0445999909499999999099909199994909999499199999990999499990000000000004900000000000451232520
0445999999919014993990999919999999909190499909999449019990000000000004900000000000541233877
0415909912291091090000239933099999919990909999902299999990000000000001900000000000534212687
0425999311192090009933992912992999990019999999911909019990000100007012311100000000253413754
0424900992900919991999921999992919999999099201101999199190000100011012411100100001453212962
0425913990991204039399934119409919991203102919930349241330000100004012110000000000453124242
0425999909099193939210904921302904110244133301410141444030000000000002900000000000453123871
0444909999999999999949999999999999999999999949999944909990000010007014310001000010215431127
0425999999299992999939999299999999199992919999999999999990000000000002900000000000243512428
0445999919999191199399999999199993499929411999919999993440000000110014210001000000214533296
0405922929099990919199931909929911929993999929299191099290000100009010210101000000345213409
0435099902912399999409099999149930223999994099039499999990000000000003900000000000512343230
0405919939399994901449101903919994191394499999190399999941000100009010110001100000341253357
0434992292432999939122931149492949294219994219999399994990000010010013211000010000251343807
0435999409399919909999999993194909999999491994999494399930000100010013110000000000124353041
0434999409399999999999999993994909999999490994999494399930000010011013110100001000124352726
0435999409399999999999999993994909999999490994999494399930000000000003900000000000124352806
0445993999049349999939934990322999999399929499993999999990000000000004900000000000241533787
0415990019999939999393310399999999091999990910999999390990000000000001900000000000431522752
0425933913994911949394913394299991429999994199239999419210000000000002900000000000243513549
0444990999940449499929990999919999999002999999999999911990000001010014310001000010245132811
0445990999949449499929990999919999999910999999999999919990000100008014210100000000245133334
0445991991292999919021949909994299092990144991919299999190000000000004900000000000245133908
0445999929999999999992142999299999911412922999999994249990000000000004900000000000254132459
0405999993049949994919990999994999999999999990999934999900000100009010410001000000321542783
0445999933391939949999999999949999399949999999914391939990000000107014310000000000421532756
0445929902999930243912224210012199939111939499121003021240000000000004900000000000241535000
0405909999434499999949930999999999993390999494099994499240100010011110310010100000351243265
0435944099999999999999943432909990399022200392409099229990000000000003900000000000215343418
0434999992999999999999239999999999923993999999999999939990100010004013210000100001125342000
0405929909999292999999942299090999999999994929990999992990000000000000900000000000345212362
0405993999099099999999999999999999999999999999990909999990000001009110310000000000314251258
0415999909991991999999999999909999190999999999999919999990000000000001900000000000531241340
0444999499999990909999999499999999999999999999999990494990000001001014210010000100451231251
0405999209999999999993999999999999999300909999999299999990000001004010210001000000324512487
0435991939999991992311119921999992923999999999111399999990000000000003900000000000254312830
0435999299293929999999299999999999393923999999999999999990000000000003900000000000254311778
0415999139999919199999999399299999399999999999993919999990000000000001900000000000235412075
0435999093929999390949499943009904994299242900099390049490000010008013210000000000514323384
0435993294999949999999499399999999393999999999922229999940000000000003900000000000215342057
0424992999299409409093339992929939394994993099339993949990000001010012110100001000243512843
0425992999299409909393339992929939994994993999339993949990000001004012010000000000243512951
0425994929929499999999992291999949499449999999999999999990000000105012110000000000153241914
0425999999449919299999999999999999299929499199992999999991000100003012110000000000143251459
0444999999999999449929999999999999999499999949999999992990000001010014110110001000245131519
0414929941929399199999914499999999994232999922999999399910000000110011011000010000134523721
0415929941929399199999914499999999994232999922999999399910000000000001900000000000134523875
0425293949993139409114993099991939999239313013911391929210000000000002900000000000123545000
0415999344934130999394399901499999399994999999319434331990000000000001900000000000231543203
0435919399144113029911494939499991999299999199492129939090000000000003900000000000142353605
0445039093429210249993904099199922932191399231139499992910000100002014310000000000251434851
0445999999990999999990990999999999999999499099994499999490000000000004900000000000542131753
0414994931943999999993993999999993999199999999991991999990000001109121021000010000135241792
0435990999929033999993999990994993092209909909999999999990000000000003900000000000541322632
0424999999029992999999999999999999992999999999990999999290000010010012411000100001513422000
0425219934101103104993143042924999092991934949994193909090001000113012010100100000243154569
0415999292149994994999994999194949929999999999999919199990100010005011410000000000235142700
0434999991993999999991933999999999999999999999999999939990000100009013410100100001251342000
0415991999909990499999999999999999999999199999199199949990000010003011010000000000532141245
0425991293929393999129999929919999939999999999999999999990100010008012110001000000243511754
0415999943439099992929919949049299949993104193934399134440000001008011010000000000134524547
0445929914991990949999999990409999999999999999942912099090000000000004900000000000425133179
0445992999949999242929999999929999299499994999999999999990000000000004900000000000524131986
0445999919919992494999199992999999999949412199999199999990000000000004900000000000142532124
0405913903999914929999999194944939331994900419993091121320000100011010410000000000352413189
0405913903999914949999999194919939331991900419993091999990000000109010410000000000352413098
0405299909199939001193209999294999299994494419931992391910000001011010410000000000342514067
0435999993909099999999999399999999939999939999999999999990000000000003900000000000521341866
0435999194999999999999993009399991994391939094499900099990000000000003900000000000541323813
0435999932399999999999992919999999999993993999999999999990000001003013210000000000145322370
0435929929129929992999993939099991199329929399199929999990000001009013010110000000145323029
0404929999021942909299990994999999910299991999192292992990000000112010310001100010315243550
0435929291200493414949990119093929921391129491422449440130000000000003900000000000425314943
0405993909993902099993999999999929999939999999999909393990000000110010210001000000314522013
0405993909993909099993999999999929999939999999999909393990000100011010210001000000314522721
0425930990999909919209903993199999029293332999999999039990000000000002900000000000523412734
0425999093290999999992922999909993999909999999099993999990000000000002900000000000423512422
0445991323120023049391949929309912993922929991311499094300000000000004900000000000452134935
0405990239092939990991929999019999929993999993991999999990000000014100900000000000354123909
0425994999999943929999329994999999999999392992994949999990000000000002900000000000123452879
0435911291199999941244113922139929294441999312241229423990000001005013410110000000145323974
0405904999904099999999999999999999999999499999999904999990000110005020420000000000321451641
0405919199991199099091909939999999919999909919919199993990000100008010110001000000352412642
0405991999099939999999999100919999999999999991999999919900100010004010110001000000351422545
0405949939919214441339911920902943493990919931391091314220000000000000900000000000341524255
0445999999399994994999999999339949903999909099909990499990000000000004900000000000521431691
0405999999910999999999099393099999999909999919999999999990000001103020120001000000342512763
0405993919901099419993393499149999999309410993939999999990000000000000900000000000342512984
0405199919099194199919999099944909919149499991439949949200000000000000900000000000351423362
0424919399299991992990092999999199993029993199990919910990000100004112411100100001423153162
0424999990099092999999099999022999299999999999999399999990000001012012311100001000543212539
0425933099909099999934999990092909992999929909399909920990000010009012411000000000523414000
0425999009929929999900999999999999939999990999939929999920000001002012010000000000513422866
0415999999999903901390920900993923299321909199929139299990000000000001900000000000534123651
0415999919139994342349990919939999999990999199999239294340000000000001900000000000534214059
0445993221199994999990999300410999999949309199499199393990000000000004900000000000152433566
0425999009499999299949424199990992949991119199999299991990000100011012010100000000243153516
0424999999999939993999993929299999993939999232999999939390000010010012410000100001253411877
0435991329121293999292949199429999949999923929999912499230000000000003900000000000214353923
0425911331299919209439399221900991990991394309999913149300000000111012110000000000153243387
0425911331299919209439399221930991991991394309999913949900000000109012010100000000153243323
0425993331299999219439399229931999991991994999999913939990000000102012110000000000153243296
0415993039029211240143392292129900309099332330300939924420000000000001900000000000531424156
0445991999999999999999999999991999949499999999999994949990000000000004900000000000251431133
0415999312919239999999999999999999999999141999999999999990000100008011410000000000135242105
0435993999999991499999999999993999999999999999999993493990000000107013110000000000152341856
0415999944999919999999999949919999499999999999991199949990000000000001900000000000132451952
0435949434299902394942329999229999099999999992399229994990000010009013210000000000214352678
0445994323431439193222211219999939999199399913413322292990000000000004900000000000214533518
0425999999929909929999999999929999999999999999999299999990000001007012010000000000453211673
0415990933339999290993340091199999021099099299919039999290000000000001900000000000431523744
0424991999999919999999922919299999999992999999919199999990000010005012111000010000543211900
0424999913993921991994311929299499994992933933999999139190000001010012011100010000253413676
0425999999999129999129391199999911999992999999392199991990000000000002900000000000253412605
0445949491499999999999949199929999919999999999999999999990000000000004900000000000452131991
0425929099992993293994943304494994999400931294999944931910000100005012110000000000523144521
0435909999422999999991999933492099999994299099093999239900000000000003900000000000425313316
0415009499149991199999299314993994249929993044494939399920000000111011010000000000234153794
0415394090992992999449942092099939341214200920994209010410000010009011311000100000234154692
0414919090499949929999099199221900499090099499999999219990000100009011411001000010531242183
0435999999999999999939999999192232399999999999999999139990000100009013210000000000245311535
0435941924022999491991121990194941923913233222940090991990000100011013010110000000254314732
0434999943999999399949999999999999993994999399999999999990000001001013210010000100124351958
0445939199940131949999093933422999199199240211339319339020000100012014310100000000451233861
0445939199940131949999093993432999199199340211339919339090000010009014210001000000451233770
0444999999994499999499090999999999999409999999999999999990000100007014210010000100512431615
0425990929929999099999949999990999999999999909922499909990000010005012010000000000413251492
0424449999199009224990901900209999494091909299949999099900000000112012111001000010123543853
0415999099909999999909991909919909999900999199019994999990000000000001900000000000431252296
0435999999939999999999939999999999999939990993999909999990000000000003900000000000254311190
0405999949199999999992490399909994499299933199994900399430000001008010410000000000312453090
0404999949199999999994490399909994499999993999999900399430000001007010310010100100312453126
0405993994994199994999449999999999999094190919999949419000000001105020320000100000321453785
0445992990130922922999909009419929999099994199340099949220000001009014310000000000452133341
0445999999999492999499994999949999999999999999999999999990000000000004900000000000541231264
0435999999999991999999919919993999993931993999999999191990000000000003900000000000214351927
0435909999399909399999119991009119999199909911133999999990000000000003900000000000452312638
0425999319999299990919939199939901919193399339311092122990000100001012110000000000253413748
0425929399939992992991339390919939929999339999999999999990000000000002900000000000243512995
0415449991199402999299999049999991999922209994299294041090000001007011010000000000234152495
0415449991199402999299999949999991999922999992999294001090000100008011010000000000234152198
0415949991199929999999999949999991999999999999999299291490000000000001900000000000234152062
0425929999999949999999999999999999999229499299991999999990000000109012110000000000153241189
0444040394324920999999999999990999099992999990393999234200000010010014110111001000214531990
0425999999999991499992429949999999999994912299999999199990000010005012410100000000253142799
0425933499419934924939994129002999999413301449119920493330000000000002900000000000253144875
0405992999999919999901992909494999911994949199992194100240000010005010410000000000345123013
0445993090123314439909990140103922919321924092339909339020000000111014310000000000451234771
0445991499491999991909999919090990900999949409111019991990000010010014010100000000451232860
0445292999210493312300999993990901999209344990929914911390000100010014210001000000521434162
0445999991999999299999949419249999999999999999999999949990000010004014210000000000245132305
0425993939929941293134994314999991999193299999944999293190000010002012110000000000143523802
0444949999999999499999999999904999490999999999999999999990000010009014310001000010412531380
0445999999999919999949199999199249991994299999999199994990000001004014210000000000245131810
0435992449499300439999999999939909999999941999499993909990000000111013210000000000421353616
0435900909040994934900999999499999393999909999993944994490000000000003900000000000512342757
0445999999999999949999999949999994999499999999999999990990000100005014010000000000521431260
0425999349999999299399029939391939992299993939999999939990000010008012110000000000123543980
0425391199999999399919991112992900999011139299999991999920000000000002900000000000123544000
0425991191999199992999999949999999921499999992999919191290000000000002900000000000243151699
0405999999949999999999999099999999909994099999999999409990000100007010410000000000321451771
0425949999994090929999999009999999299929990999999299999990010001007012411000000000423152757
0425999929904994929099992949999909999999929999999991999490000000110012010100000000523142609
0425399902999999929999099999994999999990909999909290929990000000014102900000000000253411873
0415999999192999999991991999999999999999999999999999991990000000000001900000000000132451426
0405999999199999999999999999999990939999990990990999991990000000110010310000000000352141163
0435999914903999999991990949919499130949999999199043039991000100005013411100000000541323379
0445949999990993433999904999999999999990949999999999999930000100009014310000000000514231928
0435999139999939999999139919199999999999939999999999999990000000000003900000000000154321851
0425939499991999993999299191993999999439339999949299929920000000000002900000000000153423545
0435999419499939999049939994499999493499099944999499999030000000111013111000000000421353560
0445999999999099909099149090999994999991024900999099999940000000000004900000000000145233338
0445999949999999399999999999949999994999399999999999994990000001003014310000000000512431438
0405992099999099949999990949999929999999999999999990499990000000104110210000100000324151687
0405999092999994411991909999423999991999014199999199991900010001009010110011100000315243293
0405990299299999992990999999999999099992099999992999999990000000014100900000000000315241673
0425999929299999999919449999299992149999999999999999999990000000000002900000000000253142259
0435922999929991999999329319991999922199929999999323919990000011003023220000000000145322578
0435999939299994999999943949924999299494932999499999999390000001002013210000000000154322247
0415394409299299912949949290999944999999909099409411919220000000109011010000100000432153085
0415909999209992992211999909919999999929910029999999299990000000000001900000000000234152600
0415944209140421339949949992233949999990099914299491923300000000000001900000000000134253337
0445923092299094449122999909023919991999100922994299999030000000109014310000000000415234127
0445990999909433393999990999349929999029303900999402349991000100005014310000000000415233683
0445999229122949942209924292911991994992999909999991999990000000110014111010000000415233534
0425993999999124999499399199149933934942912999999299491940000100009012110000000000123543410
0425939999999999939999994999492399999429932944999249944490000000000002900000000000123542833
0405992909939093909999923999999929999999999999099999993990000000000000900000000000314522244
0425990919990099929999999999929999099120099999999921999990000100007012010100000000453122829
0415993992923999119233412424499939322499999244399139924990000000000001900000000000132543997
0415949999199993993949399949199099934139090990994093199990000000000001900000000000132453717
0405991999224999493999999499299999999999209099099999012990000010012010310000100000354123367
0435999024944299932399299209209999293909992999999329999990000000000003900000000000514323933
0425990999499999992002929919909990942944399994949339094490000000000002900000000000513243760
0434999399349999949399999999999994999999999999999999999390000100011013110100001000152341337
0435999399349999949399999999999994999999999999999999999390000000000003900000000000152341383
0405991999991190999999909999199999990991999999999999999091000100007010110000000000351422000
0435909494099900939999909999999999993949393999999904999990000000000003900000000000412352985
0435909939999999994994999099999999000390949394903999099990000010010013411000000000512342588
0415919999999999149999919999999999999991999999999944999940000010005011410000000000235141458
0404939999999939903399999993999933099999990993999909993990000001010010210011000100325411940
0425999930399929099999099999992390439999390299909999990290010001011012411000000000423513947
0425999999909099992992999909199499909009299999199999299990000000000002900000000000513423083
0404993999999999904993909994994390493099993999949939999930000010007010110101101000341522598
0435199099999999991999919990999900909930909991999939399930000000000003900000000000521342622
0425909092129393910994941939942999910491999209091444939430000001011012111000100000523414083
0445999349994999999399999999999999949949939999992993999990000001004014310000000000142532349
0425999249499992999999912919999999999994999999999999129990000000014102900000000000123541718
0405994041999930999134293129399949013993099999931999939290000000014100900000000000314253490
0435941192902201204991004492332949110421092149911924032430000001011013010110100000152344905
0435999922942293139991119999999993221232921194119924994990000001002013210000000000145323779
0435922929209099219439931941040902942411904490290323429100000100004013210000000000145323723
0415999990191999999399099939099909939199909919999999999090000100007011010000000000531422446
0424999999999994914902119994499999990029144244991112419990000000112012010101000010253142707
0445199919992499199910999949119499999929991999999911929490000000104014210000000000214533005
0405999999999990909999999999991999990999999999999999909990000000111010110000000000321541416
0415909434994432229099932203293999992990939119299994921120000001010011411000000000531424239
0425993339399929999990390932999939430033299920939990909990000000000002900000000000513424000
0425914194914129214904049900919911429911099994494900490920000000000002900000000000523143982
0405994949093939999994999999099999999999999999999909993900000000104010410001000000321453000
0405999949999999229999902222920999999999999999990999990990000010011010410000000000321451715
0404999999999999229999902229990999999999999999990999990990000010010010410000100001321451612
0405999999999999229999902229990999999999999999990999990990000000000000900000000000321451737
0445909299299920399990944429909992999299929924999902999990000000000004900000000000214534000
0425909929991404990999392949394930939049093319993209999920001000109012010100000000523412992
0425909929993303999999392999999939999099999939993299999920000001003012010000000000523412674
0414992219999949992249992942299999999919299192999999942910000100011011011000010000134252750
0414949999912499299249949919991129999992992449443942349990000000112011011000010000234152722
0415949999912499299249949919991129999992992449443942349990000000000001900000000000234153244
0415199999499999299999999199212994939991999999994992399330000001011011410000000000134252905
0415999991999221999919999999993999233992299999299919999990000000108011310000000000234511696
0414999991999291999919999999992999299999299999299919999990000001009011310001000010234511536
0415992201999999999999292901199929992902091999929992099990000010003011010000000000435212976
0405999994199999999992910999929999409949109994999091999990000000000000900000000000352142748
0405944994099990999499999994909494999999499999940999999990000000000000900000000000342151999
0405294494199991199999421999999999929099990991049991299040000000000000900000000000352143490
0445999193343209443000111913023932032139091200912249232990000000000004900000000000451234947