0825390039443142329039341004423939920130423149092299919240000000000002900000000000451234721
0805921210244431002221424404310929120909343912199013191390000000000000900000000000135244464
0805991441330213001104129990400919940924422494191292993930100010009010310010100000153424183
0835929999239143439999999919999999999993293291929993999330000000014103900000000000534121965
0845949399249120394299920922044999999919911049249002111410000110008024320000000000425311993
0844949299249121094299929992944999999999911949949200911410000010011014310001000010425311821
0845949299249121094299929992944999999999911949949200911410000000000004900000000000425312830
0825912409299999239240994399999944492220499249999099914390000001012012010100100000351242861
0825912409299999299240994399999944492220499249999099994190000000110012311100100000351242936
0825994029391993320401330939932940993490212999421209091020000000102012110000000000531244595
0815299903021333019400999091334901430119323192044434901320000000000001900000000000315243882
0825999919101333241910220219299999999914191049492092943200000001107022421100000000351423764
0825999900042493909193329019993919132491929299919304222930000010012012411100000000351424227
0825999930912093999199329019999919132091929299999933222930000010004012010100000000351423889
0825999919203211403112900219403999399031910299931912244230000100103022421100000000341253561
0825114934403044220309090133134909990413323993449220312220000000000002900000000000541234881
0805399992210211003930499201029991223431033129919091399990000100001010410000000000124534374
0815140423232303314424232139102904424399099190904139921210010001012011010001000000312454764
0815940420103411229443319932333990094900121109949290203210000000000001900000000000512344853
0815991299004391440931929934993913322149191309999990309910000001011011311000100000512342599
0825931433294343221001010042192901303114414909340232143240000000000002900000000000451234955
0845311912123924449199134004040911122223034022934902911330000110103034020111000000354214082
0845903242300101443492914991021949020393914033090393999140000000000004900000000000423514255
0825944934112103243919340004222304423199440013020133340320000000000002900000000000251434783
0815209349232041210212994091092934432349212299944333311910000000000001900000000000312454796
0805049132111444404933200022091431133240219249331324131900000000000000900000000000123544851
0835322112494400001190431144403919222224043341419299302330000100107023020110100000254134911
0835344299191090332929943242903091421421323024194341409400000110005023020110100000235144769
0815924221200929419992932390110939441922123049931399999210000000110011411010000000213454283
0815992322422123349333040012410990931924901109992209194190000001104021421000000000315424560
0805294991291940003340413334942949932993924093090099129920000010111020120011100000142532987
0835999999932249392000090492943992999999942222920333903430000000000003900000000000523143796
0825900000192902091941323231343940433410041349444292112120000100107022321100100000521434671
0825291104394130234144414003001941143933321394222293432010000000000002900000000000431254792
0825913119494430214993304102242994934240322101331990401210000100107022321100100000521344901
0825999994432329939499441190990909932010312222290141013300000000000002900000000000451324341
0805993309902094192224943099119924224043390492334039324090100010009110210001100000134522945
0825434433133023219490010194222934043209012430304149904290000010003012110000000000521434525
0805942322220130103204994312311999312321040324034414324400000000000000900000000000145234731
0805944130013039403299112233904922213930191093992290211340000000000000900000000000135424457
0815940921022441013230322930110929932914494392093349199410000000110011010010100000215344489
0805399319010303909994109901999999290429290231399993921920010001009010410000000000123544072
0805399319010303909994909902999999290949990231399993921920000001007010210001100000123544257
0835322411949331302141210043003990424143993914142104400000000000000003900000000000253144930
0835991232942493299919293123299919999994939914939341199390000010001013210000000000253143554
0825993922219099129999104199919399912290040299992990994900000000000002900000000000431523967
0815294223411092102903093249033930293410124294439021321100000000000001900000000000314254581
0805213332412123039121244499900999943430923113291214000300000000000000900000000000152344881
0805041130929430039433239211919912200231219322920992191040000000000000900000000000145324817
0845211349412111449119433910394939994490022213129933022900000001112024220101000000352413038
0845119349419111449919432910394939994490022213119939022900000100108024320000000000352412895
0845119349419111449919432910394939994490022219119939022900000000102014310000000000352413634
0845933132324420019002019113011919132312001434443092034040000000000004900000000000324514785
0845900110002233040210114132243999992249039311212044433340000000000004900000000000345214585
0845933113013234041212929121140412334110240022303320400040000000000004900000000000235414769
0845932312314404000130913204914922291023091019133491934420100010011014210101000000234514703
0845491390449021932439920299941921020923201994119901399440000000000004900000000000435214694
0825913392112201244939004403020291304140022319313434311300000110004032421101000000351423149
0825913392112201234939039403020291304149022319319394311900100010009012010100000000351423059
0825913992112201234939039403920291334149022319399390311990000000104012110000000000351423760
0844022999349999909920993499044992994990399499099940092040010001012014310110001000354213204
0835901919999233039399941149339930993914020919990919199920000000111013110010000000453123494
0815190240441430219242230134303944334343130202322200112010000000000001900000000000314254954
0815999902229242190129210031001910902993330421924333243190000000000001900000000000415234843
0815999099943110139429043122133940909140322392929994139910000000000001900000000000513244071
0845932212233040419120130334400912011021243033312401244100000000000004900000000000235414798
0845924292339290109229924999034944230413921193499209090040000001010014310010000000234512169
0844924292939290999929924999034944232433999293499209099040000001111024120111001000234511965
0845924999999299999999994999234944922433999992499229299940000110003024320000000000234511978
0845023939990242442993399123934919090301004290209400419340000000000004900000000000254314895
0845992221193113049040339030233902004241440422332011234010000000000004900000000000345214756
0815900012444133314999992920122902192319221002494403399310000000000001900000000000413254729
0815922034139231232029414330233904091223411044400210999130000000000001900000000000315244829
0835333309094094949043331410439901090499110411999419994490000000000003900000000000452133647
0815341990419994210399443999412919091399941194493923992020000000000001900000000000514234526
0815392993319230309932090991219992999931212193339391909910000000000001900000000000513423479
0825431414244000023101344332211934193993991209432240023410000000000002900000000000431524705
0825443341101202029103440231240933034141332093401121043240000000000002900000000000341524804
0825214104433010423044199332210901901931112234492404423000000000000002900000000000241534932
0845392030293924949990944432192904301219411239902111319240000110012024020111000000243513788
0844992231993924949992944493199934329919411239929119319240000010009014211001010000243513402
0805929994941999301919400121093991991139299919910900992900000000000000900000000000154233543
0805933441111991214133432202001999013204313244344120032040000000000000900000000000125344377
0815103900344092112294032249411102442100924123943203403230000111010031321010100000413254481
0815103900324092112294039249411109442100924122943203403230000010007011411000000000413254525
0805939991340999109141309334340994941110922034993390022120000110010020420101000000142534070
0805939991340999109141309334340994941110922039993390022120000001002010410000000000142534228
0805291231122304443311120139001931304240932291013324292400000000000000900000000000143523740
0805992992243410109999921029003999333149911099333294940100000100010010110011100000125434655
0805919249203040431999394312020399121190924023219309491120000000000000900000000000153244655
0804221913019930999992199399909929320929309299091399920090000100008010410000100001135423836
0835092149104432330940900191333994900409243410209941123240000110005023220000000000543124924
0835914242112031432213119432120942004943413090234192340040000011107033020110100000453124536
0825990404309342109311994322040934034994442293119293214020000001107022120000100000231544802
0805933102443201104323204212141042113440012139294343322100000000000000900000000000123544161
0845030499999049090991999949994919911190991449909919944990000010011014010101000000352413091
0845991199499243992121949239934999994393429911999113342140000001002014310000000000245313806
0825499439202413424993094134330991019201302293149920214140000000000002900000000000251434475
0825329093901332203909314491420249901919223243999440344330000000000002900000000000251344685
0835909114992333239400002414310901122291934399949900244300010001010013010110000000254134858
0835909114992333239900002414310941142291934399999900244300000000104013210100000000254134830
0815329443491023310432334440212990399341222149002190123130000000000001900000000000413254803
0814999201991912020049999949919900224441291942449190904190000100007011010001100010314253847
0835104491091992931143400420333940043422901392491024420131000100012013210100100000432154815
0835994092401134430029314231304943431200122190400202224430000000000003900000000000534124032
0804994292299099904999999492099999990999094994990094909990000100011010310001100010124352697
0835990323040334349041029044100944112939394991993110019990000010007113210000000000345122571
0835990313249334349499099944910944112939394991993100919990000001109123020110000000345122428
0845200929391023349024149901094900494911034011941112231390100010012014210101000000453214160
0845200929399021349024149901094900494991094011941111139390000100111024320000000000453213968
0845900929299021049024149901094900494999994011941111119990000000000004900000000000453213939
0825993114043230429293131044044909301330434202431201432200000000000002900000000000351424804
0835921290090329239229943193040991011934093099101339420240000010009013010110000000354123709
0805499930919030949994034099340999193999999390943049113990000011009120420101000000145232319
0825994003312321123333900313424903444022341290409400142140000000000002900000000000521434600
0825390019430943224442409014232930912109323440401903921310100010009012111000000000521344517
0825099949990943224992049039292940942909929449991903921930000101007022120000000000521343958
0835999929923033112099120414333999299034040099999993090110000011003023120010000000325144010
0845900322129011499012023904213409214933991410999130044410000000103014310000000000543214510
0845319299923949349400949043491910990029439104299900113220000001012014110011000000523413347
0845943934109913449033091103213919001402010142999943223340000000000004900000000000534214313
0815924994991919119924902909994999222199999994912191099200000010010011411010000000415323010
0835949001132493234440104132904904240224403199219019320330000010011013110010100000324154725
0825310933299202329093041144944909932394292903094314409320000001104022120000000000541324728
0825999992999931219919299999999999999391992299992919923120000000014102900000000000531422324
0835999009494304339000919331324992909910224340290913101210000101002023220000000000543124531
0815194242320420919344204343293934431002119234132321230010000000000001900000000000413254599
0805023243411094441313990091940939194099949492333999019090010001010010210001100000152434199
0805023443411099443343990091940999194099999999333999049090000101011020220001100000152434367
0805949391442249913902109949490990919999009929192499039300000000000000900000000000132454312
0845933010230033149993004214401024014342214203301119921310000000000004900000000000523414234
0845900291330149940211334103002991439420112292132394144200000000000004900000000000354214264
0845019013393120341992122300312299324942023432901391404440000101107034020111000000253414682
0805499200043209902999299114949992993999990992499999044200000001008010410000000000145323892
0825992092299143949919199211421999999994032292999019103910000000000002900000000000531242874
0845923922941901949399991191000990214100904493900940211440000000000004900000000000324514977
0835919940013340119919099939239919999493033390949499991990000001004033230000000000452134120
0825039444943290224494909124202949310023931149411291311330000101010022020101100000231454080
0825039444999290224494909124202949310423931149411293311331000100008012110000000000231453976
0825901244033031300021444102032999441193903241214402411320000000000002900000000000231454812
0825141430039909239411132921221944344019230000409319932020000100011012111000000000321454664
0825400110439221220031149244344934101013232334919390940920000100008012311100100000451324702
0845910330412324229019944349034913093910930292239999434990000001007014210001000000432514528
0825994493494121924443409292392990102021010149943302031330000000000002900000000000321454661
0825934193221031131492204399910933142010233044999044041220001000105012411100000000241353781
0845920020334412132943434140002900233011420209999299499910000000000004900000000000534212884
0835990044201924920203909103212909490193331399242299213300000001108023421110000000452134457
0835920122299142940910324921490991101931033320201293134930000100112023421110000000345124072
0835990929299119999929394929491992902931933320911293132930000000103013110010000000345124216
0835949110392104242210930921333914944449923312212399914040000000107033030110000000254134927
0805032411424002393291410001393922221394314044432091319320000000000000900000000000123454846
0805339239004099912999993993911999239314012023399202092200000000104010410000000000123543692
0805029993911434092429442310140993424431240993993233300101001100104020220001100000125344976
0805029999911434092429943310140993434431240993999433300100000110105030220001100000125344988
0805234393241301424419414910012033912290491043233419310100000001011010210001100000132543909
0805234393241301424419414910011033912290491043233419390100000000110010210001100000132543910
0805934193141301994999314910019099999190499044199419390100000001105020420000000000132543535
0845999994294999419331392294929999939419344299399993399940010001004014310000000000423512723
0815942493239119992949911233199942129943132299429939999910000000000001900000000000214353671
0835999399999913299933949991393993999999329999999199999990000000000003900000000000253142646
0845901134330919149994399440199131133041904911303499909390000000000004900000000000452313728
0835344112403209294912440923933933341999921192499924441900000100013013210100100000253143217
0835349112403209294912440923933933341999921194499924441900000100002013210000000000253143316
0835932499429931904499993329410999999131014039449991994330000000000003900000000000253143196
0825949344042132194414001332202914490999323213130392101000010001008012411100000000241354542
0825934949412902929339234493942993993914942293999909924900000001004012110000000000231544326
0825934309242041149393299399422934402924934203999930939390000000000002900000000000421534477
0815949444499910019400302902902994033193211411199399309090000000000001900000000000312544246
0815993903244000119393020422231940033411414233242314001430000000000001900000000000512344760
0835992192310213339241134344234999122100003011991404044440000000000003900000000000345124855
0835202104313440431314019902443932991909039940411110939990100010012013411110000000453124159
0835202144313440431319019990443939991909039940211190939990000010009013210000000000453124176
0825300199299490294099931040422299932194443104393290199421100110007022120000000000531244502
0825300199299490294099931940422299932194443104393290099420000010008012110000000000531244478
0825999999299490293199901940422299932991949909999290099121001100103022020100000000531244684
0825990093210143309949990010242943939321221293039939013230000000108012110000000000451234615
0825494340232022123040444194112930203149300390033433914210000000000002900000000000521434584
0825290090933190490091342434492993299920341299923133912110000000000002900000000000531424403
0835299990141433129914224090920944999109943393492499043330000101004023120010000000245134279
0845929119199109149019449010144919412194094909900299999990000101003024020110000000543213354
0845929199199109149019449010144919412194094909991299999990000100104024020110000000543213226
0845999199199109149019449010144919412994094929991299999990000001007014110010000000543213386
0815934042032414133040209293312010442103142199903042412220000000000001900000000000512344622
0825999330404034214432312304312993220401134493441123121010000000000002900000000000521433859
0805493234014039349113102432140923124102092431111334209400000000000000900000000000154324538
0805993013931111149294993200432919499430402233913412220000000000000000900000000000124534524
0805194923411421019431449130340994912302042239334990201201000100003010210001100000134524502
0835321240190240439211241024144921413932204394112093034300000000000003900000000000345124787
0815349432244121010491923209092999900932931139409993211940000110012021321010100000514234503
0815049932244121019491923209092999940932931199949993211940000100103021020000100000514234097
0814992299233211332129290991219919999232999999999299991190000000110011010000100001415232917
0835909290121223130914140324022991190433040091114302433221000100005013010110000000352144393
0825931421140300129403324341401914143120402033024033314220000000000002900000000000231544865
0845991491031332049114943910410901222094030429019439110200000100004014310000000000253413726
0805939109911933992390999199909931901339019129090911099990000000000000900000000000153423018
0825013341012421221044444900112939334919902933330092493210000000110012110000100000231454771
0815999942111149199999949949910922921992199999242994409901100110003021020000000000315243127
0825049944331142919949033392220929399340242249399900190140000100012012010100100000341254125
0805944143241134009122240911103939902294139943223403100310000000000000900000000000134254723
0815400210303032410221114231301922124434304029992304439990000000000001900000000000415234350
0815299430194949330922230029913993494112994122402134911230000001011011311000100000415234225
0815299429194949230929902029913990994112999122299194911930000000107011010000000000415233610
0845003921409334419009931923444921399913994290200013439020010001010014010111000000523414844
0845003921409334419019931923444999999913994292230013439020000001002034030111000000523414833
0845003920409334419199931933444999999913994292239019439020001000108014210001000000523414793
0835990919342203249129034101913990099119233099999902023340000010011013411110000000453124307
0805999999491903110911131922332319940439031202991094240091000100009010310000100000132453266
0845949290409439910994942999913999901391919349090212139440000010009014310000000000523412754
0845949290499439910994940999919999901391999349090213139440000100007014210001000000523412944
0845031311303220043909923032940919191120941412221410244040000000000004900000000000254314904
0845420129002902013944990492904994990929999439999094002910010001010014211101000000325412631
0805312442419190101322993400300492212434333099221049391430000000000000900000000000145324875
0805992119139949039213230224301121191921129029999202030901000100011010310110100000135423985
0805922441032213149422110390014941414312033492421021923000000000000000900000000000145324626
0805922991009299949299990993040912941020924094149291229340000100012010110011100000145323870
0845933312300424912332931093440932240990049129929412914930000010009014110011000000235414229
0805909990239190409299204919104921129431319909249411401130100010003010410000000000134523352
0845992440390299203939909421204994409931319429393329049920000001112024121011000000234512351
0845992440399299203939909421204994409930319429393329049920000100008014110011000000234512227
0825991290411992229321999414144900939209919499930400299920000000000002900000000000531244305
0835912902041300439404010343142929141323230190414104302410000000000003900000000000532144429
0825313949099992991412991443022999944292112403411949102190000001008012010100000000341254175
0835194411143320914420290133939912404440100399104993439090000000000003900000000000423154834
0805999331244242019321020014420913131222230139133301044210000000000000900000000000123454168
0825909203993232929999929990999999993990929999299993999920000000000002900000000000531422825
0815212239330034141090493422011939229043219102929233433190000000000001900000000000513424959
0825992930449129929293449419142919303399019299931949232140000100011012010100100000431253736
0825919949914049924924990120929992090149999099211009209290000000000002900000000000341253927
0835999949934999914300991912494990499403400344909933203030000000000003900000000000532143236
0825999994129999224941932444999931922199991194992231999990000100101022120000000000241353820
0845903299404134049229934093941930993204023130039322929410000000000004900000000000523413882
0845904929992319990490230939424902043049399400923024193930000000000004900000000000523413947
0825219399941994190919919092023912912909949294292999993930000000000002900000000000531243878
0835999200000013132229429014413992440331243229909939493490000101002023120010000000534124470
0835990940123322039494301114022900014914402300941494342330000000000003900000000000352144496
0835399994992140019990999141221993999204323099934249393390000000000003900000000000432153353
0835041102149431234901402909439940001123330340021192234240000000000003900000000000352144947
0845900014199091091922213344343920129443120499122933024110000010002014310000000000543214120