0645201009420903399494029999999999993149943109991309999490001000110014211101000000531242781
0615919299999992292909009991199212092090919921999929099990000000000001900000000000345212504
0604999109999299999900999929199990999292099999999919921090000100011010410000100001453121815
0605999109999299999900999929199990999292099999999919921090000000000000900000000000453122280
0605999919130102329919993124903999099190442399390199439320000000107010310000100000431252330
0605491099332904039049114134132949992029033239449399939420000000000000900000000000451232945
0635991311034114001010139934220942904943342291992492994900000010008013110010000000153423161
0635991494331194999994493192991919994419929919391939239990000010102023220000000000235413066
0625933999932349999992993933399999999922999934999922999990000000000002900000000000314522015
0645901094012029404990919090990992992299999191441409999990000000014104900000000000532143563
0635299909999999199290993193990929909310239292929331299990000000000003900000000000315422971
0604999293209209929939209909999993999990992992229099929990000000109010110111001000425312768
0635999943023323101911112099229299939421349099191444249000000000000003900000000000351423562
0634999991919399999999199399999939939193999999999913999990000001004013111000010000351421896
0635292929313102949999394112494934122994012099299499143230001000105013110010000000352412989
0635299299119244199329913342200992299994340999431999430040001000107013210000000000135421523
0635299299199194999329913392494999999994349999232999439990000100007013210000000000135421499
0635999999409039999094993999999993999309999999909303999990000000000003900000000000312452522
0635900109049944442901112043224199390131322403911099903040000000000003900000000000523413434
0635999099999990999999999099999990399093999999393000933990000000000003900000000000512431642
0635999009993409094999904949909943344999349999940999939390000000000003900000000000312452570
0605933919993444990191194049399999999909910911011949403990010001009010310100100000451232637
0625999999222999999999999929992999219999999999999999919990000000107012110000000000354211383
0625939923999929999939991492949999999219992991993929939990000011013122420100000000134522126
0614900139099109119333909999999999990999999991129999099900000000110011411000100001341522550
0615999999919992991991499999911990909909999919999999999090000000000001900000000000542312500
0615990903992991909199999999999911993239129943993093199920010001004111311000100000341522694
0625949939492999994243924994999999993299999929999999992990000000000002900000000000124532251
0635999939999949993499939494399994999499999949939499939990000000000003900000000000312451951
0635994432249910299490902394901949194929293393192921949390000001011013110010000000213453474
0635999999399039909939999999939990999990909999399999939990000000000003900000000000215431653
0605993990199991149122442321933909999119210990909299991030000100010010410000000000435211987
0604999990199991939132192321919909999119990990909299991030000001011010410000100001435211963
0605999990199991939132991321939909999919990990909299991090010001007010210001000000435211913
0605999991099999999199121290909019919990999919990192919990000000000000900000000000452312432
0635930019099033940399999999039919011499999990999309999990000000000003900000000000531422860
0625999190902932404299999929940999119339224139139011393190000010110022020100000000234513060
0625999991992932944299999929944999119339229939939911393190000100103022120000000000234512518
0625943939994999243493209119090933344023921194990902032140000000000002900000000000234514050
0645941994999993099900193999330999441499939999999149999990000001103024120001000000123541590
0635929494993999203333329929992999949499999299999929999990000000000003900000000000123454000
0615919299292999929999193999999919999919291999999939999910000000014101900000000000245312171
0605229992909394990990999993999999999399304999909939029990000010009010410000000000435121607
0604999992909999990990999999999999999999909999909999099990000100001010410000100001435121361
0605939902939930993993990993992909299099939299999999990990000000109010310000000000423511794
0605999399999399999013399999999999990990339090119909939990000000000000900000000000413522460
0614914999991993191399491939394939993914990949993399499090000001011011010010100100142532030
0635999999222090299199993990344999993499933291999943999910000101010023120010000000213452537
0635999999939993999994994933949939944999999999994943949990000000000003900000000000215431792
0605133090299940442929033913244999099999223139999112114010000010008010410000000000423512426
0605129090299910449929093993944999099999922199999112114010000001010010410000000000423511890
0605919090999910999999099991919999099999991999999911199090000000000000900000000000423511600
0625929929929999999999199299199999919999999999999992299990000100008012110000000000354211233
0645939409333294993939349999999099029499292943939399922490000000000004900000000000213543315
0625939902499949909990922499929999403093999949929399249990000000000002900000000000314252795
0625399313094143219499999993212940200919324119099134134920000000000002900000000000514234875
0635949493399449394903999991949904094400913349090999909190000011005023120000000000521433305
0645999919999999999999999999999999999999449994994499999410000000000004900000000000235141076
0635094013999133219043999911092904909109901299399223991940000000000003900000000000531423166
0635201132112221209991144433324931004421232400900194490240000000000003900000000000351423963
0625999923999992209133239393999990932393993992990999999990000010009012110000000000234512388
0623999923999992299333239399999993932993999992993999999990000010010012111100011000234511778
0625999923999992299333239399999993932993999992993999999990000000000002900000000000234511882
0645999439932499999999942999999999949399499999924999999990000000000004900000000000213542294
0615999999931949431999933999199999993919994991999991999990000000000001900000000000241351564
0615999099999194999999499190991999999999099999499119999190000010003011010000100000543212542
0635999999992999929994999999993999439999292299999349323930000000014103900000000000521431866
0645992314914193493921412323499929999992929933419211299390000000000004900000000000253143578
0604999999919191199999909999999999909990091999999900999990000000105010210010000100431521165
0605314414400211221994199194042999492944233093999929041090000010009010310000100000453213535
0605999309929499939900909449099999999490999999939399999990000000000000900000000000415322870
0615999913994139391094991339991999999394319499999999999990000000109011010000000000142351870
0614999913999139391994991339991999999994919499999999999990000001010011011000010000142351537
0615999913999139991994991939991999999999919499999999999990000001009011410000000000142351381
0614993999999993999939199919999919939999999199191999999930000000107111011000010000241351587
0615991120419390942339439093490933244910309921009399391040000000000001900000000000341523288
0605990999099994999099099999999909999999499994999909999990000000000000900000000000423151478
0615994909199043093409994904499994193193199999990140031390000100001011010000000000341523334
0635109119109121049949113924442919992293349313319929044900000000000003900000000000352412771
0624999999992909299900299992999990299990999999999299999990000001011012411000100001514231674
0605999999999999019999909933929912393200919399210939992090000001005010310000000000423513011
0645939499214449222131121299419991999192929991499919992990000000108014310000000000152342751
0644919992929999949994919299190994924929211999199499429090000100011014010111000010153241759
0645919999929999949994929299191994994929219999299499429990000101005024120010000000153241751
0615499249999092949991999909149011992299991999999909194990000000000001900000000000345122008
0615399924111409039993991920093912994440130999902442302390000100102021020000000000345122929
0625999999911921992001999999439910919214941399929219942430000000000002900000000000254312760
0605991049949931319191999919993991939934093099990909104430000000000000900000000000432152667
0605999909199990349039999099993909991199490999994499199990000001004010410000000000451231577
0605424092323099031232939421114994990340999922149190392120000010105020420000000000453123843
0625404999239099349243990090043990493992909199299940240240000000000002900000000000354212986
0625929199302933399322201113293999999913999999399999999990000000000002900000000000254312319
0625999991199900931991919199932999291999230912122993090990100010011012110000000000354211700
0625999991199900939991919199932999291999230992122993090990000010101022120000000000354211803
0645990499994999999999994994909994999999999999949099999990000000000004900000000000521341315
0605990999922499929999092333309999299940934909999099999990000000000000900000000000413251901
0635092220442301419332112920941941094429101192003344290310000001005113210000000000315423654
0635092200442301499339112920941949994429101192003344099390000000111113210000000000315424201
0645999240040424920999209294909990949999992902929929999290000010003014210000000000513242666
0645999993034092920009093430999999999994404994990993292920000100101024320000000000513242665
0605994499099999994924949499999094999999990944009294990990000000000000900000000000432152081
0603900999999199999999099999919999999999099999099999099990000001005010410010100101413251016
0615403039441404903999009094042933999999119023319994142140010001008011311000100000143523632
0615991994499013499094099919949999909909439939999441193010000001102021421001000000241532739
0625919999999433499292991491949924914999194499299999122990000000102012110000000000134521826
0625990019991992992999999334923999932992214099999999499990000000000002900000000000154233385
0625999999999999999991292999999999912921992999999999942990000000108012410100000000254131831
0645999990049409994909993999994939999999999999999944999910000000105014110001000000321542158
0605439334403124411090009091422999234929132194432343412120000000000000900000000000421532946
0634939999994399399992299939039939999999492999999949994090000010010013110110001000125432023
0635929999932993399999933999999999993092999999999909999990000010005013210000000000523412860
0645190911900993999999949994913990191499033941919494999190100010007014310100000000531242534
0635099499991009319994149990399993921209399099999939931920000010009013110010000000523413121
0635990999099999900339992999209939299939990990390992299390000001009013010010000000523411760
0635999999099999900339992999209939299939990999390992299390000100102023020010000000523412003
0615999999919999999199099991122999199209122999999999902990000000000001900000000000542311382
0625999190913229109929293911039913332339290999499999990010000000000002900000000000234513559
0645994229929499999999999994999949999419999999499999999990000010008014210000000000153241633
0625993323492993934929139499921932941949499439941994299990000000103012110000000000254312772
0625929999929299399999942199999999991312999924999949399940000100005012110000000000134522056
0605999999009001992091999919199999911999999999902299199990000000000000900000000000452131821
0605901211012149431049929999194922440909093291499199991930000000000000900000000000453123309
0635219399239999209990919999999921932392429210113493994900000000000003900000000000251432580
0645029190999994992999099330121949999909494400999990934010000000109014310000000000523143560
0615999299940144999993904910010993932499441413319290999990000000000001900000000000241533564
0635099999449994993339429929349942292399429909499994229430000000000003900000000000513423130
0615999909999999990999100499941999991049999991991040199290000110002021020010100000542132587
0615919942499490490949119149909999499990919049991999999990000000000001900000000000243152609
0644999499149999994999994999999949999999999999999999194990000101005024220010000100235141186
0615991994199942199419991999499929999999199999999499999290000000000001900000000000243151755
0645349999339229909999910024220991999310014941999939434290000001004014310000000000153243454
0635939094149949999909994999999999993139943991999933999990000000000003900000000000251433273
0645949999990014999901909409929999999491999149999099092490000010005014210000000000523142223
0615993313929441993329299129912999919999999939192399949990000000000001900000000000243512762
0625902334404192409939949929120994223901114903933319014440000000000002900000000000134523144
0615999914919994499999199992999999999999211299999199999990000010001011410000000000142531348
0615291249234999929994499923129922342923119399999199219990000000000001900000000000143253538
0615999939911999993339999999999999999919199939991999919990000000000001900000000000142532000
0615999093449149999999099931149199300399433939993991199340000000104011010000000000341522608
0614293329144191499294932439944129294239991193934993439990000100010011011000010000341523683
0615399329144191999394934439944199294939991199934993939990000000109011410001000000341523616
0614999999199999991199399999999999999993991919993999991990001000109011311000010000342511364
0645999990933292249909339099049999029943929199990444399910000100012014210001000000521343091
0645999990933092249909939099049999039943929199999444399910000010105024220001000000521343219
0635990399099903999099999991939990999909199949999039939930000000000003900000000000531423477
0615999999999999949991999999999999999999131119999999133990000001009011410000000000241531305
0614991419999391999999199993949999993949991991999499949990000001004111011000010000345122225
0615991919999491999999199993949999994999991991999499949990000001008111310000100000345122064
0625039902391332093994030944421939239904943943999909220990000001010012110000000000314523039
0624939902391932093993030939929939239909999903999909220990000001011012411100100001314522891
0605999099900909199991922993999990999939999199092291993990000001002010310000000000423511727
0604992111022902999990999999999901992921909999109999999910000110002020320001000010452132379
0635920139192992049932991909024922200999391092119399039390000100010013411110000000235412878
0635929139192992019932991909029922220999399099119399039390000100102023020110000000235412884
0635901114344190919399499449039999443949999990199140343900000000000003900000000000321453742
0645999939994094994999909099999999909949999439990930994990010001003014010001000000521342691
0625429942400033200991920993933992993993999909011319939420000001012012110000000000354212239
0625999021991419422909994121491999999993191099499499123290000000108012010100000000234512780
0644992449999299994929999949999994999999299999499299999990000001008014011010010000135241304
0645102490321030430009929212921999333991432304210491329430000001008014310000000000523143495
0645190490321130430009929299929999933992431304210491329430000001004014310000000000523143542
0615999209191922999919909900990991999909999999999919991990000000105011010000000000543121886
0615393432044244229100100149033902210930493390029142314420000000105111411000000000543214274
0615393902044243929100100199493992210939493390029142314220000011009121020000000000543214375
0645293914993100099939099144229933491999909199939044110290000001009014310000000000231541979
0645999994999999999939199144119993499999999199999944919990000001002014310000000000231541686
0635049323219921999942214999911911103994193940221443943920000000000003900000000000132454076
0624992999999929999292999994949929939999923999999999999990000110001022120100001000134521187
0645949293999919994932422239931999999343419433999923119990000000000004900000000000125343040
0625901999042211440330930429401919033404922299399303994430000110005022120000000000524314682
0615929999299199912299991999919999199999999999999999991990000001008011210000000000145321863
0615909144212922990994219999999999241199429949919999942490000001013111010000000000245132894
0645999399999999999999949140191999999999990944999949940930000000000004900000000000523141178
0645119912109209099909929949912909190199404944199930499190000100008014310000000000531242457
0635999932993392299039293992999999999999992099329999999990000100101023220000000000325411251
0615999999999399942139992131199423399999219999999399129930000001009011410000000000245312652
0635999393999993999999399399999499949909993099994999494990000000000003900000000000123451999
0634949434999999994494909399999999313199911339144994494990000010009013210010000100231452471
0635949934999999994494919399999999313199991339444994494990000100003013110000000000231452219
0635249041039909039444419990949909401019993903929339999900000001010013210000000000321453488
0634049041039909939444419990999909401019993903909339999990000100012013210010000100321453428
0635049041039909939444419990999909401019993903909339999990000000000003900000000000321453569
0604999999999099999199909991999999909999099999909999190990000010008010210010000100453211554
0605999999944294999909209001299921999991412910990141412290000100005010410000000000453121612
0615990024110199499920401949994902941200999999994201999040000000000001900000000000543123430
0615999999119299999999299999999999999992192999119999219990000000000001900000000000243151358
0605344199109330234942302134924999290999391121041343240341000100008010410000000000453123874
0644993999293299922322244499949943343993929922332993999990000100010014011011010000123542418
0625999949919922299999199999400999929942999493949999949920000000108012010100000000154233490
0635911199992919349112232491199993999993499391999199909300010001012013210000000000352413084
0635911199992919349112932491199993999993499391999199909300000010005013210000000000352413351
0625429991199002999299999419999991999904999992999994420290000100008012010100000000234152516
0615992129494942909919990192922941119099293999444949903990000100005011010000000000243151676
0614992129494992999919999192999941119999293999444949924990000001007011011000010000243151644
0615999129299999999919999192999991119999292999999949944990000101002021420000000000243151584
0645324242099900999993999990299999022333909944222034049990000010002014310000000000215341692
0625042903911942909999992990192990091932410094493999333420000110012022121000000000214533223
0625042993911942909999992990192990090932410094493999333420000100004012110000000000214533860
0625313419022440439199901992423911914124920999441939310330000010008012110000000000154233279
0645994099099293294199949902421099992990909904192132499020000000000004900000000000531243051
0645909119929491004940919049299099921999920999991219990440000000000004900000000000253143209
0645914999099999919990940999999999999499994999499999999490000010003014110000000000532141687
0633939999999293393999999929999993399999999999999999999990000000109013410110101001125431195
0605990303399949999949909999999999993999999909994490940990000000109010310000100000412351510
0605909999490090999999999109992940299429992299999999999990000000000000900000000000423151798
0645309490429430329900929939921390922999291199039994920440000100010014310000000000512342948
0645909490429430929900999929992999909999293399909994920440000001001014310000000000512342679
0634939999992999993999299292993911199439239999329499929940000100012013211000010000153422134
0635939999994999993999199192993999999439239999319999999940000000110013210000000000153421979
0645929291429294939999424991911999922991211392933999994430000100008014310010000000215342820
0635949394234929039990993999999999999992409349349229999020000000000003900000000000213453371
0645944999992999999999999944499949999992999299999999999990000000000004900000000000215341591
0615990999999999999999999991199991991019991499999999999990000000014101900000000000243512101
0605299910149499239929494423122019330423301219143021312040000010001010410000000000451233901
0645949919911202334929491220439999929499299049929999321300000000000004900000000000135242880
0645029921110019132229110200449949329231039422999930031440000100002014310000000000125344812
0645999999949199999991994999919999999994949914999994901990000010010014110000000000351241275
0605934449311190943139991994999909930939399934099909043310000000000000900000000000421532927
0605990999099909990994343093399994994999994909999939999990000000000000900000000000421531747
0604990029099919122429299099921909999991999909999191129920000001103120320011100010421533262
0635119409994110004494994093133391999999999921919499993390000001010013210000000000123454366
0615909999992999990299199999999199902999911992299991922100000001010011010010000000345212295
0615490149300494299443399149094991319309494390301139422930000001009111010000100000541234646
0605920290299999999200999929219909990999999122999999929190000000000000900000000000415231653
0605299999909492992290909999992019929900999191999924992920000010003010410000000000413252057
0645039949099210239999999993949999222242993499949999949990010001012014310010000000253142191
0645039949099910239999999992949999222242993499949999949990000100009014310000000000253142169
0625949199999911192219999999920991992229999991999999999990000001011012010100000000254132302
0625919999999911992299999999929999992229999999999999999990000000102012110000000000254131332
0645399099222049149999991992919994994094299499909199999990000010008014310000000000512343426
0635993999949999993999939999394999999999999999999999393990000000000003900000000000312451175
0635994140149911119139431949999943422292110099993323499000000010104023220000000000123452269
0625909949429220099990249999499949499909099290944999209990000000000002900000000000514232753
0635990012312020299011322923299999901391930900221391999290000000000003900000000000351423818
0605909999099099999999999939099999999999999999999109309990000000108010310000000000453212004
0645939909999399993990999994999999300004949094930949499990000001002014310000000000512342680
0634999403339040999009491900349991913113449010041941941910000000109013210010000100531423461
0635999493339090999099491904349991943113449010990941941910000100104023120000000000531423079
0645922199999491909149924001199994292149909099199419991900000000000004900000000000352142522
0645399999999399993990032042042902909314994219099990322440010001011014111011000000532144632
0645129333431001009213940419222943330394924229209119311000000000000004900000000000123544177
0624999999992991399999919919139911922999129929999239999990000010010012011100010000154231441
0625999999992991399999919919139991922999129929999239999990000001002012110000000000154231551
0615939990032400043292332214041999333191192929929999423010001000103011010000000000345123716
0614999991933939999999999999999999191999119999993991399990000000110011410000100001143251573
0615999991933939999999999999999999191999119999993991399990000000000001900000000000143251656
0625099999993032999929393292939999399399999999203999992990000000107012010000000000314522178
0625999993000399999929299999992932329393033999299903399990100010011012010001000000314521603
0625999993300399999929299999992932929393033999299903399990000001004012010000000000314521630
0624999939099099449200399234949929999924999992309903290440000000105012110100001000234512202
0624999939499999999234399294949929999924999992949939294990000000103012011000010000234512055
0624929999991999119999299921919999991999229199919999999290000100005112310101000010214531602
0635992019329929929011232110310301292911139429999322910940000000109013010110000000135423445
0635992219329929929011239112310301292911939429999392919910000010107023020110000000135424226
0635919490393419229990911393214999910912194394091031924440000000000003900000000000352413889
0645999909999994914949199999299999991909941994991192049990000011010024121010000000253141602
0645393904993244319394999103212900090131331290409990212140000000000004900000000000523143131
0645949909099943999939999399909994900991999994490090994990000000000004900000000000312541744
0615939999199399990919399193939999399199999909199919999930000000000001900000000000542312609
0625999929499999499994949949292999999999409299299299949990000000000002900000000000514232098
0625929232949319999999941999999999999999999929999219929930000100012112110000000000124533535
0614999991499999494919919914499911999999999999999999999990000010008011410001000010241351113
0625400399042341149999991212349393003429401099999031231290100010009012111000000000314523802
0605999491049999949911919299000999199999940190921124494990100010005010410010000000452133610
0615999919919333999999399939929993391999921999991919993990000010002011310000000000142531802
0625999993999293999939999999999999222911299999299919991990000000108012310100000000234511870
0625939999319131991329222919219939999399929119999999949990000101003022120000100000254312619
0645939492399211449910324311393991992411000341992299393910000000000004900000000000235143428
0645909422191249999932923392949999999939199194129321421490100010011014010111000000135243615
0605299914490403039993299024203993902112231329944323411310000000102010410000000000432154120
0604901119999190994991001999909991099999999999999199919990000010011010310001100010452132354