0315929934902949909499312494020929344000329490219043319020100010004011010000000000333334377
0315999919994999094999929999992999991149900999999299999990000000000001900000000000531241961
0315999119992999999999909999999929999999091999299992999990000000000001900000000000435122453
0305992999999949929999049999999909999999999199999094999990000000000000900000000000354121622
0305949944094199999199099049949949999119999999199941914990000000000000900000000000352142792
0314992999939999399999999199999999999993199991929993999390000100010111410000100001534122308
0315999199919999999999919999999999999999999999999999929990000000000001900000000000134521495
0314994999999994999999499199999949999419919999999999999940000000110011310001100010235411907
0324943929994949499499499999999999999999399942394999939920000001004012110100001000123452372
0325943929994949499499499999999999999999399942994999999920000000103012310000100000123452686
0334909392229222999909329909999990999990993992299099929990000000109013110110001000425312421
0334929392299292999929399999999992999999993992299999929990000100007013011010010000425311807
0335929399999292999999399999999999999999993999999999929990000100005013210000000000425311486
0315991922330909199999999399499999294290401094499299099490000001008011010000000000333334710
0345990992922909999999999990999999992094910990299199499490000000000004900000000000333333520
0315999993299190992320999999920999130000990122999990229990000000000001900000000000435123924
0315999999999099999094140194949999999991999999949099999990000100004011010000000000234152077
0314999099990999190901994919999990994999999999999999999990000001007011311001100010531242650
0305999999909994999999999999929949992999099999299999999900000010003010410000000000315242575
0305909992499994999999499099999999299994099999229929499990000100009010210000100000325142329
0305919941091199999499099019949949999419999999499941944990000000000000900000000000352142733
0305991999999909999999999999999999099910999999999999999990000000000000900000000000341251859
0305999999999999949090999999999999999909999999999999999990000000000000900000000000312451259
0315939929229933109932324099322933492999999199999939919940000000111011010001000000431524072
0335999490909399999999499499994994094999939949999999900390000000000003900000000000512342952
0335999099091994990990999943999999999999999939993991909990000000000003900000000000512342743
0345999199929129999194192992949919991991439991212929929990000000000004900000000000154233455
0335090991490941394019999999499940093999999190999499993941000100011013111000000000521343782
0305939399999119009339999919109999993999999999939999999990000010108020320000000000351423000
0305990999999119919999999999399999999999999999109999099990000000000000900000000000341521771
0305929499129020992990999929944994299921949999999994199990000000000000900000000000345123416
0305909999993999999993493909999999999999914991919999994030000010010010310000100000342153018
0315999999199999999999299909201999999990099999290999099190000000000001900000000000435213000
0315999300399993913930099993919999999999999990999999991990000000000001900000000000534213000
0305999949399929933490939434209994999999993949949494933090000000000000900000000000312454000
0305999914229949299910999992499909909244999999449999999990000000000000900000000000345212420
0314939999199999999399999999999999193999999999999999199990000010001011011000010000531421883
0324999999293999999339999999399999939399322999999999999990000100009012110100001000143522000
0345999024992222099999999999949909992499999309900299999990000000110014310000000000415232769
0334999449999999999999999999999949999999499999999939399930000010009013210010000100214351923
0335999449999999999999999999999999999999999999999939399930000001002013410000000000214352000
0325999999992344999199229499999199999191911999999199999990000000000002900000000000143522476
0345230909099929239039229492911939999339330402040339922310000000000004900000000000514234410
0325939999999920993993393999992999399399099299999999999990000100004012010000000000423512754
0325909199392999009003329909992999999994339900319919939990000000111012411100000000413524451
0315994919999900999499949999099990449919999909991499949990000000107011010000000000432152215
0345999999999993999999999999939999999999993939999499499490000000105014310000000000142532000
0325999999931494299499990992993999999099991291999949999990000000000002900000000000213454238
0335999949999393999919949999999999999999999999999999999390000000000003900000000000142353000
0325099190099911199929092994949999099999991099999331119420000000000002900000000000423514378
0304990999999049499999999999999999999999929994999999990990000000110010410001000010315241681
0345999999499999991999999999199919994999999999999994999990000000014104900000000000452132000
0345099999921419399990922194332999999949931999999999999990000000000004900000000000452132387
0324999999991999999191119219919999919999992299999999999990000100012012011100010000243511960
0305991912112099999999299199229999121999299999999999100990000010002010210000000000354212822
0325999993999999999999939999299933929999399399999999999290000001007012310000000000213451869
0345999939999333999993949999999993994999999939399499399990000000000004900000000000215432000
0325939999293999993939999999999999939999392999939299939990000000102012310000000000213542000
0335999999990319919999999139999999999913999999999999999990100010004013110000000000521342729
0334999999992299299999999999999939992939399299999999999990000001009013110110001000451321213
0305241449321320329992992932140991112142144011999499392240000000000000900000000000351425000
0305999330949999999933304999949930434999999999993499999990000000101010410000000000312542444
0345991999999999999999490499199999901199999999990999999410000000000004900000000000451232597
0314999209909901199999994999909999999994949999999999499910000010011011311001100010532143960
0305999999931999994999999993990999940993314499994910991990000100003010410000000000321543819
0334919923929932999999991999321999999999199999299199999290000010010013410110100001154322576
0325999929999994999999999901911900299992999999099999119990000000000002900000000000543123220
0345999299919949999999199299999999919992194499999999999990000000000004900000000000245133000
0325919922199994991999999294994999999919999999999999999990000000000002900000000000453211477
0305991999239999192199293999090919299999999031999319199990000000000000900000000000325414000
0305909920929994999939999992499992929999929494992992909990000000000000900000000000314523122
0315999122023233249444422009933949999933909199999903413090000000000001900000000000234154898
0315900004429424029339419204134999992419034230302309994040000000110011311000100000532414273
0315999929929994929999319999140999999919993939939999994990000000105011010000000000532413901
0335999919339993999999919999991919999999999999991999999990000000000003900000000000451321922
0305999939999999999993939990039999939999999999993990939990000000000000900000000000324511809
0345999909999999999099909199994909999499199999990999499990000000000004900000000000451232633
0345999999919014993990999999999999909190499909999499019990000010009014111001000000541234000
0315999992999902992929921999099990129992299999009909199990000000000001900000000000435212723
0315909992291091090090299993099999919990909999900999999990000010009011311000000000534212781
0325999311199990909900992912992999990019999999911909919990000100012012010100000000253413766
0325900992900919991999921999999919999999099201101999199190000000000002900000000000453212989
0325913990999204039399934119309919991914102919990339299930000000111012110000000000453124131
0325911993999204039999939119399999991914102919994399299900000010107022020100100000453125000
0325999909099193939910904929302904110244113301410149419430000000111012010100000000453123893
0325999999999992999939999299999999199992919999999999999990000000000002900000000000243512509
0345999919999191199399999999199993499929411999919999993940000000000004900000000000214533696
0305922929099999919199931909929911929993999929299191099290000000000000900000000000345213583
0345999999990499999919999999999999990991411919999999999490000000000004900000000000452132782
0335099902919399999409099999149930293999994099099999999990000010007013210000000000512343200
0325901999999422999299099999991999909990999999099999909990000000000002900000000000413252759
0305919939399994991449101903919994191394499999190399999940000000000000900000000000341253465
0335992292432999999122931149492949294219994219999399994990000000000003900000000000251344000
0334999449399999999999999993999949999999494994999999999930000000108013011000010000124351981
0345911009494999999999999999199999499999991991999099229910000000104014210000000000245132978
0314993919999939999999319399999999991999999999999999399990000011004021021000010000431522000
0325933913999911949394919394299991429999994199939999439210000100008012110001000000243513601
0345994919993392099999999132920999942999109299999999499990000100003014310000000000154231725
0345990999949949499929990999919999999910999999999999919990000000000004900000000000245133534
0345991991992999919919949929994999999999194991999999999190000010002014210000000000245132911
0345999929999999999992192999299999911412922999999994249990000000000004900000000000254132560
0305999993049949994919990999994999999999999990999934999990000000000000900000000000321542868
0345999933391939949999999999949999399999999999914391939990000000000004900000000000421532863
0345929902999930243912229211912199939119939499121003921240000001109024020111000000241535000
0305909999434499999949939999999999999290999494099994999940001000109110410000000000351243330
0335944099999999999999943232909990999092200392409099929990010001009013211000000000215343511
0335994499999999999999903932909992999292209399999999929990000010008013010010000000215343487
0335999992999999999999299999999999923993999999999999939990000000000003900000000000125342000
0305929909999292999999942299090999999999994929999999992990000000000000900000000000345212646
0305993999999099999999999999999999999999999999990909999990000000014100900000000000314251248
0305999209999999999993999999999999999390909999999299999990000000000000900000000000324512566
0335991939999991992911919921999999913999999999211399999990000010005013210000000000254312902
0335999999993929999999299999999999993923999999999999999990000010001013210000000000254311701
0314999939999919199999999399999999399999999999993919999990000010011011210011000100235411943
0335999993929999390999099949099909990999242909999390049090000100007013210000000000514323272
0334999299999929999999299399999999393999999999929999999920000000107013410010100001215341922
0315992409199929194422919999999929909999944094499499049990000000000001900000000000235144000
0305999299099990999929929999999999999299999999929990999990000000000000900000000000325142000
0325990909099999999999999099999299099990999999999999229990000000000002900000000000453121957
0325992999999409909393339992929939994994993999339993949990000000000002900000000000243513075
0325999929929199999999992999999999499449999999999999999990000101002022420100000000153243000
0325999999449919999999999999999999299929499199992999999990000000000002900000000000143251546
0345999999999999949929999999999999999499999949999999992990000000000004900000000000245131626
0315929949929399199999914499999999994932999922999999399911000100007011210001100000134524000
0315999399934130999399999991499999399994999999399934331990100010009011010000000000231543302
0315992340439443999130994999190939243994414993939999944990000000000001900000000000231545000
0334919999944193099919194939499991999199999999499119939190000000105013210010000100142353217
0345039093429999249993909299199922932191099231139499992911000100011014310010000000251434793
0345039993429999249993909299199922932191099231109499992910000100003014310000000000251434804
0335994999199199999999949229934299991999994994999223913940000000000003900000000000245313229
0325999999914194121099499290994999909992090999911999990990000000000002900000000000543123900
0345999999990999999990990999999999999999499099994999999490000000000004900000000000542131756
0324929999999999994999299490209999999909990000999990999990000010009012110100001000523142271
0325929999999999990999299090209999999909999909999990999990000000102012010000000000523141579
0315929991493933099399941399399999139999999999939949949000000000000001900000000000135423134
0334990999999933999993999990999999099999999999999999999990000100009013210010000100541321878
0325999999029999999999999999999999992999999999990999999290000000000002900000000000513422000
0325919934101103104993143042924999092991934949994193909090000000000002900000000000243154822
0315999292149994994999994999994949929999999999999919199990000000000001900000000000235142763
0335999991993999999991933999999999999999999999999999999990000000000003900000000000251342000
0315991999909990499999999999999999999999199999199999949990000000000001900000000000532141300
0315999939919929929939319999299993999293999999999399919990000000000001900000000000135422372
0324993293929399999329999999999999999999999999999999999990000001005012110100001000243511691
0325993293929399999329999999999999999999999999999999999990000000000002900000000000243512000
0315999943439099992929919949049299949993949193934399134440010001012011010011100000134524544
0305999902999999999909290299999992999929299999999999992990000000014100900000000000354211967
0344929904992999949999999990409999999999999999999999999090000100011014110110001000425132296
0345929904992999949999999999409999999999999999999999999990000010008014010010000000425132127
0344999919919999499999999999999999999949411999999199999990000100011014210010000100142531761
0345999999919999499999999999999999999949419999999999999990000100004014110000000000142531496
0305913903999994949999999191919999331991990919994091999990000100010010410000000000352413327
0305999999339399391339319999999999331009909929331999999990000000000000900000000000341523859
0304999909199999901199309999999999999993991919991993391990000100010010410000100001342512686
0335999932999999999999992919999999999993993999999999999990000000000003900000000000145322518
0335919919929929992999993939999999999329929999999919999990000001103023220000000000145323000
0335449999499999009999499999420999999900993992394399909990000000000003900000000000145323056
0315923229949449932199999941990939929949291092999999999990000001009011010000000000234153673
0305929999021942999299990994999999910299991999192292992990000000000000900000000000315244000
0335929291200493414949990119093929921991129491422449490130000000110013411110000000425314985
0305993909993909999993999999999929999939999999999909393990000000000000900000000000314522843
0324930990999909999909909993399999929293932999999999039990000001010012110100001000523412339
0325990990999909999999909993399999929293992999999999039990000010003012010000000000523412809
0325999999293999999999922999999999999999999999999993999990000000000002900000000000423512000
0305990299092929990999999999999999999993999992999999999990000010012110310000000000354123000
0305999399999999099999939344394999930940991939999933419990000000000000900000000000351423365
0324999999999994929999929999999999999999992999999999999990000010010012410001000010123452000
0335911291199999941244119922139929294491999312241229423990000001008013410110000000145323986
0305919199991199099091909939999999919999999919919199993990000000000000900000000000352412756
0305991999099939999999999190919999999999999991999999919900000000000000900000000000351422817
0305949939919214441339911920902943493990919931391991314220000000000000900000000000341524365
0345999999999994999999999999099949909999999099999990499990000000000004900000000000521431603
0305993919991099419993393499149999999309990993939999999990010001011010410001000000342513064
0305199999099194999999999099999999949949499999999949999400000100004010410000000000351422390
0325919399299991999990092999999199993029993199990919910990000000014102900000000000423153227
0335999090922931040920010991294911009102911199221923912930000000000003900000000000425314205
0325999990099092999999099999029999299999999999999399999990000000000002900000000000543212653
0324933099909099999930999990992909992999929909399909990990000010011012411001100001523413000
0325999009929999999900999999999999939999990999939929999920000000000002900000000000513423000
0315999999999900909390920990993993299321909199929139299990000010009011311000000000534123606
0314999999999900909090920999999990299921999199929199299990000010010011311001000010534122874
0315999999999900909090920999999999299921999199929199299990000001003011010000000000534123000
0315999919939994342349990919939999999990999199999239294340000000000001900000000000534214432
0344993221199994999991999393419999999949319999999999993990000010109024021111010000152434000
0325999999991999219999999499999999999494919992999499992990000000000002900000000000153422521
0325999009499999999949424199990992949991119199999299991990000000000002900000000000243154000
0325999999999939993999993929999999993939999232999999939390000000000002900000000000253411962
0334994999999993999499999999999999999999993999999949999930000000101013210010000100214352000
0335900929299299990002299990999920299999999909009399399390000000000003900000000000412352986
0325993331999999219439399229931999991991994999999913939990000000000002900000000000153243416
0305999939339049143923999939919939393999999999909399920990000010002010410000000000312543147
0314993039029211230903399292129900309999939930300939929920000010007011411000100001531423863
0315999312919239999999999999999999999999149999999999999990000000000001900000000000135242220
0334993999999994499999999999993999999999999999999999993990001000109013110100101000152341655
0315999944999919999999999949919999499999999999999199949990000000000001900000000000132452000
0325999999939999299999999999999999999999999999999992299990000000000002900000000000143522000
0335949434299902994942329999229999099999999992399229994990000000000003900000000000214352797
0345999323439439193222211219999939999199399913413322292991000100008014110011000000214533713
0325999999929909929999999999999999999999999999999299999990000000000002900000000000453211746
0315999999999999990999993391199999991399099999999999999990010001004011010000000000431523000
0325991999999919999999929919299999999992999999919199999990000000000002900000000000543211970
0324999913993921991991311929999199999992933933999999939990000000109012410100100001253412847
0324999999999929999129191199999911999992999999199199999990000100009012310101000010253411959
0345999999999999914999099999999999949099499999999999999990000000014104900000000000245132517
0344999499499999999999949999929999999999999999999999999990000101005024120110001000452132000
0325929099999999293994943304394994999400931294999944931911000100011012411101000000523144827
0335909999022999999999999933099999999992999999999999239900000000103013210000000000425312357
0314929499149991999999999414999994249929999944499929999990000000109011011000010000234152963
0315929499149991999999999419999994499949999944499929999990000001005011210000100000234153000
0315394090992992999449942092099939041214290920994209090410000001011011311010100000234154036
0314919090999999999999099199991990999990999999999999099990000000111011010000100001531241577
0335999999999999999939999999992239399999999999999999999990000001003013210000000000245311509
0335999944999999499991191994199991923993239299944199991990000100001013210000000000254313649
0335999949999999399949999999999999993994999399999999999990000000000003900000000000124352000
0345939999940131949999093993993999199199340911139919339090000100003014310000000000451233864
0324999929999999999999949999999999999999999999922999999990000000101012011000010000413251652
0325449999199009294990901900209999494091909299949999099900000000000002900000000000123543874
0315999099909999999909999909919909999900999199019994999990000000000001900000000000431252706
0335999999939999999999999999999999999939990993999909999990000000000003900000000000254311214
0305999949499999999994990399909994999999999999999909399490000010005010410000000000312452516
0345992990190922929999909099419929999099994999242099999990000000000004900000000000452133312
0314944499999919999949999999999999999919499999999991949990000010104021220010100100235142000
0305911911420334441999093934290929421291932192944229999930000000000000900000000000354124873
0345999999999492999499994999999999999999999999999999999990000000000004900000000000541231262
0335941994910210119499449409021939240923022099991991091930000000000003900000000000124354962
0325999199999924399911239993393993999999323999999399999990000000000002900000000000253142415
0335999999999991999999919919993999993991993999999999991990000100009013110000000000214352000
0335909999999909399999119991009119999199909911133999999990000000000003900000000000452312850
0325999319999999990919939199939901919193399339311092122990000000000002900000000000253413808
0325999191993909999999999129992999993990309099912333930930000000000002900000000000253413758
0314999991199999999999999949999999999999999999999499491990000100001011210010100100234152000
0325999921299999999919949499999999199999992999999949991990000000000002900000000000243152794
0325929999999949999999999999999999999229499999991999999990000000000002900000000000153241194
0344993992329429399929239999999922924929999999993499999990000000104014211001010000215432911
0345049994904999999999999999999999099990999999990999999990000000000004900000000000214531640
0325999999999991499992499949999999999994912299999999199990000000000002900000000000253142830
0325994499499934924939994429002999999914301499119990993330000101007022121000100000253145000
0305992999999919999901999999494999911992949199992991100290000010007010410000000000345122883
0345993090123314939909990140109922919391924092339909939030000000109014310000000000451234755
0345991499491999991909999919090990900999999409111019991990000000000004900000000000451232954
0345292999019493992300999993990901999309394990929914911390000100008014210001000000521434768
0345999991999999299999949919949999999999999999999999949990100010010014210100000000245132747
0325993999999941293134993994999993999193299999944999293190000100004012110000000000143523841
0345949999999999999999999999904999490999999999999999999990000000000004900000000000412531416
0345999999999919999949199999199249991999299999999199994990000000000004900000000000245132388
0335992449499300439999999999999909999999941999499993909990000000000003900000000000421354047
0335900909040994934900999999499999399999909999993944994490000000000003900000000000512342949
0345999999999999999999999949999994999499999999999999990990000000000004900000000000521431264
0325999349999999999399329939999939992299993939999999939990000000000002900000000000123543000
0324991191999199992999999919999999929199999999999919199290000000111012410100100001243151541
0325991991999199992999999919999999929199999999999919199290000100003012110000000000243151933
0305999999949999999999999999999999909994099999999999409990000000000000900000000000321452000
0335949429099099939991249099920999199999020099932499999930000000000003900000000000154325000
0325949999994090929999999009999999299999990999999299999990000000000002900000000000423152932
0325999929904994929099992949999909999999999999999991999990000000112012411100000000523142213
0323999929999994929999992999999999999999999999999999999990000010009012111100011000523141507
0325099992999999999999999999990999999990999999909290929990000001011112010000000000253411771
0315999999992999999991991999999999999999999999999999991990000000000001900000000000132451509
0305999999994912249219190929044991999949990912999119999990000010001010410000000000351243376
0305999999199999999999999999999990939999999990990999991990000000000000900000000000352141172
0335999914909999999991990949919499130949999999199043039990000000000003900000000000541323628
0345949999990993433999904999999999999990999999999999999930000000000004900000000000514232432
0335999199999939999999939919199999999999939999999999999990000010005013110000000000154321875
0325939499991999993999299191993999999439339999949999929920000000000002900000000000153423760
0335913999999999949999991999939919999394999999499919999990000000000003900000000000152342348
0335999419499939999049939994499999493499099944999499999090000000000003900000000000421354000
0345999999999099909099199090999994999991024900999099999940000000000004900000000000145233375
0345999949999999399999999999949999999999399999999999994990000000000004900000000000512431497
0304999924999949999999949949994290929992999999202994249900000001010010110110101000315242044
0305999929999949999999949949994290929992999999902994249900000000103010410000000000315242895
0304999092999999494993909999929999994999999999999999994900000001012010110111101000315243027
0305990299299999992990999999999999099992999999999999999990000000105110210000000000315241677
0335942924392239499999999944099949999994999099999399999990000000104013210000000000215343428
0304991119999999099999999999999919999919099999199099999990000001004010410000100001345122000
0324999999299999999949999999299992499999999999999999999990000010005012110100001000253141749
0335999999999994999999993949924999299499934999999999999390000001009013210000000000154322139
0315394409299299912949949290999944999999909299499411999990000010002011010000000000432153736
0315999999909999999919999909919999999909912099999999299990000100011011010000000000234151942
0315999999929999999919999999919999999929919999999999999990000000000001900000000000234151836
0314944499199991999949999999999949999994499994499991999990000000110011011000010000134251964
0315944499199991999949999999999949999994499994499991999990000000000001900000000000134251979
0345923092299094499122999909023919991999100922994299999030000000000004900000000000415234326
0344990999909990990999999999949929999009999900999499949990000000109014310001000010415233000
0345999229122949992209924292911991994992999909999991999990000000000004900000000000415233625
0325119304039390099332009939119999941939319994019099992210000000000002900000000000123454724
0325993999999199999499399999149933934942912999999299494940000000108012110000000000123543641
0325939999999999939999994999492399999499942944999249994490000000110012310000100000123542823
0325990919990099929999999999929999099199099999999921999990000100009012010100000000453122930
0315993994923999919933413429499999332499999999399199924990000000101011410000000000132544000
0315949999199993993949399999199099934939990990994093199990000001010011010001000000132453754
0305991999224999493999999499299999999999209999099999012990000000000000900000000000354123682
0325990999999999999002929949909999942944499999949999094990000000000002900000000000513243000
0335999399349999949999999999999994999999999999999999999390000000000003900000000000152341561
0335919139999904919991999991904919290991193391999990449940000000000003900000000000245314581
0305991999991199999999909999199999990991999999999999999090000000000000900000000000351422000
0345321919919239249999993931992293993212423099999999499920000000000004900000000000241534219
0335909494099900939999909999999999993949993999999904999990000000000003900000000000412353000
0335909939999999994994999099999999000390949994903999099990000000000003900000000000512342669
0315919999999999149999999999999999999991999999999944999940000000000001900000000000235141492
0305939999999939993399999993999933099999990993999909993990000000000000900000000000325411966
0325999930399929099999099999992390439999390999909999990290000000000002900000000000423513963
0324999999909999999992999909199099909009299999199999299990000100009012411100100001513422406
0305993999999999994993909994994390493099993999949939999930000000000000900000000000341522669
0334999999999999990999909990999900999999909990999939399930000001005013110100001000521341971
0325909092129393910994941939949999910491999209091444939430000000000002900000000000523414685
0345999349994999999999999999999999999949999999993993999990000010002014310000000000142531858
0324999219999999999999992919999999999999999999999999129990000001009112410100100001123541867
0345999999942230909111910923329919921999209222999239241490000000000004900000000000154234356
0304999994929949999099999990999994990299449999999999929990000010008010410001000010315242650
0305994041999939999139193329399949093993099999931999999290000100004110410001000000314253440
0335941192902241994991149492392949919422292149991994939930001000111013210100000000152344788
0334999922922993139991199999999999221232991991119929992990000100009013110010100001145322971
0335922929209099219439991941040902942411904490290323429100000000000003900000000000145323814
0315999990199999999399099939099909939199909919999999999090000000000001900000000000531422564
0325999999999994914902119994499999990029144944991112419990000000000002900000000000253143104
0344199919992499199912999999119499999999991999999911999490001000111014211100010000214532204
0345909209029092219229992034094999931193390392049929313990000000000004900000000000415234837
0305943999499930999999999999993999999991999999990099994490000000000000900000000000312542791
0305999999999990999999999999991999990999999999999999909990000000000000900000000000321541507
0315909434994232929099932203293999992990939119299994929120000100012011411011000000531424070
0315909934994232929099932203293999992990939119299994929120000000102011411000000000531424853
0325914194919129214904049900919911499911099994494900490920000100008012411100000000523143997
0305994949093939999994999999099999999999999999999999993900000000000000900000000000321453000
0305999999999999229999992229990999999999999999990999990990000000000000900000000000321451843
0325909929993303999999392999999939999099999939993999999920000000000002900000000000523412826
0325990403399939020999099030294994939499940994993399949290000000000002900000000000513423981
0315992219999949992249992942299999999919299192999999942990000000000001900000000000134252907
0315999999912299499949929919991999999992999949999949949990000010002011410000000000234152873
0315199999499999299999999199293994939991999999994992399390000000113011210001100000134252724
0315909440300404124229139033294992002924234399909999192990000000000001900000000000534124549
0315999999999999999999292901199999999902091999999992099990000000104011010000000000435213000
0304999994499999999999990999919999499919909999999099999990000001010010410010000100352142540
0305944994099990999499999994909494999999499999949999999990000000000000900000000000342152000
0305299994999991199999491999999999929099990994999991299040000000104010410000000000352143514