0725994342201241439142303940300949099314113294411139231230000000000002900000000000431254043
0705999219944421002221924404310929190909343999199024191390000011005020320000100000135244533
0705922404330949329110939304093914194419014493431093919320000000000000900000000000153244204
0705991441330213001104129999400919940924422494191292993930000000000000900000000000153424544
0725900341044942329002102942412943431401312134039349900310000000000002900000000000521434577
0725912409299999999240994399999944492220499249999099994190000000000002900000000000351243753
0725994029391999320401330939932940993490912999421209091020000100011012311100100000531244616
0715299990021333019409999091933909909119393194044402901320000011011021421000000000315243545
0714999990921244919409999091909909999119090194049902901920000001105021321001100010315243704
0725999930919193999199329099999919132091929299999933222930000010009012010101000000351423873
0725119934403034220309094139939909990993321993449290912220010001008012110000000000541234892
0705999999990999009999999903099999499499033999999099999990000010008010310000100000124532158
0715933300202220414991300319242993290414941339292230133190000001005011010000000000512434426
0715140423232303314424232139102904424399099990904139921210000000000001900000000000312454905
0714991499004391990931949934999913333149199909999990309910000100012011211011100100512342544
0725931433294343221001010042192901303114944909340239143240000001010012111001100000451234942
0745991403110099441041002229233902224911024433013199039030000000000004900000000000435214958
0745929301131121422100199932304991094339444199999419993910000100104024320000000000534214758
0745939994939129429490944919132943001901123439099991291120000000000004900000000000532413540
0745930100092222243011912419934913344014193093133090392240000000000004900000000000342514694
0745911399020249101323202430944999399921424933393230142290000000000004900000000000243514841
0745090413233990211914401943440920204099930219302122330110000000000004900000000000234513592
0725919190443910343939324491222991912399149399991922100030000000101032030100000000451323788
0725919190443910303939320991222991912399109399991922999930000000109012111000000000451323971
0725999944912943244919140099222094491199940099020133310320000101010022020100000000251434446
0714929349932941212994994291299929432349212999994933311910000100009011011000010000312453959
0735994193494920431121301414342922430104132312010094940200000000000003900000000000245134914
0715922293419442032930931940111990020999440149422241200330000010005011411000000000315244437
0715924221200929419992932390910939441922129049931399999210000001012011311010100000213454278
0705143342191202429134319321042931994949293091390033922000000001109020420001000000152434410
0705143943199309429394319949022939994999993093990093922000000100011010410000000000152432984
0725330413311121949990393420020913234431029094991234241430000000000002900000000000351244381
0705999909909094399439993999499999944043390994399039999090000010012110410000000000134522066
0725434433133024219490010194222934043909012430304149909290000000111012311100100000521434570
0705999314349943014991209990001909414111222230111334423320000000000000900000000000132454140
0705941141219300331444223301340914914110400993292499231290000000000000900000000000152344922
0715940921022441013230322930910929932914499492093349199410000001012011311010100000215344431
0704999399049909909994909909999999390999990333999999939990000100011010110101101000123542800
0745930022221312943911911032099909220343343430910034024940000110112034121011000000425314882
0745930022223312943911913032099909220943343430910094024940000001107024120011000000425314981
0735991292949493299919293123299919999992939914939341199391000100008013410110000000253143516
0705039924229941111122431410010299331193020194223930944240000000000000900000000000134524858
0705043220094192014332939322902919129113991394999023920290000011011020420011000000142534601
0725993303442100191302314904422130093391422293331440004190000000000002900000000000341524860
0744919949499111449919993999394939994490003019119999111990000010007014310010000100352413097
0735991911399929239044210003912929444991344294094301913300000000000003900000000000432154863
0745419920499920949914333222010199100943904029913292290140000000000004900000000000234514466
0745499099441914129399900210424919000333304199033212932110000000000004900000000000423514786
0745939133012924041312929191140919934110049029323320400040000110009024320000000000235414708
0745932312314404000130913204919922291023091019133491934420000000000004900000000000234514768
0725919999112201299939399303920291939399022319399990311990010001008012110000000000351423028
0725919999112201299939399303923291999399022919399993311990000001005012010100000000351423287
0745022999349999909920993499044992994990399999099940092040000000000004900000000000354213596
0735901919999233039399941149399930993914020919990919199920000000000003900000000000453123871
0735999949419392949904939914211941040011133410004003320130000010002013210000000000453124196
0715999099993110139429044192123940909949329392929990139910000010009011411000000000513244042
0745932212233040419120130334400912011021243033312901244100000000000004900000000000235414886
0705942199012309239929992991090299919029331099991220993990000010112020420000000000145323416
0745993939999042449993399103934919290301004292209409919340000100108024220101000000254314923
0745992229199113049090339030233902304141440422392091234010000100008014310000000000345214746
0715294420919291939212092303191994343490934399224243221310000000000001900000000000314254623
0715922034139931232029414930233904091232411044400290999130000100009011311000100000315244842
0735349199991344220999029924313499499190232100010321043100000100002013210000000000423154650
0715990991113293032909409939313499194999914329049020940120000000000001900000000000315244185
0715392993319290209932090991919992999931312193339399909910000010011011311000000000513423495
0725431414244000023101344032211934193993991209439299023410001000108012411100000000431524725
0725499341149202029933441211249933039141332099301991043200000010002012110000000000341524637
0745992931993914949992944493199934319919991239999999319140000000103014210001000000243513185
0705933944119991214933429902001999913901313249944920032040000110008020420000000000125344283
0715103900324092912294039249411109442100924122943203403390000000113011211001100000413254589
0705939991340999109141309334390994941110922039993399022920000010012010410011000000142534208
0705291231122304443311120439001931304240934291913329292900001000112010210001100000143523715
0705992992243419109999921029003999333149911099333294940100000000000000900000000000125434833
0705221913019930999992199399909929320929309299091399929090000000000000900000000000135423938
0725339441041113229493439940092999144991229233433031301200000000000002900000000000231544758
0715909344009910290929212091324993231339034130393229311490000010104021020000000000513424620
0715132242499032009342412933041992021919933309242102990310000000000001900000000000415325000
0715919993991943931099404999991990909044199449099993149910000000105011411000000000512342922
0705919299143304429911103914112993990209993399192219044000000000000000900000000000142354271
0705933102443201104323204212141942913440012139294393322100010001007010410011000000123544302
0745030499999049090991999949999919911190991449909919944990000000000004900000000000352413399
0745999999499243999191949239934999994993999992999113342240000001007014310000000000245313787
0705923933429930919399244290293319210199091291992410239000000010101020420000000000135424370
0724990999900204429993993909292990092339949343992939999230000000111012110100001000541323324
0725014131039942203110114929230941133009944240499931423240000011010022020100100000251434844
0735994249149909191104424214023933391199102291123399439040000000000003900000000000243154584
0735909114992933239900002414310941142291939399999900244340000001012013010110100000254134832
0715999921999919029249999949919999999441291942499194904190000010001011010000000000314253074
0745911030020920499900011192099990914919129494190292442940000000014104900000000000354212207
0705399991031124192399903320910999940431211094313022922421010101004020320000100000132454783
0735104491091992991143400420333940043422901392491024420130000000000003900000000000432154935
0735194499929119399442943420230090994391310319139911219290000000000003900000000000243154601
0735994092401134430029312931304949431201922190400202224430000001010013010110000000534123976
0745999119229120034019011992993990990343204449191193492400000110008024020111000000354213280
0705994292299099994999999492099999990999094994990094909990000000000000900000000000124352816
0715942330302901129939203343313941932012900329129244991400000011010021421011000000315243973
0715922333302901129999203343313941932012900399129244991400000010003011010000000000315244000
0735904211442433230010231343920929014902190211020194249130000010111023421110000000354124879
0735909211192433230010239343920929014942190219021194249130000110007023020110000000354124846
0725943032294439439993142919929414943424994230399323939110000001010012110000000000231454131
0745932109399942049912993422104923031999244090039292004110000000101014310000000000235414567
0745999111099299343221149221341933300994394939230099242430000100108024120011000000234514625
0735929290090329239999943199949999211930993099211339299200000011003023120010000000354124025
0725409144119331434910223102923904332003034291010049219140000000000002900000000000351424787
0735300242443910112243410392030344422019401110143024910220000000014103900000000000423154336
0735943330124994112200314192493940044124929392092321414200000000000003900000000000325144825
0745900322129011499012023904213409219933991410999130044410000000000004900000000000543214805
0745319299923949399400949043491910990029439104299900113220000000000004900000000000523413901
0715924994991919919922922909999999992199999994912191099200010001005011010000000000415323117
0735949001132493234440104132904904240224403199219019320390000000000003900000000000324154871
0735999199099141033999949291949999990493999332990199339410000101005023220100000000523143297
0715992339232993999294919149419999129239122329999921499140000000000001900000000000214353434
0705931492041130219129103291431934422934940413414210990300000000000000900000000000132454877
0715194242320420919344204043293934431092119234932391293010000000110011010000100000413254643
0715922440430303992023341203193942404390201132032299011310000110012021421011000000412354878
0705914332129909439939999110931991921902394013999991031000000010002010410000000000153244312
0745924941300022113022324331014419100001233113932244032010000000014104900000000000423514590
0745933010230033149993004924401029014342214203391119921310000010008014110011000000523414176
0725424934231999249390000433043934300419111220331232199140000000000002900000000000431524666
0745412111493012490091022303104913200422324491920093023390000000000004900000000000543215000
0745912993331949940219334990092999939419110292192394144200000101009024220001000000354213812
0705299900023209902999999119999999993999990992999999944200000010005010410000000000145323483
0725149901011302239944944902922909914391033101199032129430000011008022421100000000531244731
0745903943013249219092999332044403492991193490390010332210000101011024121011000000425313329
0745903949013249219990999332044403499991193490990030332210000001003014310000000000425313434
0745913009421393019232341923004914442123992021329239000340000000000004900000000000325414989
0745400020313222240130429990301991312123093130131344024140000000000004900000000000523414834
0745299909993999244293903039110203990229394142994432314110000000000004900000000000423513937
0725039444999999224494909124202949310423931149411293311331000100011012010101100000231453923
0725141430039909239411132921291944344019230000409319932020000000000002900000000000321454745
0725400110439921220031149244344934101013232334919390940920000000000002900000000000451324854
0724933190290093999919999290230991192999939299911020999290000100012012411100100001351423293
0745910330412324929019944399334913093930990292239999494990000000112014210001000000432514557
0745909223310194042999009941919999133900042093911439304240000100010024321000000000254314770
0744909333310194940999009941999999139909041093911439904040000001109024220011000100254313823
0745993303239920429930094993421990219101134013912940424120000000000004900000000000432514617
0725934193221031131492204399910933142010233044999044041920000000000002900000000000241353950
0745920099024492990992494140099900229012499999999099499990000000000004900000000000534213151
0735991929999119999929992999999992992931933322929993132930000001105023120010000000345122947
0735901120340202934111109943941902423093149094422391042130000000000003900000000000235144942
0735924314410114334934429099991293092190422394429092213410000101008023020110100000243154121
0735924314410119334934429099991293092194422394429092213410000100011013010110000000243154125
0735291009330114341202410249131924243901042322149091093420000000000003900000000000542134878
0735921992412290932193143223044919003194313099944109424200100010003013210000000000354124240
0705339239904099912999993993911999239314012023399202092200000000000000900000000000123544093
0725911399933341303193490444202990930012292213999030014420000100105022121000000000251344787
0725931399933341309193490444202990930012292293999030014420000010101022120000000000251344751
0745999994294999419331392294929999939419349299399993399940000000000004900000000000423512857
0715942499239119992949911933199942939942132299429939999910000010008011310000100000214353716
0745901134330919149999399440199131193049904911333499909390010001009014110001000000452313600
0735349112409299294912440923933933341999921194499924401901000100010013411110000000253143244
0735349112409299299912449923933933341999921194499924401900100010007013010110000000253143827
0725949344042132194414001332202914490999393213130392101000000000000002900000000000241354752
0725934949412902929339934499992993993914942293999909924940100010012012010100100000231544531
0705941134401913994434393403300911999040990933149499991110000000000000900000000000132453944
0715993903244000119393020942291940033411414233242394001430100010012011311000100000512344742
0735992192310213339241134944234999122100003011991404094440100010010013411110000000345124850
0735992192319113339921134944234999120990003011991994094440000101008023220100000000345124758
0735292194313449439319019990443939991909039941294190999990000100104023120010000000453123543
0735292999313049439319999990443939999919939994999991999990000001010013210000000000453122591
0725990093210143909949990010232943939321921293039939019230000100012012411100000000451234668
0725290013130122024209311214134944913099439102400139930930000000000002900000000000451234706
0725494340232022123040449194912930903149310390039433914210100010011012010100000000521434552
0725494340232022123040909194992930993149310390039433911210000011005022421100000000521434546
0725494999242022123040999991992930999139310990909933911290000010008012110000000000521434665
0725939430943129141290009434392949304212092102319093103940000000000002900000000000531424604
0735902902103044032410209119093919434223943391010499104940000000000003900000000000354124800
0735922999999141341199193493330994999112104422229199204330000100107023020110000000435124134
0745999199199109149019449010144919412999994929991299999990010001010014010110000000543213440
0715934049932414133040909293312090490103142199903044412220000111005031221001100000512344661
0705929331124119401999221409492932120412499343201040294020100010004010410000000000154234523
0705193932014039449113102432190923124192092931911334209400000100103020420000000000154324605
0705132299999422202113240421001913331440133449131424300210000000000000900000000000125434773
0705993913939111149294993200432919499430402233913491220000000100008010210001100000124534686
0705194923411421919431449130340994912302042239334990201200000000000000900000000000134524800
0725139399233094219490199022492999102991499939499902004900000100010012110000000000321454338
0725399399234099299490199022492999302991499999499902004900000100101022120000000000321454477
0715992299233211332129290991219919999232999999999299999190000000000001900000000000415233350
0735909290121229930914140324022991190433041091114302433221000100012013010110100000352144333
0725994433449332329942414340102999994021101213949439920130010001004012110000000000421354363
0725313034219440414941449024331994120410133293121099023020000000000002900000000000531244228
0735911409001434321212090141343241499021334091024940943900000000000003900000000000452134986
0705939210133319903941049193293924190900991094219431934320000000000000900000000000152434147
0705914414049291421221231929024912113930340393323042204400000000000000900000000000142534894
0745991491031332049114943910410901222099099429019439110200010001012014310110000000253413725
0745991499031332049114943910410901222099099429019419110200000100005014310000000000253413989
0725013344012421921349444900112939334919912939330092493290000010004012110000000000231454812
0725991109133110930140403324302994420431112209919423344920000000000002900000000000351244666
0725049944331142919949033392220929399340242949399900190140000000000002900000000000341254427
0705921111930093139129122341310912932202944492993232013000000010101020420000000000145324473
0705229941991110113291991033021490094399994944249091903330000000000000900000000000123453813
0745322991422049049139043999444123313029113012220301903010000000000004900000000000345214860
0715999991990949099999099999411999011999999199099199909990000110004021421000000000314253000
0705944142243134009929240911103929999994199943192403100310000010104020320000100000134254719
0715999429194949920929902229919992994192999122999194911990000000103011010000000000415233702
0745009920409334419199931933444999999933994293299019999900000000104014310000000000523414651
0745990093300129440319041011422930393342214133020210319240000000000004900000000000523414803
0735442109021940201022930392444910990121214391499302234330000101005023421110000000254134736
0735914224210933139004404012034900400913129401223411921930000000000003900000000000354124810
0735990919342203249129034101919990099119233099999902023340000000000003900000000000453124479
0705914932032119229411333213490949241300099242193420242010000000000000900000000000132544788
0705994491322241003929143200011994443329091099944311949130000000000000900000000000123544847
0705999999499993110919199919392319940439049302991094390090000000110010310000100000132452967
0705909991022129921991992999909999999319992909999999190000000000014100900000000000132453770
0715999439913939949419409039919991399909914999999993199910000001002011010000000000312452938
0745949290499939910994940999919999901391999349090213139440000000000004900000000000523413793
0745031311303220043909923032940919191120941412221910244040000000000004900000000000254314943
0745420129002902013944990492904994990929999939999094002910000000000004900000000000325413381
0705312442419190101322993400300492212434333099221949391430000000000000900000000000145324931
0705992119139949939213230224301121191921129029999202030900000000000000900000000000135424178
0705922241032213149492119990014941414312033992921023923000000110003020420000000000145324733
0705922991009299949299990993049912941020924094149291229340000000000000900000000000145324506
0745933312302424912332931993499932240990049129929419914930000100108024020111000000235414188
0705909990239190409299294919104921129431319909249411401130000000000000900000000000134524220
0744992440399299293939909420924994409930399429393329099920000001011014110111001000234512132
0735912902041300439404010343142929141993230190414102302410010001008013411110000000532144470
0725913949099992991412991491922999944299192904411949142190100010011012010100100000341254549
0735941224100321231942901034303412444011941329049029194030000001110023020110100000234154884
0735304220114323034444329213001924419911401142243090020100000000000003900000000000234154751
0735994920999302999049999229339900393904339290929999099490000000000003900000000000523143714
0725992930449129999293449419142919303399019299931949232140000000000002900000000000431254367
0734999949930999994900991911494990499493900344909933403030000001010013210010000100532143176
0735999949930999994900991911494990499493900344909933403030000000000003900000000000532143565
0715494004322421110224942201333990241999342309009099901130000001108021321000100000514234476
0745903399404134049029934093949990993209219139039322999430000001102024220001000000523414166
0735949999302133129049949919992229990044333249044003149420000101003023120010000000234154195
0735999940123392039994901424022900914914402300991994392331001100110023120010000000352144497
0735399994992140019990999949221993999914313099994229393390100010010013210100000000432153029
0735399994991140119990999949999993999914393099994229393390000011011023220000000000432153251
0735401901399232091940111993309944104912324399940130922100000010109023421110000000452134295
0745900019199091091922213944343920129443320499122993394110000000110014210001000000543214114
0745900019199091091902213944343999929443320499119999394110001000108014310000000000543213698
0745930991432319142202914091304943392939120024909122933400000101009024120011000000235413805
0745930992432299142209934091314943999999921024999229933400000001108024320010000000235413505
0745931992432299942239994399914943999999923924999299939490000010010014210001000000235413123