0945201019420911399404022091923994993140942109491324399490000001102024320000000000531242942
0915419299322210332900301021149412092094413921390029431430000100104021421000000000345212708
0915419299322210332900301921149412092090413921390929031430000010008011411000000000345212720
0905103144320101320443213224103919099120442304140431232320000000000000900000000000431253300
0935233300131419349222309424490922290994111332199094230140000010012013010110000000235411614
0934933300931199319222399121099922290990919332199092230190000100010013411110100001235411657
0935110432334004014291003102910912944414943122331439232200000010011013010110000000235413171
0935190430334004919491493102910912994414903112331439232290000110001023220000000000235413706
0944901014012029404400919090990942992249999191441409999990010001004114111011000010532143114
0935299909213999199230003193990923009310239292929331299990000000000003900000000000315422812
0925340904921343211440431112033909992120024049443321302320010001004012110000000000234154111
0935993943023323101311112099229299939421349093191444249000000000000003900000000000351423159
0935113000113220004344402141222943312299341293242409934310011001109023120010100000312452213
0935113000113210004344402149222943322299341293942409934310000010010013210000000000312452179
0935113000113219104344402949022943322299349993942409939320000100011013210000000000312452271
0934993009993409094399904949909943344999349993940999939390000001107023220010000100312451923
0935993009993409094399904949909943344999349993940999939390000000000003900000000000312452423
0905933130193422240131324023494991201004310911043449201430000000108010210001100000451232603
0905933130993432440131314029499991401004910911043949203430000010010010210001100000451232628
0905933930993434990191314049399999101004910911013949403990000110003020420000000000451232674
0925999919222999999999999921992992219999999992999919949290000000000002900000000000354211464
0925999229919349199291111994949929192193399992222949919990000010003012110000000000154231151
0925032923402221109939093412404990399240312490993920110410000010001012110000000000134522896
0905499939113090239004913203002931490914143244939391191090000100107020420001000000431253295
0915499393412222431931424403111993940031044119322032244230000010102021020000000000542312662
0915499990912222431931499403111993930431044119399932244230000010007011010000000000542312601
0905993292120431143049920414013903392042110422120323940410000001109020420010000000425312862
0905993992920494149099920419013903992042310422230123940410000100003010410000000000425312683
0915993423193120043112991319904999992113394294433392290120000100001011010000000000342512689
0915990933902991909199002109299911044430121943993433102100000000014101900000000000341522334
0925939919492999194243924923999919994242993123333949922990000011005022120000000000124532642
0934299439493904403040939034329994024099903904439022232290010001010013210100001000312452374
0935299939993904403494939034329994999099993949939094434290000000107013210000000000312452199
0935994432241910233430902321401944494929043393112920919390000000000003900000000000213452894
0935129299300034019934194194331930999440900023399991939490000100005013210000000000215432358
0935129499309039949934494999339930999490900023399990939090000100011013210000000000215432201
0935199499329039949934494999339932999490900993399990939090000100101023020110000000215432671
0905903920193934140112442324134901214131230490204291901030000000000000900000000000435212318
0905419901042419221299221300203024039130494419390192213330000000107010410000000000452312383
0935930019099133920339999990132913011490939990999309494490100010009013210000000000531422517
0934930019099133940339999999039913011490939990999309499490000000111013210010000100531422350
0935930019099033940339999999039913011499939990999309999990010001009013111000000000531422289
0945141994910293209912233229102940441493919394012143499000000000000004900000000000123541880
0935929494993999003333329229990999942493239299999903499990000000102013210000000000123451874
0925999199999929992299299399099199919930229992299399992930000100101022120000000000154231744
0915219299292949949912193994999911429914491999122939229910000000000001900000000000245311972
0905229292900394940990993931494999992393401499900230012490000011005020420000000000435121492
0905919191400914323909124392233990914399029400092043113120000010004010410000000000451321723
0915914999991402141219491333222931993913930949193399499090000000000001900000000000142532129
0935123914111220020499323090311912433409433292292443002410000011009023120010000000213452943
0935123994411220020499323090311912933409433292292443002410000101004023120010000000213453286
0935999939939993999994994933949939944999999939394943949990000000000003900000000000215431281
0945900493419100203942942944103992022999402349302129911420001000109014311010000000315242682
0905113090299040442929034413244032021990223139343414114011010101008020320000100000423512315
0945391919440403929994993310132901999443109214901104924220000100003014310000000000351242560
0925929921120999999299199209099999111929299999999992211990000001007012010100000000354211214
0925939902492949309990922399922999403023493949929390249990000100107022421000000000314252474
0925392311094143210409421193212940200919324110393034134220000011009022020100000000514234400
0925392311094143219409429193212940200919324110393034134220100010007012110000000000514234308
0925392313094143219409429993212940200919324119399134134220001000105012110000000000514234172
0925999990494093139920429443320990442901113092242402900230000011007022120000000000234151908
0925999990994090139924429449420999992901119092292942990230000001104022020100000000234151704
0945991911199991994999999199929991493999441494914499912430000010010014310000000000235141696
0944991911199999994999999199999991492999441494914499919420000100011014310001000010235141711
0944999911199999994999999199999999499999449494914499919410000001003014210010000100235141488
0935094013919133219043994941032904904109901293399223991340000000000003900000000000531422869
0925990439942330492342994999914922343394093990002349222090000000108112110000000000134523734
0945090949932902419404433094122999999229131194009420124220000000000004900000000000531242407
0945949433332499999234940999099999949029492399904942299900000000000004900000000000213541589
0915999932131949431999933499194929993919994391912911499990000000000001900000000000241352076
0915999099999194999909499190491991999999099919499119999110000000102011010000000000543211972
0935100012431144220344192311243940439420202190441300313230000000000003900000000000521433823
0945919494999990911194912909929994424949999919992291049400000010008014210000000000253141770
0944919494999991991194991999999994424949999919992299149420000010009014211100010000253141845
0945292314914133433921413003440929109290403233409111242020000001008014310000000000253143538
0905909191902919949112910099199991992429941902022000991120000101004020420000000000435211967
0905314414400211221994109244042999192944233093049021031030000001105020320000100000453213240
0905499409224239913900004424049999399320311399930204943110000001005010410000000000415321766
0915099013994139391293191339931912949394019299941999439920000001008011010000000000142351659
0914999913994139391093191339991919949394319099941999499990000101003021221011100100142351751
0915042431120930304300102413122912434432992142141309433020000100011011010000000000241352894
0915040991149933994309102319129919934492999143191309093900000010110121020000000000241352561
0915424991199933999309102019199919939999999193191909993920000010012111010000000000241352179
0925999299992902299904294492949990299990909999299299999991000100010012010000100000514231682
0905199999142901019099903233424912334100014399240433912010000100109020420000000000423512751
0905999999992909019099903233924912334100011399210133912010000110011020420000000000423512617
0905999999999909019099903233929912331200019399210939932090000100108020120011000000423512588
0925910221233103404330921390200913092942294119411323410440100010009012010100000000234513247
0945934499234449222133121229439941999193922991419411392910000000105014310000000000152342414
0945934499234449222131121229419941999193929991499411392990000000104014310000000000152342377
0945919993922991944994219199090994934923201499199441429020000110012024320010000000153241708
0945919993929991944994219199090994934922201499199441429020000100008014310000000000153241772
0945999429494294009999909092992941294294499949309099199290000000000004900000000000235141913
0925922299911921992001999999439910919214941399929219942430000000000002900000000000254312408
0905291029943431319191999011203992929934043099990900104230000011007020220001100000432152479
0905999909199190344044993099993900491334440939011394199040000001005010410000000000451231775
0905999909199190349034993099993900491394490999011394199040000010101020420000000000451232007
0904999999912020999992099019999999992099299909929990009990000010011110410000100001435121597
0905424001123042031234133421114994090340949022142420333120010001012010310110100000453123373
0915020320399913991211202149399999139919999913099102229220000000000001900000000000145232617
0925929129302933339322201013290999299013299199399991999990000010101022120000000000254311563
0925421293491340931411300400342932211013230412322100044430000000000002900000000000354211912
0925999299329919112219933992299920011099129990231990901991000100005012010100000000234511762
0905343444012322011931031421322094321439130244000243930420000001109020120011100000432152602
0905993499014322094931031431322094941439110244000343930420000101004020220001100000432152608
0905300992320231139219092999439992929300019399099999024990000100104020420000000000413251510
0904900999990222199219099999949992929900029999099999029990000001007010410001000010413251279
0905999000991099499099910949499909999190999999999909994490000000108010110000100000431251215
0944912299199914991199429919999911949999494941924499999490000001011014211100010000253142759
0915219939344309299339300113442999332021922211130094114920000100003011010000000000241532029
0915399134149344129999923911099931139932220199331993444420000001007011010000000000341522183
0915911444491013491094099919949909909909439939999441193010000001009011010000000000241532070
0915911944491013491094099919949949909909439939999441193010000100003011010000000000241532073
0925433191092033441292341091109920914390014439229942322900000100003012110000000000134522214
0925993419910432442390324344320919212332210300999932401000000010003012110000000000154233588
0905321220023044009303329933144912104293430112224193041140000011008020420011000000435213946
0935939231134310301942249934034934229131112099999044104190000100002013210000000000125432231
0945190113020493339994143994922990191499302941009494439110000010008014310000000000531242615
0945190911900493999994140994913990191499333941909494499190000100103024320000000000531242550
0934993239999919192999929393199993399991999993993129939990000001108023221100010000235411301
0915300030419144023104034911142934132209142293130004942240000001109021321000100000542312606
0915390030419144020109034911142934132209142293139004942240100010005011010000000000542312377
0915999909919199999129009911122999192209122999109999902990000010001011010000000000542311523
0925992190913229109229293911039913332339290992499999990010000000000002900000000000234513221
0945094229904433109949993334120949999439103290442922310200000001003014310000000000153241686
0925429113423240041331232144040939090012999924329142113310000001005012010100000000134522128
0934993349999999999993949999999933999994999933399499439990000001005013210010000100231451064
0935001103332022440391342021234913944013141409109142220340000000105013210000000000352412433
0935213399239123209990904999993921932391429210113493994900000010011013110010000000251432078
0945022320233304113124201300323949990919494403044230314110000000000004900000000000523144203
0924929920442024249393409293999909304934330929924300424390000101003022120100001000514232488
0915910909919999990099100499941999991049999911991040199290000100005011010000000000542131642
0915419942420313430949110130903999292990910349911043419290000100003011010000000000243152922
0945999492149991194912494999119949429999999999949929194990000000000004900000000000235141233
0945344991132129429199100024222943039320014041991913434201000100011014010111000000153242448
0925002334414192409439242929120901223201114013933319014440000010004012110000000000134522745
0905909922999941949909999090409990990999999999910014249490000100103020420000000000425131746
0915949313919924434999129032092913922249211091923149331900000010007011010000000000142532091
0915999913919924434999199992999919922339211091932149931900000000109011010000000000142531939
0915291933911949943039014914329999999919199939991999419990000010008011010000000000142532527
0915223301144141002090932234400129014239441193230913234240010001009011010000000000341523478
0915293321144141009290932234400129014239441193230913234240000110001021020000000000341523710
0915399931109224401194329139490999302093321219440991291940000100002011010000000000342511988
0945940940903222240939339039149999029343939140990444309210000000000004900000000000521342835
0935990399019303319049490994039991190149491949043439939430000101005023120000000000531423105
0935990399009303319049199991039991990949499949093439939930000011007023121000000000531422978
0935990399009303319099199991039994990949499949093439939930000010003013110000000000531423095
0914991449499399949331993999999913499999131119941499133990000000112011011000010000241531634
0915991449499399949331993999999913499999131119941499133990000000000001900000000000241531842
0915991014304031049003124190430941443923391191992243009990000000014101900000000000345123349
0925039932391332093904030944421239232914043143999209224090000101003022120000000000314522724
0904939090900909192221032933999910032933919199092293933990000100104020420000100001423512053
0905993412024302330490924443319901931921003904101412122330000000000000900000000000452132779
0945299909904334114990019099392942902249421439991920924940000100003014310000000000521342928
0925429042401414200940121023344992913903233309401310203420010001007012411100000000354212682
0925999021921419422909994121491921994993091099099421323290000010102022421100000000234511878
0945041933019021229319349140020919294044230243199399244210000100108024320000000000231542800
0925912999309121441292149991300929913942020499919092404200000010009012110000000000134521737
0925912999399121441292999991900929913942120499999992444290001000107012110000000000134521670
0925922090230249302211024942194913919912000499331414133130000010008012010100000000354212101
0925922993230249302219024992194919939912009499391414143130000010104022120000000000354211885
0925922212991921009041939333100924919399990924900399221010000100009012010100000000254311721
0925922242991921999991939330909929919399990929900399221010000011003022120000000000254311370
0925922292991921999999999339999929999399991929999999229990000100104022120000000000254311239
0924922292999921999999999999999929999999991929999999229990000001007012110001000010254311012
0915929992299199912299191999419999192909994991199999291940000000000001900000000000145321797
0915909144210422990994219109999999201112029441910999242040000011003021020000000000245131994
0944999399999999999999943143191999499040900944999944943930000001003014310010000100523141136
0945119913302321029909924440933909120140414344199130429120000101003024320000000000531242441
0935923132923392109130093900929999992999990013329299939290000000000003900000000000325412472
0915999139999099902139922131104423319942010499991394129030000001107021020000000000245312342
0915999139999499902139922131104423319992410499991399129030000001108021020000000000245312401
0915999139999499942139922131199423319992419499991399129930000000000001900000000000245312648
0935939303999993109991349399909499924909993039991904434410000000000003900000000000123451983
0935240041033900139414412914422914401019033203129339132200000000105013210000000000321453960
0935933414999999999999449919292929299399343933349929349120000001009013210000000000123451609
0925999249919922242999149999400992929902499093949993909920000101001022120000000000154232748
0935411120220919349112034491190933120443430391490409913340000010012013211100000000352413532
0935911190290919349112030491199933920243430391290199913300000100107023421110000000352413294
0925429110024002994214999419990940249001204992199990424290000000101012110000000000234152505
0925032903341942003499922990102210091132411144493219333420000110009022120000000000214533077
0925032903341942003999922990102290094132411144493219333420000011002022120000000000214532876
0905401022413333340410121344013921990939219940042144919030001000111010410000000000453121763
0905401022413333310410119344093929990999319940012144919090000001003010410000000000453122134
0945144099099293294199949902421099992490304904192332499020000001005014310000000000531242228
0945904111439491004940419342200099021992013099922210992440000000103014310000000000253142222
0935144333001921949944433329102934002419121109010233291940000010102023220000000000521432640
0924929919292999919999111999999922229999999929999929999990000001007012310101000010154231219
0935132299202433343201111344204943312302000149212411041001000100005013010110000000125432057
0935932299999433343999919349904943314322420149011911241000000010003033230000000000125431713
0935939999999433343999999349904993399312420109991941241000000001005013210000000000125431232
0905990303393940299949900999999990993999999909994490340990000000104010310000100000412351353
0905909909490090999990999109992940299429992299999990999990000000104010410000000000423151337
0915090224321141010212343330999990243340004129291944121000000001102021421000000000245314197
0925023143399931199494414232093929299393039324411292112440000001008012010100000000154322049
0924923143399911199494414232399929299393939324411292912440000000109012011100010000154321943
0925923143399911199999414232399929299393919329494292992940101010104022120000000000154321883
0934944334234909039940943939999999999922009344329224399020000000110013210100001000213452285
0935944334234909039990943939999999999922009344349224399020000010003013210000000000213452462
0915342092900944029219942931144921901411901423199902022440000010008111010000000000243512628
0915322092900944229919949931149921901411991423199902029490000001111121020000000000243512483
0915322092990994949919999901149921901411991423199992099990000100007111010000000000243512005
0915320999990994949919999991149921901411991490199990999990000010109121221001100000243511877
0915090999999999949919999991149901991011991499199990999990000100011111411000000000243512079
0945140919410002034129443220433929930493243049922990121300000001008014310000000000135242572
0944949193243999192193224299929992449491449992994399929990000100010014311010010000125342158
0944949999942999992292994999929992449492449992994999929990000100005014310001000010125341744
0945949999942999992292994999929992449492449992994999929990000000000004900000000000125341839
0945022411110014133222110200443949320231034422293130031440010001004014310110000000125344421
0945991109241221913941094232332999190004043014949414313900000001003014310000000000351242350
0945349414223112302022132100013431449330341329114992942000001000109014310110000000253141866
0905234441311240243139991404303909930931299934099900021310000001003010410000000000421532836
0905990133099104420992113092214324904313222309443312011021000100008010410001000000421532127
0905990133099101920992113092214324904313224309443319091020001000110010410001000000421532162
0905990999099901990994113091314994904319334909999119091090010001002010410000000000421531468
0905990039099919122429319099921902199991990900299191129020000000105110410000000000421533446
0915202993923199990299191999999129303129011093233321923100000011003021020000000000345213017
0915209999993199990299191999999199203129011092239391923100000101002021321000000000345212689
0915490143323404299443000141094911319304412390301139222430000000014101900000000000541234393
0905314990203123212340204919931049922400033314921344902320000101004020420011000000413252369
0935999934349499993049499999999934349999399939999999399390000000000003900000000000213452354
0934993999919994423999939999331999999994999999392211393390000000110013211000010000312451477
0925340244122200332393149201420999200944132339401419991090110011007022321100100000514322235
0925493241922290332399199200420999291944932399499419991090000101010022120000000000514321603
0925993244922290932399199200320999291949992399499439999090000001009012110000000000514321856
0924999244922299932399099209029999293939992999999439999090000100011012110100001000514321774
0924999294922299992999099209029999299949992999999999999990000000107012010001000010514321361
0925342143129223114210209401403239301400044230941499230310000100108022121000100000514232480
0925342143429220014210209494403239304909094230941999209310000001007012110000000000514232451
0924942949429220004290249994499239394909099230944999209990000000112012110100001000514232605
0925942949429220004290249994499239394909099230944999209990000000000002900000000000514232942
0935919313242419302903909490919293243022931909033909190090100010005113111010000000132453574
0935430412314044429011322943223902104390030400221341123420000000000003900000000000351424253
0905909999020099999999992310039191091211993999999103309991000100004010310000000000453212377
0905902929911324413230013311402931292332241410909900011420000000105010410000000000432511833
0915241414133430041949423202342291933142301219999299410220001000108011010011000000241531473
0915421091192120492299201199099129410299499942429120449940000000105011010000000000145232166
0905991900024033220221194111204390329242013499931912310140000000000000900000000000423513037
0945922199999491904142224001199194192049909049191400941900000000000004900000000000352142771
0945394913901332133930022042042902903324414219009941312440000000105014310000000000532144334
0915999991434939994119931999499993191999119999933991339990000010005011410000000000143251619
0925021933993432012129334292944999393399993009211939922090000000109012411101000000314522076
0925924991121939103993231321132149924313220399941939499290000000014102900000000000214532653
0935991932200999093009099939391939909199931903339999999990000000000003900000000000531421982
0935910410313413220390911313214939140922094340041030124440010001011013010110000000352413443
0935914410313413229390911313214939140922094390041030124440000010101023020110000000352414013
0945999909999994914949149991299999991409141994991142049990000010004014210000000000253141457
0925992299201403392939421244319499999142393092249411130010010001004012010100000000234151327
0925992299299490992999424290999499999992099092249999999990000001008012010000000000234151511
0925992299299999992999429290999499999992499092249999999990000010007012010000000000234151485
0945393904993244319394999103212900090131331290404440212140000000000004900000000000523142822
0945049939294340229230239141010924300941123294400291214101000100007014311100000000312541432
0945049939294340929239909141010924300941123294400291214100100010005014310000000000312541418
0945290109439012029049249032423914111994042141299100301420000101008024321100000000321542724
0945290109419991029049249009423914191994042141299100901420000001005014310000000000321542783
0925092024432309110240930004212993403999301249249299949130000100111022121000100000514232568
0925092024432309110240930009212993403999301249249299949430000010010012110000000000514232668
0925992020492999410240900009292999499999009249249299949990000100112022120000000000514232320
0925992020492999490240900009292999499999009249249299949990000000000002900000000000514232542
0925992241399441390202920202303931944943140390340092030230000001004012110000000000324152255
0925322212419301199999911313340909990999910022999249921200000001007012010100000000124531238
0925922212949319199999941993999939999999999922999219929230000011013122120000000000124532968
0915999441994999994199999119999949919999999411491941999990000000000001900000000000142351789
0915019991042994224914912912449911902399999210993341924290000001008011010000000000241351299
0915919991442999224914912912499911942399999219993341999290000000000001900000000000241351580
0915932910214204043399229200240132391941021033391313104440000011007021020001000000142532415
0914932910913200023399299309920132391991921033991319190990000010011011411000100001142532182
0914999913919233999399399939929193391991921999991319193990000110008021021000010000142531591
0925033344341130101029222012204911100413422413923109944430000000103012010100000000254313630
0905299914400403030992230024203933102112231324344423411311100110003020120011100000432152980
0905104111499110094992003993309904013920123499941221924330000010109020420000000000452132401
0905104111199110094992003999109904013990993299921229929330000001108020420000000000452132143
0905104111199110094992003999109901093990993299921229929330000001005010410000000000452132228
0904991944900094991911211090049900011149999999199999999990000000107010310001100010451232608