1145201003422332334404022001123434131140142101403124322430000000000004400000000000531242405
1115419201322210342900301031143412014024413421324023431430000110002021020000000000345212660
1105409104920292330900491029233990129204014492192114123030000000104010410000000000453121632
1125931999132300442292434133310122233422141034994122401340000100104022120000000000314521483
1124931999932314992292993933311922299422149434999122411340000010008012111000010000314521339
1125933999932349992292993933399922299922999934999922999990000000000002900000000000314521504
1145994111149143239142024094021029299994013319999941444220000010009014310000000000532142542
1145101014012012434403114020901942092341493391442402230330000001005014310000000000532141642
1135299903213999199230003193990923009310239292923331299990000100103023220000000000315422327
1105942291209204319249209301099943001190291192340039220330000010007010410000000000425313236
1135013343023323141344102020020211133421342093211444244000000001001013210000000000351422723
1135290331201344220040401341222933032433044192311023424040000101101033120010000000351422435
1135900290104031219244913140202933491312431193013303403120000100004013210000000000312452490
1135933000042211323992222449142990392493911139393040033290010001008013110010000000512431229
1135933000042221323999929499112990399493999939393020033290000010005013210000000000512431284
1135933000049291323999999299012990399293999939393020933290000100010013211000000000512431220
1134933099999490393999999099999990399093999939393000933990000010011013210010000100512431229
1135933099999490393999999099999990399093999939393000933990000000000003900000000000512431477
1135113000113220004344400141222343312221341233242401034310000000000003300000000000312452340
1125421221313000004211440400344223102130310312222344331410000000000002200000000000154231581
1125032220432221103934103412404990333240312490213020110410000011002022121000000000134522640
1115491340412222431301024403111910340031044113322032244230000101001021020000000000542313150
1105403223120431143043220414013003312044110422110323240410000000000000000000000000425313128
1115430403130104443114341012004132322110304212432302240120000000000001100000000000342512967
1125133919142243194243323923001913244242301021001919422940000010108022020100000000124532766
1125939919142299194243323923999913244242931123131919422990000100002012110000000000124533299
1135193432423101403040430034312934021024213104431012231210000101001023220000000000312452907
1135144432241310233430202311401944214922043323102020310310010001007013110010000000213452372
1135944432241310233430902321401944214929043323112220310310000001009013110010000000213452541
1135994432241310233430902321401944494929043393112920319390000100101023220000000000213452271
1135122232320434019132494104331930294440110013392032130410000010001013210000000000215432174
1105903920193034140112442324134901214131230490204291001030000100107020420000000000435211823
1105410101042412421223224300203014031430444410330112213330000000000000000000000000452312881
1115411121122204042011023344004103143430340012130342223430000000000001200000000000243511748
1135223111434242401034402230304133931302403192401213420040010001004013210000000000351422532
1135930019413133240330210214232913012422234210009303444421010101005023121010000000531422591
1135930019493133240330099014232913011491034290999303444420000110007023220000000000531422458
1125119194432323032299294140003199909400224312291142312340000100104022120000000000154231571
1125919199992329992299299399099199919910229912299192392930000001107022120000000000154231565
1115212222294301000910133434403911449214401099132941223310000100007011010000000000245312072
1115022410333320203131244322320144133111140442002102140040000000000001100000000000143523068
1145210130302421142014002323214944443414012310323040301320000001001014310000000000523142969
1105219122400324140100333331434991222313401492000420012140000101002020420000000000435122298
1105429002149930413903440391222403243013131103020249130140000110009020420001000000423511549
1105429002149930913903440393222403223013931103090249190910000000104010410000000000423511599
1115914994321402141219421403220331943313020244113332422010000011004021020000000000142531967
1115914999391402141219441303220331993313220249113392492010000000110011010000000000142531806
1115914999391402141219441333222931993313220949113392499010000001001011010000000000142531729
1135123214111120020044303020311312433404133232242443002410000000000003400000000000213453141
1135949233030293102922004233211432244934912439341023114140000001007013010110000000215431695
1135949233932993112922004233919432244934922439394923114940000000104013110010000000215431760
1105113030134030442022032413244032021240223130341414114010000000000000000000000000423512506
1145343111440403221234033210130400133443102014202134224220000000000004400000000000351243228
1124932402402949309293922399922990303423493949929304249990000010010012110100001000314252307
1125932402402949309293922399922990303423493949929304249990000000000002900000000000314252869
1125322311010143210400421443212240230144324110333030134220000000000002200000000000514234417
1135413203332421324403410042214304044122103320101432301210000000000003300000000000521433545
1145091001009330034399991132100911493142440494304434113430000100008014310000000000235142111
1145191901009393994999991132100991493142440494904434113430000100103024320110000000235141870
1135044043319233219023234942432904104101401203342023101340000110008023220000000000531422839
1135044013319133219023934941032904924109901203399223991340000001109023220100000000531422898
1135094013319133219043934941032904904109901293399223991340000100101023220000000000531422528
1135201132112221203331144433324331004021232400400144430240000000000003300000000000351422652
1125990433142330492342411423110922343344021090002003222040000100013112110000000000134523683
1145100449332902419404430094122990094229131194209420124220000001002014310000000000531242112
1115321400400123449233433102221931334430214410204112204110000011001021020000000000543212924
1115391409490103449233439192221931094309214410094119004110001000108011411000000000543212235
1115391409499103449033499192221931994009019410094119094110000001012011411000000000543212077
1115391399499103449939399192221991994009019410094119094110000110004021020000000000543211647
1114991099499194999909499190491991999999019910094119999110010001008011010010100100543211635
1135100012431144220344132311243940433420202190441300313230000001101023220000000000521433462
1145314424009300032134111203330914434241223014102201043420000100008014310000000000253142216
1145914424909990911104111209929994404249999914102201049400000000000004900000000000253142745
1145240114014133433221413003440423202030403233401111242020000000000004400000000000253143967
1105909121904219949112010099499991204421941902042000991120000101002020420000000000435211990
1105312423400211221114103244042014142144233003043023031030000000000000900000000000453214008
1115099010330139321293191030931912949344012099941911433220000001004011010000000000142351502
1105200023014143313034032341042004434241121304122201124330000000000000000000000000423151887
1125929200492232239903294492913944204190301499233219990410000010011012111000000000514231802
1125929299992232239903294492949940299390300999299209990490000000000002900000000000514231683
1105290231142301012034103234424912334100014310340224312010000101001020420000000000423513578
1145922404494214300999909092203943244224490143209090119030000010009014310000000000235141996
1145922404494294000999909092292941244294490143209099199090000000110014310000000000235142086
1145999424494294009999909092992941244294499949309099199290000100102024220101000000235141660
1105241022423231311104343011203992113224043099040400104230011001102020420000000000432152992
1105291022123231319101443011203992919224043099090900104230000110001020420000000000432152651
1105342402313020234223019013314949021099119402444290004140000010107020320000100000435122427
1105392402913020994423049019494949092099499409944990009290000010010010310000100000435122251
1105999209914020992924029019499999092099499909949990009990000100105120420000000000435121584
1105421001123042031234133421114044020340042022143420333130000000000000000000000000453123787
1115020320394214331211002142423999130114031013029142032230000100007011010000000000145231794
1115020320399914991211002149323999139114231013029102032230000010010011010000000000145231884
1115020320399913991211002149329999139119291213029102039230000000111011010000000000145231927
1115020320399913991211202149399999139119291913099102239220000000104011010000000000145232096
1145240423204103334110104034221424344012320113042113230320000000000004200000000000521342820
1135032220442301413332112420341341042422101132003341040310000000000003300000000000315423494
1105343444012122011031031421322004321433130244000243130420000000000000300000000000432152562
1145003203113304201141423420332910140221434241034400212430000001001014310000000000253143558
1115403034421024403111020332022133413040112023312402142140000000000001400000000000143522843
1125433141022033441212041314101220314300014433221042322000000000000002200000000000134522201
1125093441110432442301324344320912202032210304213132401000000101001022120000000000154233459
1145923343043413214914093199024934419399100293000444913210000010010014310000000000321541981
1145923343049433994914193999014934499399101293009444993910000000110014210001000000321541856
1144933343049439994914193999014934499399109993009444993910000100011014210011000100321541976
1145933340049439994904193999094934499399109993999444993910001000104014310000000000321541787
1105321220023044000303322333144012101144430112224143041140000000000000000000000000435213831
1145190113023492239994143034322990141490302941004424403110000011002024320000000000531242478
1115300030410144323104034011142134132222132213130004442240000000000001000000000000542312567
1125429113423240041331232144040932030012402124320142113300000100002012110000000000134522264
1105204019003004331012011433432941413324214202002213341420000100005010410000000000452131675
1105901099002004991091091121492999912999994902002291499190000100004010410000000000452131593
1105901211043141231042230211304922440004033291422103444030000101101030320000100000453123243
1135993323949429119013222449991933441994291933321124233990000010010013010110000000231451310
1135213310232113209991004439243921231312020410103493344200000010010013210100000000251432403
1135213399234113209990904939243921932391029410113493344200000011008023220000000000251432097
1145022320233304113124201300323949400110444403044232314110010001003014210001000000523143417
1115931103001149031913439012910393410929200049410432944120000011007121421000000000142353229
1115931193901149031910939012910393410949400049910930944120000000103111411000000000142353510
1115931193901149001910939013910999910949490949910930940140010001011111411000000000142352862
1135100202441324143332413401342900212332123400401134210130000001001013210000000000513422838
1125429020142324219323101231313904314034330129224100424340000100102022120000000000514232328
1145999442149991194912494999119949429999999999941929144990000001003014210000000000235141184
1135134024024321221041111414430902423133003040034233214230000001001013210000000000251434031
1145244499091014999401019409929994190491999144099099092490000000000004900000000000523141704
1145233141144321230430022031433444001412201210023042043310000000000004400000000000532143066
1115433313341401242223099120210999419411214433142324201340000010007011010000000000243512847
1125002314414112402433242023020200223201014013133311314440000000000002200000000000134522658
1105909112994241949909999040109990020914094999140044219490000010002010410000000000425131866
1115949313911324034999122032002913922042411091923141341400000110002021020000000000142532151
1115091249200139429994499923123922342924119311119199219920000100008011010000000000143251956
1115211303311424202023014414322132033314102034041244010020000000000001400000000000142533250
1115290931101240401194320132422933302013301213444321241040000110003021020000000000342512206
1145240340403212142320339039141901324343112140230444301220100010010014210001000000521342833
1145940940403222142320339039141909324343312140930444302220000101103034120011000000521342566
1145940940403222142320339039141909324343932140930444309220000000111014210001000000521342585
1145940940403222240939339039149999024343939140990444309210000010104024320000000000521342380
1135934321024303313440440214032901102124291440003231239430000001111023220000000000531423060
1135934341019303313440490994039901101149491940003439939430000000000003900000000000531423443
1125032332314032013204010144421230232104043141113243224010000000000002100000000000314523346
1105131020400303114221034224142010032423312101042443433410000000000000000000000000423512038
1105403412024302330490024443313901931921003904101412122230000010003010410000000000452131798
1105411139032043239012012001244904191412422020333201414030000101005020420000000000453212926
1105411939093043239091019001244904191912422020133201414090000010007010410000000000453212619
1135001110344132029341443223030994043441213190143212343000000001002013210000000000321453840
1145290109204334314230014092312943902049423430141920134140000001004014310000000000521342711
1145102440321030410004213212121444333201432304210410323430000000000004400000000000523142639
1115313432044244221100103144033102214030213310020142314420000000000001100000000000543214027
1145040433120021229301342143020914234044230243111310244210000011001024320000000000231543493
1145233914313100213431040044220933492311022244430044210210000001005014310000000000231541811
1125912339330121441242142113300924013242020433319402404200000001105022120000000000134522733
1115223443300133413224101324014922122400410191103224301430000001101021020000000000145322798
1115923294390133413229101324014929192000410191109292301430000101003021421000000000145322486
1115929293390133413229121324014999192200410191199992301430000101002021020000000000145322194
1115929993390133413299121399414999192202410191199992391430000010009011010000000000145322068
1114929992299199912299191999419999192909914191199999291440010001010011010001000010145321734
1145399303993004130021443141122920429040121244232044343331000100007014210001000000523142296
1145999302993004190091443141122930499040123244929044343330000001105024320000000000523142030
1145999302993994190091443143192990499040900244929044943930000001002014310000000000523141974
1145211123302322229104104440133901320140414344342030420120000011001024320000000000531242755
1145090012013113129400444223232002444131241290011423234340000110101034320000000000531242895
1145090092299113929419444123212999444991241290011419234940000001001034330000000000531243356
1115914139990099902139920131104243311442010499921324120030000010004011010000000000245312196
1135243032312410104440904312032944303112102333214204430210000010005013210000000000231452664
1135100431413234003044402031112333014112212220432244304320000000000003300000000000231452947
1135240041033002133414412144422314402040233203121331132200000000000003300000000000321453937
1105409413119022030101109212924390301992094311403219320430000000108010410000000000453212143
1105409413119022030101109212924190301999094319403219390290000001009010410000000000453211966
1105909491919099090109109291999990101999099919209119190991000100010010410000000000453212093
1105301103444314340302103001224924090413314240110232412230010001005010310000100000453121759
1105344130103330234242302144224999200000321121041343240340000001001030130011100000453123658
1125319243034222242931100043400192124312303003441413240020000111002032120000000000154232690
1125919249909222242991139999400192124042403093949993230920000110008022120000000000154232232
1125032233441142003420322300102210331102411144404213313420000000000002200000000000214533357
1125313431022430402121000322423211140124420324440011310330000000000002400000000000154233326
1105401022413334340410121324013921290034210340042144312030010001005010310000100000453121846
1145144043109293294194041002423099932491304104192032499020000011003024320000000000531242328
1145024111432401004940414342200099021421313099122230213440000010102024320000000000253142101
1135144333201401423044433322102334002412141100210233210240000000000003400000000000521432457
1145204044003331339112440213112901020430414192404222103420000011101034320000000000532142670
1125929919242419101999141999991922229313299022994923499990000010008012110000000000154231342
1124929919242419131999141999999922229319299922999929399990000001009012111000010000154231369
1125021441123333042210014422340220210032314343111041043200000000000002200000000000154322610
1105209904190010939990349302292940499349341390249900912430000010001010410000000000423151501
1125129044203121430303430234114920931320120412320232341140000001004012110000000000514232622
1115004224321141013212343330410120243340003120241444121030000000000001200000000000245314287
1125023143300331109424014232043922244013003324411202112040000011001022120000000000154322091
1135014331234120034021403331021930441212021344324224301010000001001013210000000000213452703
1115343002300244029213132231144921231411001423141300342440000011001021020000000000243513584
1145341130243221323142024232322410013004043024140414313100000000000004200000000000351242492
1145344414223112302022032100013431442330341324114130042000000000000004400000000000253141886
1115402143244140340421121230443124303123011003002321423100000000000001100000000000345213064
1145030243291010239423229121440943020240343491040191244030000110107034320010000000253143144
1145039249099010239499299921440940020240343499049999244030000100105024320000000000253142176
1145039949099210239499299991440949220242343499949999944030000110103034020111000000253141825
1135499430319049123042422939910931302142341034023021391310000100002013210000000000213452142
1135143121120014023400034123331942221440430294314001323310000001101023220000000000312453229
1135193999920014023999932123331992221040430299311111323310000100003033030110000000312452254
1135993999914914023999939113331992999992430299312111323310000011007023220000000000312451847
1135993999914994023999939943331999999991930299322111323310000010008013210000000000312451548
1125340244122230332321143201420932200044132131401419431030000000108012110000000000514322263
1125340244122230332323143201420992200044132339401419991090000001102022120000000000514322439
1125342143120223114210204431403232301310044230241410230310000000000002200000000000514232533
1135430412314044429011322343223902104330030400221341123420000011001023120010000000351423715
1105900219020033999919122310029193091211993999290303109990000000000000900000000000453212326
1105902021311324413230013341402931232332441410001200041420000101001020420000000000432511892
1115421021133120332212201104044131410420443332420120330400000000000001100000000000145232418
1105911900024033220221144111204390320242013499934012310140000100103030420000000000423512659
1105991900024033220221194111204390320242013499931012310140000100101020420000000000423512561
1135230423332040143023441100342301313413440210041222421210000000000003300000000000531423063
1145022194101491924142224333390194142043900349191420143000000100104024320000000000352142405
1145344013201332133030122042042402313324414210100041312440000000000004400000000000532144217
1125394934912021009222144433430911122311423322993243404000000001103022120000000000154231556
1125394949912121099222914933430911922991429022999249304990010001008012110000000000154231425
1125999999992921099222919933430911922999129022999239114991000100009012010100000000154231164
1115214021034302030110301093403944191422114319232341422020000010009011010000000000143251604
1115914921434922332112341999499944191999119919932391332990000000000001900000000000143251855
1115013110022342220993402100211923431112402099913434423410101010103021020000000000142532476
1115013110022342220999499100911923441112422099913902423410100010011011010000000000142532482
1125020134331432112122314202044924303300034104211334422010000001001012110000000000314522245
1125021310041331402423242312342932020304141032204143311040000001001012110000000000314521903
1125924911124403103293231321002449324313220412341331449290001000111112110000000000214532310
1125924991121939103293231321132149924313220392941939499290000101004122020100000000214532325
1135944343100291023494334019911044991002002234939110323330000001004013210000000000321452320
1135494932204111493002024031344939402139134913330120923440000001109023220000000000531421932
1135494932204111493002029031344939402139134913330140923440000010007013210000000000531421923
1145021924999204004041149320303999401401141324001141342330000010007014310000000000253141865
1145991924999994004941149222003999401401141324001141042330000010002014310000000000253141851
1145393904493244319394949103212900090131331290404440212140000011005024320000000000523142387
1145290104420312029049243232423914111034042141294100301420000010104024320000000000321542959
1115040030130431240114220122224909013144239101103412334340010001012011411000000000542312152
1115940999190431240114030142324999013129299101139919334340000000108011411000000000542311887
1114940999199491490114039143939999013109999101139919339940000000111011010010000100542311963
1114930999199391990113099193939999019109999101139919999930000000110011411000100001542311947
1125092024432300110240230304212993403939311249242290941130000001102022120000000000514232697
1125422212409404193999911313340909990121910022999242321200011001105022120000000000124531498
1115929041934990934103004119910939919941403011491941490930100010011011411000000000142352900
1125400399042341149220021212349323303421401092999431231290000000103012110000000000314522582
1105332421043422340014231241000010134114340300431122242330000000000000000000000000452133830
1115232112410204043313224200240132241401021033301313104440000000000001100000000000142532680
1145139442333211449110324311333900432410000340042214002410000111001034220001000000235142951
1105290114400403030012230024203933102112231324344423411310000101001020420000000000432152777
1105104121403110034292003232302904013040143491941221224330000110003020420000000000452132548