0715999139099993990190910999939939399919911999909390919390000010010111010000000000452131733
0725991900099991999200210299999929999992099991209999929190010001007012111000000000425311681
0725919999999990992999219990099091292092909919999929299090000000000002900000000000345211674
0715942291213124334939302292000992993129132499019029910940000001105021421000000000351242850
0715999109999992909922999919199992119192499999091209420090000110001021020000000000453121969
0715999199992912909919209194999920990991994999291294192990000010004011010000000000354121972
0735441410234211429123003104142930042133022290310101204440000000000003900000000000432512881
0735494043434412941132314922490991300394020299120239024920000100102023120010000000342512564
0735999439913999993993419999999993919991999999394993919120000000000003900000000000134521988
0715922911193312393939924994142999291299929329192399943990000000000001900000000000154233119
0705309993443101990099399399999999999999099990999993099990000010007010410000000000541231533
0705494999094991193009999999399940044999119090999499991930000100010010410000000000521341441
0704494999094991999009999999499940049999119090999499999910000000111010310001100010521341319
0705499999094991999009999999499990049999119090999499999910000101002020420000000000521341374
0705301310134023429391310324434919141432243290902123201220000000000000900000000000531242153
0715021093933194249039091014322931392304904299919132034200000000000001900000000000351422370
0705299292133314431012020412344990903203424410311421334240000000000000900000000000542312409
0725929299421040402994999929993992199942940399999999199990000100008012110000000000345121228
0725929299421940092994999929999992199992999999999999999990000001108022421100000000345121519
0735929944292999992233924993999939994499999943339999924990000000000003900000000000124532162
0735999149939092009399943990090999332992999299139999399990000101002023220000000000412531780
0725949419023901434923209193203949944432003499209012994900000001003012110000000000345212504
0735991939133999999399999999999939999999999993999999939990000100005013110000000000243511338
0735999992931949943999999949919999339321199939939921994190000010002013210000000000234511084
0734999999939999993939449999929993999999939299939999934990000000109013210100001000234511140
0735023931101194049933321239440912241492999092143044294100000100003013210000000000123541781
0745049499990999919999999324939949004003991099909934349230000010007014210001000000214351647
0715919199999129993299299109399299929919339912299299190920000100108021221001000000154232002
0725419299291949992949193994999999929934291999992929419910000000000002900000000000245311727
0705999092219921992999112209109992999909909992091999099290000110002020120010000000523142824
0704303923099929219039929993923939999329032903099909922930000010008010410000100001514231335
0705309923099939229099999999993999999399039909099909999990000010003010310000000000514231149
0715999019909994444999441093393191092499929499191109999490000100005011010000000000251431235
0715910420219999299190949494940912191994499299990409991990001000108011211000100000352141487
0745949313992941124994994299999999192219432999991922433930000100007014310000000000312451739
0745949933992949394994994299999999392239492999999922499990000001005014310000000000312451640
0735994331199913002309930494094943230499012024099299940910000000000003900000000000214532138
0735999929423414193992399934991232999939999999329992199990000000107013110010000000123541461
0735999929423414193992399939999232999939999999329999299990000000108013110010000000123541388
0735999929423494993992399939999932999939999999329999299990000001001013210000000000123541363
0725991199999942992911914299949922491449191992919499942940001000105012410100000000245131264
0704999999999999990999999090999910099099999999910999999990000000102010310001000010542311673
0705999992990229499400992990932490999999900422923999922330000010008010410000000000523142092
0715993494199994499119999919999934199999439919999134999990000000000001900000000000251341720
0715310912391494004919342421020999913942400999914339292200000000108011010000000000251341294
0724992349299444994922939993299993394342999939394499332990000010007012011000010000215432389
0745999994990392409994499029402999999919019490992923191040000010103024220001000000234153981
0725922440012949219194299999914919999294929999999019494190000010001012110000000000435121932
0725094140441013331022224401303912422431433394410003310010000000000002900000000000235143857
0725999299999929999999992929999999999929999399929929999990000000000002900000000000145231075
0725992999999993999999999999999929922929993992992999999990000000000002900000000000135421269
0745999149949991991019491499999991091999099049094094901990000000000004900000000000341252146
0725999999931410019922332902900999949931299394292349499190000011002022020100000000215342212
0725999999992291919949492999921999099999199929292949499990000000014102900000000000235142288
0715911299999999991919999999999919999999999911999999999990000000000001900000000000453121611
0704991199099499999909199490491991999909014910190419991910000001007010210010100100543211725
0705399009092331119399900429239999399112921990999999044340000101002020420000000000532141305
0705930939444029919993093993212909329999249290900244439910000000014100900000000000521434788
0734999039030004909993949909911999399999999933999939991990000000103013210010000100123541184
0725993392190901999922092929191920990990991999309203993900000000000002900000000000415322172
0725199293949914444333229999991923923994944039922909440090000000000002900000000000425312528
0725922299329939999992999993999009399999999999923999929990000000000002900000000000425312357
0724314231934342913142491213999999429993134112424941399490000000110012011100010000245132132
0725314219934342913142491213999999429993144112424941399990000100005012310100100000245132142
0724914219919942991142499219999999429994144112424991499990000010010012310101100010245131925
0725992214149292999931929943393999999999993923439233939990000000014102900000000000145233486
0735999999914239492113993949322999394999999999993934249990000000000003900000000000231542387
0735999921199911123193293999999999323999999999231939991920000000102013210000000000134521673
0705909999929999919999922990919909990999900929999999990990000001010010210100000000543121519
0725999992999999909191921999299991999119922992929199991090000000000002900000000000435211881
0725392999991949999991292123300929139334233099999923493390000100001012110000000000245131531
0725922919333210190299293919390909239299099001199109019190000000000002900000000000325411750
0745192420401394200920293339212942490313041392129433120010000001105024120011000000314252226
0745199420403994300990291339912942490399041399929429930010000010103024320000000000314251921
0705342410993440210911939330133991043999402490999124442130000000000000900000000000514232187
0745099110004133111944093022300911149034332294410933321020000110002024220001000000142351953
0705930300031412239493900921233943104424244149939149224110000000000000900000000000523142651
0735993931191191919990091999910999319939999193939399999190000000014103900000000000324512964
0725929999302909993032999091199909939021199299233192933990000000101012110000000000235412570
0725999419194204399999929994999942490290099999209499499220000010008012010100000000235142731
0725191923040240339193413142304144312404330392941021120340000000000002900000000000345123241
0725090921044213049293301331444942032341023490934240003130000000101012110000000000345122745
0714999999919929999999999999919911999919999991129299992990010001007011211000010000254311292
0745242010012001334412221231322991949100104399090910423430000000000004900000000000432152943
0705999909919043990990999949999999999091199909099111449490000100001010410000000000541231182
0745999449010040909941999242999992999990999999949999940990000100102024220000000000243152561
0715991999210313999209912000209913900929331992099133229990000010101021020000000000452313617
0715990999199923939991929399992999990999219999193991191990000010005011010000000000354211477
0734933919991991199399919333999999991919999999999993999990000001005013210010000100234511162
0735933999999991199399919333999999999999999999999993999990000100004013110000000000234511020
0735090999119344920939399421392991231242142209931993949490000100008013110010000000243512088
0745992999233339922204024409209909294943300993949942993990000000105014310000000000413252488
0745342099310940311999099941121499099991220109242340420331000100009014310000000000423152282
0745942099110940911999099941929499099991290909242940429120000000000004900000000000423152810
0705442921234413331302132044324949220099320191414109932040000000000000900000000000542134285
0745999922399019339399924042911949499992244999999949031120000100007014310000000000234151707
0725994902992049199922924990049993942440119999992909991990000001104022120000000000245132821
0725991941402494909202909929904949112410204199129194999490000010008012010100000000245132141
0725991991492994909202909929991949112410204999129194999491000100007012010100000000245132102
0735999993301999209314149319099991944329992231990499939120000000000003900000000000142532213
0735999930993999293993999339999939999999999992999999999990000001107023220000000000143521257
0705499399990419399994099930129991901009199299999330931920000100007010410000000000523411561
0715929019499420102999194934990199232294940233219199991920000010011011010000100000153242704
0715999019999992102999194929999199229299994292219199991990000100101021421000000000153242229
0715999991099990999192113902999099299912999999921901209290000001103021020000000000453121832
0725992393202990992232993939999929993999999999999939939990000000103012010000000000425311377
0725923923999999999932299993993999929939999999992299999990000000000002900000000000135421618
0745949949949929199914999999999999299929494499992199999990000000111014210100000000143251704
0725390929493443109429493929090929949349414009429993232390000100007012110000000000245131867
0725390929493449149429493929390929949399414909429999232390000001108022020100000000245131933
0724993929493999149429499929499929949399444939429999292390000100009012111000010000245132091
0725994929499999149429999929499929999499494939429999292990000011005022320100100000245132596
0715994421392919932949239291944934913919319429143993499990000110009021220001100000254312962
0725999903099334239990293933429909009999904299223940994290100010003012411000000000415323066
0725091213432404009144103213301923134410004492313223114000000000014102900000000000135244895
0714999299319444121993394993199994199999113292429993443440000001009011011000010000251432508
0705909999999993949033903990994990344439499922993930399090000000110010210001100000521432532
0715992991099990999099110999492919999194992991999994194290000100008011010000000000352141153
0714992991099990999099119999992919999199999991999990199290000010007011411000100001352141197
0715229999419449939299193240200999319044120321299139013320000000000001900000000000153242492
0745299442399239099429924309999999999239390949390994994930000000000004900000000000413251332
0745999299199919999499999949910999999999991944499992944990000100004014210000000000314251302
0745949344913240122993494292212999124122330199919933900000000000000004900000000000123451918
0735999943909009499999399931149999391999934939993999199040000000000003900000000000341521313
0735990999102143449231219200321929993931900401921119033400000000108013110010000000234513289
0735990999102103909239299299399929993931902190911119033090000010004013210000000000234513096
0715911939999993991399931991999994999999919999999999399190000000000001900000000000153422333
0744999994999999999941199994909999999999019994949949499990000010001014210010000100143251164
0745091099909149299044949243311191999992122129339101449390000011007024320000000000243153345
0705939990999929999909900990093999939390223991999999319990000001004010310000000000523412259
0715091494004240420341929120224991390322141491309243332200000010007011010000000000351421928
0715091499034240220341929120224991390932141491309249932900000001007011010000000000351421971
0715091999099042243991949124999991399994191991909999932900000010002011010000000000351421876
0735991149312424102413204323440943112902413192239042010140000001007013010110000000234513132
0745999401129992099409412299990901941991149199999294994990000000000004900000000000243152193
0744999249499499994449900999999099999299499099999999999990000001009014110110001000324151479
0705999909999939999093993090999999999099999909390319999990000000000000900000000000541321420
0705929903999911229909399929299900911292191309092999039210000000014100900000000000531423964
0715911499399994949911913999949994431999999919239993949940000000000001900000000000251432173
0744993999993999994499994999999999999994949999999994394990100010005014310100001000421351535
0745949194100209924999419901193999949999909949234299329300000011003024020111000000132452076
0705933339039992049999903929493119943323909290494929999000000001012010410011000000523414294
0715993991999931999993999999933919999499939999991114194990000011003021420001000000152341702
0725939399949939993912342219944499939332329191293941429990000000000002900000000000125342909
0745994299099499999999909393239999499493493949993994999990000000000004900000000000314251298
0745929423229900293944349909009992493999999992229442992900000001002014310000000000214352173
0735999232449999923399239999999939999999999939999399999990000100003013210000000000214531363
0725499133002409942999499022909991992999994992499999942000000000109012010100000000145322244
0714919999113999999999999992999919999199999991991999999990000010104021021000010000452131295
0715999924991939999944199991439991949999929499921199991990000001009011310000100000254312135
0715921942419409243114409144922999991919999993902290299290000000107011010000000000154232245
0715921942419429992114499129929999991919999994922299999990000000000001900000000000154232066
0715994994101044092499921919210942944190222902294199999990000000104011010000000000253143261
0735193999904412209399490040402944909920023142443300933120000000109013210000000000123542665
0735993999924422999399994949429944949999923949493392933990000000102013210000000000123542418
0745943334009994999999242929229940949990920309900299949990000000000004900000000000413252584
0715999999919099999149929099999990101999099919909129100990000000000001900000000000453211888
0714999999991991299909299001999919999992919910999921999990000100009011411000100001453121849
0735999993993990999999990999339999993399399999999999999990000001009013010000000000431521249
0735999909999911999933399999999999119933939103901990909110000001003013010100000000432511881
0715999099291919201192991999999919999999999991292999999090000100009011010000000000254131508
0715999299291919201192991999999919999999999991299999999090000000105011010000000000254131375
0704999009999222991200999299999911199999101910229199099220000010009010410000100001542132037
0705999009999229991100999199999999999999901910199199099220000000104010210000000000542131774
0704999009999999991100999999999999999999901910199999099190000010008010210010000100542131718
0735131999999999993999999911999999999993999933399399999990000000000003900000000000123541229
0735919999999999993999391339999999999999999939933999999910000110004023120000000000243511445
0735993413490309399094994099499919999999999993999390311190000101003023120000000000431522902
0745940994901220319291209449010929913909141099994992491910000001009014310000000000124352185
0744940994901210919291909449010999912909141999994992491990000001002014310001000010124351867
0725099992930204093349234421311990430411144933992342200430000000000002900000000000125343679
0725442199949129941191949224499991999942994292949999939990000011005022120000000000145232521
0745091303431220019149204321331912913403031043294024121030000000000004900000000000214352277
0735243099310440229943119404420992999330031099319949401200000010007013210000000000132541802
0735291099412929099413934401991931991232029239931993991910000000000003900000000000123542298
0735999939199919219133999919939993939991919239919999999990000000014103900000000000134522889
0715091120233344409123402400244901322230230491131204433040000000014101900000000000253414993
0725092209999999992999990909999992992909999929299999909990000000000002900000000000245311159
0705999113903394999990094399933039044491999999310404114390000001003010410000000000541321874
0705343432340222219941404333413990113130121399004102241410000000000000900000000000514232772
0705909992929299929900999920293999949999094399909999990930000100003010410000000000512341237
0725999299149299939999934999913999929994292322999999999190000001011012110000000000215341158
0725992099299009909909999901999999929092229999992990999090000000000002900000000000345121892
0745103943419191999399401904399919041919939999333099494990000000000004900000000000231453368
0725929192299991439221119000004909291394141429999194991130000000000002900000000000315241299
0725129992100933214999941113320499994949112092999294919000000000109012110000000000215341932
0725993299299299409094999399993930390292049399992499029990000000111112010000000000315242574
0745994399992920929999349999449994999999399999924223294990100010009014311010000000413251925
0725999299942999992299994994999992449492949992999999999990000000000002900000000000125341251
0725919939999399992239921999991999999399999922999992293990000000000002900000000000125342075
0745049904444992929919009991999999099999211949499920999990000000000004900000000000341251819
0735990299133322211442119093912903193990999920391090029010010001007113210000000000421533041
0705390419001094299044999949332994339439399190414409314930100010005110210001100000541234661
0745144999920423900240929919992029922931949340992904992930000000000004900000000000413252424
0715391003291023109420049123243920024423134401244491032400000110107031321010100000253143123
0705203330339233349109911900424999999914993492944001129240000000000000900000000000523412416
0705999290909093999399999333999999999999999993099039009990000000105010310000000000523412420
0705909911999999999221919019992999992909004992909094212290000000000000900000000000543122428
0745999934349399999449499999999934349999399999999999099390000010101024320000000000213451441
0735920939912214421221033910942931092003123310919992904990000000000003900000000000432513792
0745999944999039999994499499999999399499999099949999999990000011003024320000000000123451321
0744999349934001999439409011911913399440100999999941390910000100105024220011000100312451483
0745949999994490990499009999993994999399999944999099999990000000000004900000000000413251424
0715999929129912992929292299999991999921999999199199199990000000000001900000000000253411988
0725942312434314304314002939231999320110144314949043212030001000105012110000000000235142917
0725942112934314309413042919231999921991949399999943292030000001010012010100000000235142284
0725942112934919319413042919249999921991949399999943292330000100009012010100000000235142366
0725942192914919319419042919299999921991949399999943292430000110004022321100100000235142769
0725939299920919103399932191999933399209291093293900091290000001005012110000000000325412425
0735999999999999993993909994994399393099994939939949999940000001003013010000000000341521166
0705199199993999990999909990999900939993909190999939199990100010009010310000000000521341238
0705199199999999990999909990999900939993909190999939199990000001008010310000000000521341210
0704999999999999990999909990999900999999909390999999399990000000107010310100001000521341045
0705999199919194999499499914349991909103309004991900914940000010007010410000000000531422098
0715091199091999909919990991999919999019999999999999999990000000000001900000000000254311256
0715999991091090099991992999999999109999919999909291219990000001002011010000000000452311781
0735233400102241001213131141024999230024244403401122341400000000000003900000000000243512458
0725929039920992092999990992904990999939999429999099290990000000000002900000000000325412389
0715919492999499449990911394990999914991992999490990911040000000107011311000100000352411820
0735993393110111409030941093010993913444101444999990910400000000014103900000000000132543875
0744992299099094990949402294292999999990299992249999944990000010009014110110001000234152160
0735139929192439249910309003110091213941214499313100224200000010101023220000000000214532661
0745949942199919999994999999991999999999994149999999449990000001010014210000000000234151055
0745994999999999999499999499999999494990099999949999499990000010004014010000000000423151142
0745999232213140309324210124201943243321210039312413140100000100102034020111000000123452597
0745999232213941309324219194201943243321210039312493240100000011009024120011000000123452500
0745999922213941309324239194201949943321210039292493240100000001104024320010000000123452169
0745999922213941309224239194201949943321210039992493240100000000103014310000000000123452520
0705999999400999999494909994499922909209402990992229949990000010101020220000100000524132277
0705920099399934439309909239999990990939949939399399999900000100008010410000000000523412573
0725999193399424309923334443101992911121403312391293424100000100008012010100000000235141908
0725999193399424309923334343191992911121400312991299424100001000108012411100000000235141875
0725929929999199999912929999991999992919999999329992999990000000000002900000000000135242101
0715999909190990292291111009999999919199999999909999099990000100001031030000000000354212258