0615929934032949103423012494020921344000321490410243319020000100111021321000100000333334023
0645999942902939039999999990999909499904939999099004409410000000000004900000000000333332862
0615200919044999294012340491912994991139900299993322940390000000000001900000000000531243153
0645994130099343991191430991933919049909911930433040909090000000014104900000000000452133561
0615999119992939299999901999199929999999291399299193099990000000000001900000000000435122117
0605999992299900499109224099099991994999202999919299941920000010010010210000100000351242750
0635292000313094431119990909994931999929144090919990293130000010011013211100000000542313627
0635999000313090931119990909999931999929191990919990293930000100002013210000000000542313663
0605949924094113209199099040034929949114229399199943912940000000109010310000100000352143534
0615992929039333249993929129919999999394194391929193021330000100005111010000000000534122707
0614992999939333249999929129919999999393194391929193221330000100004111011000010000534122869
0615992999939333249999929129919999999393194391929193221330000000014101900000000000534123272
0615999199913999993999119999999994949931999999491999939230000110004021320000100000134521981
0615991929999223399199929999991999999999999991992999919190000010007011310000000000435212215
0615999992929192999231999299199922292999919992919999999190000010005011310000000000235412756
0615993299444193999999299199999949993419919919999999129940000000000001900000000000235412988
0625999999299990291999992199093949992439329999999929094000000100007012110000000000123542893
0645949099000999499099999999949999099949999999999949949090000000000004900000000000521431887
0605299902933999099391992092990919129132320993919232099990000000000000900000000000315423839
0615922999209091912299920909919992199990992999991299991990000000000001900000000000534122741
0615941920330909122324412390404939224300401394213204019040000100111021321000100000333333868
0615941922330909129399412390404929224300401394213204019040100010004011010000000000333333907
0644990942922909999999999990499999492094910990299199499490000010008014310001000010333332742
0615944949929093014440130102244919923391223039142249990930000000000001900000000000234152919
0615990239193992120031004919922903990394022991142349393040000000000001900000000000531242927
0605999990909944999929999499929949992999099999409999909900000000000000900000000000315242044
0604909902440294999999499099999999229904099999229929499990000001007010110110101000325142158
0605919941091131909499099010042949499439999399299941943420000000109010310000100000352142980
0605991939319904213911911949902999099110994299930999994900001000112010210001100000341252864
0604991939919904413919911999901999099110994999930999994900100010009010310010100100341252796
0605999999099099949090999999999993999909939999949909999990000000108010310000100000312451224
0615939929221943109932322093322933492119099199999934919940000000000001900000000000431523999
0635999490909399999993499493994994094999939949939999900390000010002013010000000000512342654
0635999099091394990990999943999999999939999939993991309990000001007013110000000000512342239
0605992999219913930990991991999990291900999991999909999990000000000000900000000000352411775
0645994129429324999114112993949919991291439991212929929990000100005014310000000000154233364
0635090991491941394019993049439940093939419190999499993940000000000003900000000000521343614
0605339399919319009339999219402903992201994499939132909990000010005010410000000000351423903
0605900919099319919999999999399999990999999991109999099990000000000000900000000000341521666
0604900999993999999993493903010999991999914991919999994030000000109010310010100100342152439
0615999991199999999992299309231999919922019999290999009100000100104021321000000000435213578
0614999300319913913930099993119999999999999990999999991991000100008011311010000100534212945
0635999999030999099999999939909999990399399009999999993930000000105013010000000000125341539
0605099949294920323490929334209994332299993940949424433090000000000000900000000000312453676
0605949011229949291940909992499909909242999999449044999940000000000000900000000000345212333
0615933009199400933339999991130923190441929990999009194390100010009011211001100000531423627
0625994949293321129434349393194992919339022199999999909140000010007012110000000000143523671
0635049449991999999999999420942909940103094099939930399330000010007013210000000000214352947
0635049449990999999999999429949909949193090299939930399330010001008013110010000000214352909
0625999999992343229199229499949199991133911999999129999990000100010012410100000000143522289
0645230909094929239039229492911939994339330402040334922310000101003024120011000000514233932
0625439402329921900900333999992939499329003239099419090990100010012012111001000000423513581
0624939402329923900900333999992939499329009239099449090990000101012022120100001000423513656
0625939402329923900900333999992939499329009239099449090990000000000002900000000000423513750
0615990119499300239499949999393940433119930104991429900020000001010011311000100000432152104
0644919999991993391099491949903939993914910933993499499490000100009014310010000100142532875
0645999999991993999399491949939939999914993933993499499490000110001024120001000000142532624
0625994990933034212499990092433999993349011291999201999920000000000002900000000000213454569
0635999949399393999919949999999999999939999999999399999390000000104013110000000000142353000
0635919993393999999999913999999994449949944999394939494990001000104013110000000000152341491
0625003390099911123929322994942999099999141019999331144420100010011012311100100000423513975
0625090190099911129929322994942999099999141099999331144420000110101032321100100000423513484
0625099190099911129929022994942999099999941099999331114420000001010012411100000000423513391
0625099190099911129929022994942999099999991099999331119420000001111022421100000000423513260
0605990992293049339999999999999999099999034094999999940930000000000000900000000000315241842
0645990119499999991001949199199904194919999999409994999990000010110124120000000000452132226
0645099999421419349990922194332999999949931999999999999940000110001024220001000000452132170
0604993939190399921191923293001999399019919919339100999990000000109010410000100001342513135
0605993939190399921191923293001999399019919919339100999990000000000000900000000000342513381
0625199999924494199191330202044999939919992299999991021910000000000002900000000000243514034
0624939923999949999299939949299933923393349499999992999290000000102012011000010000213452043
0645999439399333999922949994999992994999999939394499393990100010004014210001000000215432724
0625949349240093993939239999999299939399492994939299932390000001004012010000000000213543302
0635949399194314911091900439999999991943399199999999999930001000111013010100100000521343112
0635939999399091199949439999030999999999999933999994499490000010104023421100000000521342225
0645990909991949091999490409193999111399499909940993999410000000000004900000000000451232971
0615999994999949999993299999999999991194491999941919412330000100007011310000100000132452121
0615299241942331319920193912992999094999999929234939239410000000108011010000000000235144237
0625311229199929293031909999191939990999932913901999929990000100111022020100000000453123214
0615399209921021139199994039239999999043941999999999423310000000102011010000000000532144124
0605911290931423014149099932490939940993212441414910921420000000000000900000000000321544357
0635912923229932999932994991344999999312499939192119992190000000000003900000000000154322213
0645994219919949999192199249999999219992194499114999199990000000000004900000000000245132921
0644993333349393949421913941493992299199914322229192929990100010005114111011010000145231462
0625909999909999999999902911929909990999200929999922990990000001004012110000000000543121828
0625949022409014494991199290994999492911499192999919412490000000000002900000000000453212101
0605991999239991192199293909090919299999099031999339119090010001007010210001000000325413798
0605900920229994999932992992490992339999940494992992909990010001010010310010100000314522558
0645949999994999999999999093499949999999999999999994949330000000107014310000000000514231458
0615999122023233209444402009433949122133901139992903413040000001003011010000000000234153603
0635999999939439999999939499199999999999939999993943999191000100005013410100000000152341778
0635911139919339999922129321991922399232129992999999999990000000104013110010000000145322578
0635991319339993199993919099990919999999099991991901909390000010001013110000000000451322193
0605999919999939999993039390021999939999920999993990939090000010109020120011000000324511845
0604999939999999999993039990029999939999930999993990939090000100010010210101001000324511825
0625929999929999949994999999992999994929219999299999919990000000000002900000000000153241275
0645999909499991399319909099994909490499191399990999499940001000112014010101000000451232805
0645949999919014993990999919999999909190499909099440119490000000000004900000000000541233688
0615999192999902992929921199099990129912299999009909199990000100002011010000000000435212270
0615909912291391030000240944093999919090929199902299913330000000109011411000000000534212542
0625999311102390009933992912992929990019929999911909019990010001005012311100000000253412912
0625900912100110941939321999992911031999392201044923309140000000000002900000000000453214470
0625213410341204439399204119409919991203102010930339241330100010013012411101000000453123614
0625999909092193939210904221302904110244133301410141444031100110005022321100100000453123058
0645929409043993999940290399993999999909933249209344222990000010001014310000000000215431850
0625999999299992999939399299399999339992912929999991999990000000000002900000000000243512262
0645949921229140009391999999121993491319400199919199913440000000000004900000000000214533544
0635099302912399499400499999049930223919991099039499999930000000000003900000000000512342811
0604919131390194901449104903919994391394499999190399909430001000109010310010100100341253172
0635992120032934039122930141422900290229324019999391404490000000000003900000000000251344558
0645911009494999499429999999199940499299991991999299229911000100011014010110000000245132302
0645233939042349999939004112222999300111922413343199109340000001011014210001000000241533531
0645333999049149999939904110322999999191922419343999119940000010002014310000000000241533678
0645994319942312002291139130920909943493030243999922401990000000000004900000000000154232111
0645991991092999919021949909994299042240144991919299999190000000000004900000000000245133775
0645999929999999929992142219094999911412920999994994249090000000000004900000000000254132353
0644999133393439949999999999949999399949999994914311939990000010008014011101010000421532531
0645929402999930243912224210012199939111034499121003021240000000102014310000000000241534934
0635944099999932199999943432103990399022201392409099210101000100005013210000000000215343385
0635999492999999999992439999999999923993939999993999932990000001010013410010000000125342709
0605929904999292999099922299090999999999994929990909992990000000000000900000000000345211748
0605992992039019299929929099999993292391901991330401393990100010012110310000100000314252541
0645999499999992229999909499999099999999949999994990494920010001010014210000000000451231651
0604999209999999990992999999909999399300909999999299999990000000111010210101001000324512288
0635999299293929999999299999999993393923999999399999999990000000000003900000000000254311741
0615390139999919193929929393229992399901991992393010939990010001010011010000000000235413121
0635990043929099390423499243009922394292242900029390249490000000000003900000000000514323753
0623990909099999999999992092999299099990999999999929229990100010009012311101001010453121774
0625932939239401103093314922024913194994191100109323439010000010008012110000000000243513699
0624994929929499999949992291999949199449999992994999299990000000108012310101100010153241751
0625949449144919299994999999999999299929491429992999992990000000000002900000000000143251975
0645999999999999449919999999499999999499299949499999992990000000000004900000000000245131810
0625293949993149409114213090921939999239313013914391329210000000000002900000000000123544231
0615999344134130999394399901499999391994999999319434331990000001105021020000000000231543050
0615992340439443919130994994100931243994412293139299944920000010108021020000000000231542890
0615992340439443919130994999190931243994414993139999944990000100012011010001100000231543513
0625999992299992099939390399939990939929290999992909399990001000103012010000000000513422092
0635919399144103029911494939423991999299993099492129139010000000111013210000000000142353408
0635994999199193999999949229934299991993994994999223313940000100010013410110000000245312645
0625999999214194121099429290994999909992090999911299990990000000000002900000000000543123694
0645999929991999009990911990932999999942492399994429994430010001007014310000000000542132637
0615394931903399999430090999019990999194999999411991399990000100013111010000000000135241970
0615923991443923019299341399391129139299999992932249929000000000000001900000000000135423226
0635990999929033999993999920994993092209949303999999999090000000000003900000000000541322458
0624499999429992999999209944929904992999999449994994499290000010011012311001100010513422258
0625219414101103104333143042320999092991204044304123300340010001008012111000000000243154471
0634999991993199999994933994999999999999999993999999939390000010011013011100010000251341512
0645999991999999029949944992949949999999999999999949909990000011005024020110000000254131940
0625993233929134941129299329949999939999999939992199919990000000103012110000000000243512193
0615999923409099912929919909049291443943104193934399134441000100012011010001100000134524070
0605999902999990999909290299099992999929209999999999992990000000014100900000000000354211940
0645929914991940949999999990409999999999999999942912049090000011003024020110000000425132686
0645919011939903424999329941291934921249432293910319302910100010008014210101000000142532696
0605990999339399391339319999999909331009909929331999999900000000111010210001000000341523173
0605299909199930001193309249294999211094214419332992394911000100009010410010000000342513866
0634999943940099919939909399991999939099939999999499399490000001009013210010000100521341875
0635999993909099999939999399999999939099939999999999399990000000000003900000000000521341389
0634919232311999992292312919929921142113993919229999999130000100012013011110010000145323306
0615499993939922991199992319999999999932391999999991929190000000000001900000000000132452375
0615123021949449932199929941990939929949091092991299999090001000110011311010100000234153199
0605929999023942109299910304431994910299993999102292993210000000107010410000000000315242791
0605993902393902099993993999999929999910999909999909332990000000000000900000000000314522279
0645991323120023049391949929309912943922024991311499094300000000000004900000000000452134779
0605990239092939990991929990019999929993099993991999999990000011013120320000000000354123819
0605999399999999099999939344394999930940991939000933419990000000000000900000000000351423135
0634911231199993941244113922139929214441999312244229423990000001010013011110010000145323842
0604904413304091919499399449139999003919193994499404113940000010007010310010100100321451460
0605904413304091919999499449139999003919199994499404193940000010002010310000100000321451694
0605919199991199090091909139999919919999909919019199993990000000000000900000000000352412094
0605394999099134240091919100949994199992399991929999912900000000000000900000000000351422932
0605949939919214441339911920902943493900114031391091324220000000000000900000000000341524321
0645999999349994994999999999339949903499909099909990499990000000000004900000000000521431611
0604999999910939999999099391019991999900999919199999990990000000108010210011000100342512283
0605993919901009419993393490149999999309410993939999999990000110001020420000000000342512739
0605199019099194199919999099944900919149499991439949949200000000000000900000000000351422800
0625913319299991992490032992999199994029294499990919910990000000014102900000000000423153383
0635999090322931040920010991234911003102911199221923912930000001010013010110000000425313879
0625993120019122999019001909022909299991991939999199199990000100001012010100000000543213816
0625133499944019113914909303402904992329020400394902124310100010007012411100000000523414167
0625133499944019019914909393492904992329029400399902124010000001012012110000000000523414191
0624933099949009999934909990492909992929029909399902424990000101007022120100001000523413930
0624933309929920999030993229939909939999993990309929999920000000108012411000100001513422768
0615999999909903101310922900393923299321909199929139299990000000000001900000000000534123351
0615999919139994342349990919939999999990121199999239294340010001008011010000000000534213500
0645493223140994919990199300410999999949309299429199393020001000108014210001000000152432535
0645493221140994919990999300410999999949309299499199393990000010005014310000000000152433104
0625999999999939994999993923294999243333434232999499249490000000000002900000000000253412381
0635991329121293999292919499419999449319223329999912499230000101009023120010000000214353582
0635991329121293999292949499419999949319223329999912499230000001004013110010000000214353857
0635900923299239990002299990999920299999999909003399399391000100009013211000000000412352902
0605939339349049144223999949919939304399999939400439940900000100011010210001100000312543501
0615993039029211240143392292129900309091332330300939124420000001108021421000000000531423583
0644991999999999949919999999991999941499999999949994949990000100011014210010000100251431541
0645991999999999949919999999991999941499999999949994949990000000000004900000000000251431533
0635993999999914499993999999993999999399919999999113493990000001002013110000000000152341486
0615999944999919999911999949919999499999999999991199949990000000000001900000000000132451698
0634949430229902334942329909029934094999999992309222994920000001012013110110001000214352341
0645944323430404113222211210023939999099399913413320212000000000000004900000000000214532890
0625999992929909929999999299929999999099999999999299999990000000000002900000000000453211468
0615490933332999290993340491191999021099009299119039999290000000000001900000000000431523392
0625991919990913999999022032299900999932939999912091931990100010009012311100000000543213018
0625429310393120991990314323209499041992033933999992101190000000000002900000000000253413983
0625999999999129229129001199991911993992993999092199990990000001008012010100000000253412508
0644999999499994914999099999999999949099449999999999999990000100010114210010000100245131828
0625929000992923293390143304413944099400231290949444931430000100109022121000100000523144216
0635909999422199399991999933492099099994099093493992239900000000000003900000000000425313238
0615034029149391109099491214993902443122923044424439393300000000000001900000000000234154219
0615394090992992999441933042090939341214230220914209010410000000000001900000000000234154621
0615919090490232339919090199221900499043242499199999319930000000000001900000000000531242429
0635999999999299993939911131192232399999999999999999239990000000000003900000000000245311473
0635941924022992431991121910494941323913033222940090991991000100012013411110000000254314516
0644999999924499999494022299992999999409929999990990949990000000107014310001000010512431587
0625449999191009224990901900209999494093109229949299499000001000105012111001100000123544148
0615993099339910999409991049919903033944039191019394939930000000000001900000000000431253412
0605992141399999999093430233001934492299933293994900394410000000000000900000000000312453413
0605992994993119922012419994992999934094100319994949419000000000000000900000000000321454113
0614944499919914999942999999999999199119299999929991924990000001003011011000010000235142172
0605911911420334441999093934290929421291932192944229000930000000000000900000000000354124590
0644999999999492999499994999949999994999999999999994999990000000105014310001000010541231189
0635099993090234119999909919993999903931993999999999191290000000000003900000000000214352456
0635909999399909399999119991009113193199909911133999999990000000000003900000000000452312343
0625939319093299210919939199139901019193399319311022022990000000000002900000000000253413764
0625991191933919092199999129992999993990302093912303930230000000000002900000000000253413323
0625929399932992092991339390942939929999330199999999999940000010007012110000000000243512015
0615449441109402994224999049990911999422201990299092041090010001005011010000100000234152637
0624991121292991999949949499999934199999292999444949921990000001007012011100010000243153902
0625929999999449999994999999999999291229499299921999499990000000000002900000000000153241609
0645993292324429399909239999994902924220999099020434009990100010011014010011000000215433555
0645040394324921939999999992090999099991404190393999214200000001008014310000000000214532444
0625929499949991499942429949999999949994912299999999129990001000108012410100000000253142466
0625933491410334224932994129002999999413001449319924493330000000000002900000000000253144478
0605992990949019999901291909494999911994149121992194100240000001004010410000000000345123083
0645991499491409911909929910293940900999949409111019903990000100005014310000000000451233154
0625993939929941293134994314919991929193299291944993293090000001012012110000000000143523602
0645949993009909949999099999909944499099999999939999999490000100010014010001000000142531520
0645944999999919499499999919314999490999019999999999999990000000000004900000000000412532637
0645910999299914099149199999199149091994299999994129924990000000000004900000000000245132557
0635292449109300433994949999939929999999441999299993910390000000000003900000000000421353936
0635900309040494934900999999499999393999903999943940994490000000000003900000000000512342719
0645999290999099944309999949992994909499999994990999990990000000000004900000000000521431856
0625391199912999399919901112992930999014139239992991999920000000000002900000000000123543896
0624993191999191992999999942999999924499999992991919191220000100007012011100010000243152462
0605999999949999999999099099999999409994099999099949409990000000000000900000000000321451670
0635349401109440333921442402204994199090011099931049220230000000000003900000000000154324781
0625949949994091929990999409990920299429990999909290992090001000107012010100000000423152595
0624999929904994922099992942999909919999929999999994949090000100009012010101100010523142105
0625399902999999929992099099924999999990909999939290929990000000014102900000000000253411563
0605909104994423231240430921043991911934220942199139193990001000114010310110100000351243409
0635999314903999999991990949919499130949999399194043039990000000112013411100000000541322823
0635991134299934199999139949499999999999939399999139999910000000111013210100000000154322438
0645099999999094039099149001033994999991324403999099999940000010007014310000000000145233823
0645994949399999399939999999949993994999399994399999994990000000000004900000000000512431513
0605393023311244119209949910411490934991429399203994242100000010008010310000100000315242641
0605992099999009449992990949999929999999999099229990199990000000014100900000000000324152151
0605999092999994411991909999423909991991014199999199991000000000108010410000000000315242204
0604990299299999992990999099999990099292099999992999999990000000109110410000100001315241618
0625999929299249999919149929299992119499999999999999999990000000108012110000000000253141913
0635922999919991999329319319391922922199921992992313912990000000000003900000000000145322279
0635999339299992999999943944924943299492932999299999949390000100101023220000000000154322448
0615909999209992992211999909919999999929910021929999219990000000000001900000000000234152316
0605312242990931099943099244012922041999341192029193911990000000109010410000000000314252479
0645930990904431132999990403243929999322301300999400349990000000000004900000000000415233802
0645199229121949142204924242913990994122999309099093991910000000000004900000000000415233451
0624993999999123993499392314149934934942912999939229411940000010103022021100010000123543442
0625939999999999939994994992492399999429932934299249944490000000000002900000000000123542523
0605392909919091009999123999199929939999909399099999991990000001009010310000000000314522255
0625990919910099929999999929929929099120099999999920999990100010008012111000000000453122396
0615993990923919119233012424494939322499999244391132224990000000000001900000000000132544803
0615949999199993913949399949190219934139020990994093199090000000000001900000000000132453784
0605991999224994343999999399239999999399209099099990012090000001005010410000000000354123523
0635992044944292932399199203200999293949992299099319999390000001009013110010000000514324336
0625990999499999932002929912902990942944399994949339094490000000108012111000000000513243308
0635999393349994941399999999993991999999999999499999499390000100007013410100000000152341935
0635999393349994949399999999993991999999999999999999499390100010007013110000000000152341317
0604991990911190999919909999199999990991999909999999999090000100010010210010000100351421844
0605991990911190999919909999199999990991999909999999999090000000000000900000000000351421922
0635944494099940932999329090999499903949393949999904939900000000000003900000000000412353707
0635909939999399994994999494999939000390949394903909099990000000000003900000000000512342508
0614919999999919149999419999999999999991999991999944999940000000109011210010100100235141329
0604939399939939003299993992999923099999290992290909993390000000109010110111001000325412674
0625999930399929499992099999292390439399300299909999990290100010008012411000000000423513317
0625999299909099992992999909199492909009299999199999299990000000000002900000000000513422777
0605903999499990901993904994994390493099993999919939999931000100004010410000000000341523086
0635199099999999991999911030999900909930909991939939399930000000000003900000000000521342645
0645999349994999999399999921994999249949933999493993999990000010011014110011000000142531739
0644999349994999999399999923994999249949939999493993999990000001012014110111001000142531772
0625999249429992999999912919999999999994999999999929129990000100112122120000000000123541593
0645994449942230909111910923329919921999209222999239241490000000000004900000000000154234050
0635941192302201204991004432332949110421022149911924030431000100004013210000000000152344767
0635903922142243139391119999999913221432920094022124944110000000000003900000000000145323524
0635922929209040219433931941140901342411404420220323421100000000000003900000000000145323581
0625040910999943034102119444403999124022033244004112111330000100009012010100100000253142968
0625990910999994034902119444413999924022043244001112119130000000111012010100000000253142699
0625999900999994934902119444419999924022043244091112119130000000104012110000000000253142940
0645139919292429019910999142011499999923443999919912000410000000103014310000000000214533069
0645902219329042219320312034044929232193330393041029310410000001008014110011000000415234622
0605943999499930999999999999993999000991999999990099994490000000000000900000000000312542666
0605199999209990909999999999911999990999990999999999902990000100012010210000000000321541225
0605199999909990909999999999911999990999990999999999909990000000000000900000000000321541046
0605994949093939099994999999099909999999999999949909993900000001007010310000100000321452379
0645102299022123099190944439919902930239921334990932499400000010010014310000000000214533345
0645909299099020399990944429939992929299929924999902499400000000105014310000000000214532734
0625940103312434020939091031211993931442140194993313240240000000104012110000000000513424717
0615994219299943932049192942239929919919293192999999942910000000000001900000000000134253843
0615949199412443239249949919991121993002442049400002339330000000000001900000000000234152639
0615912991939221999919999999993999333992299912399919999990000000000001900000000000234511918
0614912201999999199909292901199929922902091999929290099990000100011011411000100001435212886
0605999994199990999992910994929999409940109994999091999990000010008010410000000000352142347
0604944994009990999499999994909494999999409999940999999990000100010010110100101000342151984
0605294494199991199999421999999999920099990991049091299040000011003020120010100000352143049
0645999193343209443000111913023932032130091200412249232340000000000004900000000000451234803