1115400910194130330004219920212901213124334492321199404130000010007011010000000000425312671
1145400021022341342122303113211440003002401321334443134240000000000004000000000000435124688
1115130210143121142000221341044990402449244330201391321330010001009011010000000000425313311
1115100212103121142099921341044999992449944300201391221330110011005021020000000000425312871
1115109212103121142099921341044999992449944309201391221330000100102021020000000000425313086
1115230222120004444123343123044110021140423303004133214110000000000001300000000000523413882
1135349341414002130023404241201944321203314923330021421230000001013013210000000000431252948
1135399341414002139003404241201944321203314943330021421230000110001023220000000000431253352
1135211900919134239294034039331919139093441299943309143420000010010013210000000000531243592
1115130341432044203314024393012231341140914421031202100020000001010011411001000000423512697
1145993311102410349334444203094933311021009410341304124020000110012124220001000000341522505
1125292123004014219413903224212324303924341094412993331010000001107022120000000000412533006
1135392100392213112323029332411902301493242103401249434040000001108023120010000000415232928
1145044412223313410202411340003942244311233492020003014110000001101024320000000000435122776
1115294999990131301322313421002901229234230110143320121001000100007011010000000000123453007
1125233424404000003242232321020993342111010299413111342030011001102022121000000000142352748
1125293424404000009242232321020993342111010299433311342030000110001022120000000000142353079
1125914341324242209114333221002934142242100234111040130330000011001032020100000000152344205
1125093230003024044330321220124902911102411093443324344220000001004012110000000000142533899
1135304234342411410110131301323320022220423320444401011320000000000003100000000000513244840
1135094022393101430940329013401993224913143090234441304130000011002023220000000000315243227
1135090422393101439990399093401993222913143090234941304130100010009013110010000000315242613
1135090422393101439990399093499993222993143090234949304130000001108023120010000000315242720
1105402202411100002111434401434993242003412301901322342140000001001030330000100000243512770
1105402202411100002191434401434991922003412301901322342140000001004010410000000000243512859
1135121302301142333414004220011303143213423124204443202100000000000003200000000000314254196
1135490243202123434333244103131920001020411140432133201140000101001023220000000000514232823
1134994334391041934114403040313934431900491194999993319010000100012013210010000100431252141
1135994334391041934114403040313934431900491194999993319010000000000003900000000000431252273
1145421410001233342491204030042949911134133391194202424030000001104024320100000000435122779
1125209331419211019931340433301931144092242202220424130210000101008022020100000000312543704
1105910332999902103443122233340903011019210093101312209140000001009010410000000000234513321
1135240141133344423004211130144331000223242130404201232230000000000003200000000000531243678
1135394003492394329013132122203442111243031411004193390420000010110023220100000000451234067
1135394903492394329013130122203449111043031411904193390420000101103033220000000000451233852
1135941023303001324004120123423912031114133004444434312220000101001023220000000000341254322
1145420120230441432199394400014902041412343110229433302310000010003014310000000000543124235
1105312900113320349402224434110910310302343412924041300310000100103020420001000000245132974
1145493333434091103004230211022923343311441202200424490140000100110024220001000000341523889
1145493333434091103004039211022923343011441202209424490140000010007014310000000000341523777
1105999223313404019294202120010930402400132339493914332400000110001020420000000000234153808
1145291019004421243291011024340939493114343331040212324240000101005024320100000000451324268
1135312224331201139013191090023924224134403492440243923310101010109023120010000000514234459
1135309224331201139923291090023924224134403499440243923310000110102033120010000000514234313
1135393032434211330404341104410942231120422304121130020310000101001023220000000000415233840
1105113322421402123432010140440030230330444142011313041220000000000000100000000000234513542
1125421429210331202211144011420933101090423312340304042230000001008012010100000000152342316
1125421429210341202211144019423933999094929312341314192230000010110022020100000000152342428
1124921429211349232211144319429933999494929912341314192230000100011022021100010000152342391
1125921429211349232211144319429933999494929992341314192230000000101012110000000000152342621
1105042449010114900943930220312394031212331204041434430920000100112020320000100000243152465
1104042449010114900944910220919294019992221904049994410920000010011010310001100010243152175
1145404414230233314441240002413949030192010332304132102120010001008014310000000000435121514
1145404414200233014441249002413949030199019332304192202120000010107024320000000000435121551
1145494434900222994440149009493949090199099239904992209090000010010014310000000000435121357
1144494424900222994440149009499949090199099909904992209990000000112014310001000010435121661
1145494424900222994440149009499949090199099909904992209990000000000004900000000000435123409
1145301102401124242031423124344912092100043329124430033340010001005014310010000000453124589
1145301192403194242031429124244912992300943929124490393940000100110024320010000000453124700
1145430340310322243934344100422190014330203219014211311440000011102034220001000000351424220
1135292222439023019341030944003922324304411303223444101300000110008023120010000000314252512
1135292222439443019341030994003922324309991303223444994300000001011013210000000000314252481
1135999222439443099342030994003992324309990303223444994390000101002023220000000000314252733
1135399921222044142033401120134102343112130320302320304110000100001033431110000000415233181
1135399921222044142033401120134909313912130320322320304110010001007013110010000000415232849
1135341210431013132020441240033302402131443102320311224420000000000003400000000000513244433
1105921302334434109302010144110912123402140013222323013400000111001030420000000000235413352
1105921302334493109302010149110912123302110013222923093400000110110030420000000000235413279
1105921302334393109302010119910912123302190013222923099100000011111030420000000000235413301
1104921302331393909302010119910912123302190013222923099100000100012010410000100001235413232
1105121391120340009039302022214912032113114094391240442040000110104030420000000000234514155
1105000922441013440292031342434409211041102420321303323430000111003030120011100000254311949
1105000922941013440992031342434909291041102490221403323430000001005010410000000000254311731
1105000929991013340992099334934909293041102490229403929430000000109010410000000000254311508
1135340403002421014390241223213940110342114202433343031210000010003013210000000000413253339
1135312423429032034242303403100992134394311199214123022100000101008023120010000000314253230
1135140220102341033202241434223904934044310330230113421110000010004013210000000000315242988
1135303042044142222300220234111310443110331324042314110230000000000003400000000000513244363
1135139042341200334431202030231490414112132134102143400320000101002023220000000000513243424
1135139992341200334431290030231999914112132130004943400320000001001013210000000000513243761
1135190101434122219130944343413903991134240300339300201220000001004013210000000000431252865
1135013341244224011209102142230941311334492190490303329330000011011023220100000000341252882
1135013341444224011009102142230991311334492199490303329330000001102023220000000000341252690
1135102242121214341003343233113902204400314194001421303430000001101023220000000000514233949
1135322402224413312922112391200290133013314140443031941030000010109023020110000000315244067
1115142204434410314221311003100940120203422132214314303230000001001011010000000000124354181
1105024304344401201192120323300941022132124014011440233330000010003010410000000000253143804
1105313400492230232411491203003911119022144394020194444000000100107020320000100000245133242
1105313400492230232411491202003911119029144394020194444000000001009010310000100000245133192
1105911400492290299411491209009911119029944992020194444000000010001010410000000000245133475
1105022244313430030204133442031041104430111222011234304230000000000000200000000000234153309
1135014131140322031014434434303344323012202414120212022300000000000003400000000000351244395
1135123210411103039322329029930922944313421092034301013210100010007113110010000000314252512
1105200033000004021313321204124911222241334093311441423410000001101020420000000000243513067
1105100033000009021312321904944991922292334093311449413410010001008010410000000000243513088
1105012433303114332221424340303021302402044041011042211430000000000000400000000000235143753
1115192412242034112003300304311903143441242243012203344110000101001021020000000000425314817
1105002220114214040422430211021923343319410192301310930440011001109020420000000000234512672
1105002220112214040422430911021923343319410192301310930440000010008010410000000000234512739
1105002220112214040422430913021923313319410992301390990410000000107010410000000000234512846
1105912230244104113031413124120930004030232031133222414400000101001020420000000000243513178
1115233911233109119422431203922914999414042139312132029340000100003011010000000000123543000
1125149120321434213443120120221943012413043013020223043430000100002012110000000000512344345
1145403224243430423212010143034413001431333420001012421120000000000004100000000000543124670
1125204444203402003240233031213223211431140312301240141100000000000002100000000000142354454
1135429000301340439093033410214944112323443149922223211310000010103023220000000000514234124
1125410303192334041411909230324123191042104202423230212130000110007022020100000000152433560
1115129123230030124192294411104999214104240399433922133120000101102031020000000000123452656
1145933132330300143011023034422941424012094224440033219410000001111024220001000000531422932
1145993130339300149011093994439941434019094904440039919410000110001024320000000000531423190
1145310134940144243243100114022943094124321233099103203240000001005014310000000000541323568
1145993092043012432039114434043900221124012492010203443420000110004034320010000000534124454
1145993092043012432009114434043909221124012492010203443420000001003014310000000000534124495
1105322041121120334134200244120941311000203294333001433240000001101020420000000000234154132
1115114322312040102220043314013124440231213324410230430100000000000001200000000000124354135
1115441143123232432120223120404922303404104393111403100140000001101021020000000000425312977
1145423019192412233040911443300924134040332290400091442130000100107024320000000000354123383
1145492144103203332314210020034940322023423094210104343140000101101034120011000000354123654
1125304040433314223200340411313223004224302314102421111210000000000002000000000000412353498
1115304291213040914312113443141912200422010430240230313041000100012011411000000000425313316
1115999291213900910912113993131912200222910499200930913040000001010011010000000000425312365
1114999291910999910912110990191912209222910499200929919091000100011011010001100010425312232
1115999291910999919912110990191912209222910499200929919090000010001011010000000000425312394
1145402144034403310110122331143902114023432302002224013440000001001014310000000000534124205
1125431021210200223433101443030911434332402094142002423120000001101022120000000000152434082
1105039302321040002914124314402403131121244433200232140340000110002020120011100000253414421
1135034302202343139111423124021901140202041434304334201310000011001023220000000000415233294
1135192323391213929124440434293944242033209044923031110300000100007013210000000000413253214
1125043311130042429113224320430930003120224131440244032120000101001022120000000000152434607
1125234431001042123421442211302934430092102134313143320200010001008012110000000000312544099
1145993004112122342002344213034900304140312433232434204120000101001034120011000000531424379
1115932923203443913031442011129239003002014203913142112100000100012111010000000000423511861
1135040024311244119344933314430914022413032092330902311120000110001023220000000000314252850
1135940024390249119344933314432904022413432092330992319190000100107023120010000000314252874
1135940024390249119344933399432904022443432092330992399190000010009013110010000000314252864
1134940024390249099344933399432904022493432992330992399490000001008013110110001000314252808
1115130211403311242302114434344909304001022293921203214130000101003021020000000000524313746
1105039314309223344139101210420114900103040219114329024420000100108020420000000000253413925
1105311322412044443023004120300922312134140430112014313200000001001010410000000000254314354
1105324442330342334111404421110024330312413022422010030010000000000000200000000000234154631
1105493300910334919294901031091924402020230134944243120210000010001010410000000000234153345
1135300402121203323042023441412344432401033111200443211230000000000003200000000000531244538
1115233031334001242420233040211102140111044243413004143220000000000001400000000000523413758
1115499931113030420213311222121303421020144240133434244040000100001031030000000000423513922
1115292011133044129221033434041924101133400120440224202100000111001031321000100000123544575
1115112420433222401942440140311432403220031033929110131900001000112011010000000000124353953
1115033030111014212292243401422239201404130233913041230010000011103031421000000000123454071
1145201144431204130144100313242934032012322402944213031300000000103014310000000000451322686
1145413220100331420001412100034433201342424241123132344320000000000004300000000000351424731
1125109432221034439004422239412393922010913194233042441010000001004012110000000000512433364
1115049999242314403010410242001341294212400291221002313110010001005011411000000000123543321
1145493123430242241444431339124923303029111243020103990400101010110024220001000000431523144
1145493133430242241444431339124929303029111243900103990400000001103024220001000000431522931
1145493933430242241444431339024929393009191243909193999400000000107014210001000000431522899
1125994042349202023441443202412934130012311243322103131300000100008022120000000000312453917
1145410133130134410404220142210942430033012322210442310430000001001014310000000000345123451
1105211033221310403134330420141933422022244010311241040040000001001010410000000000243514135
1145142302024344213134314122432401331034010103400022123420000000000004100000000000431523498
1135240212341032311101110134043304002244322201433420443320000000000003100000000000541234258
1125211491301004223149413240102144932420322431413332021300000111004032020100000000132544535
1115191022043244413300244332224903333041120211110142031440000101001021020000000000423513070
1115192111033241022002332332004923040303401132244124111040000101001021421000000000123544386
1105433149404404201123000490032901011222313033411132212440000010009010410000000000253413443
1105911101302104192130029030222999900992244121331330123300000010007010410000000000253412620
1105110133232442001302343040324040123201411010341322421440000000000000100000000000243513253
1125214304000230223344423331010131242040321191341122244000000001001012110000000000132454595
1125202100039231109403341931221924312011043444323200122410000110008022421100000000312543857
1125320333214212312413342224213200100430130044041441110320000000000002400000000000512344429
1145133301344204023340331242122403001032421244431101102240000000000004300000000000531422784
1145200033301304243200242301211402414210141432343124313240000000000004300000000000531424289
1145402910420341402240009223133919331022140391143394404040000010107024320000000000354124080
1145120004302431301411302422014423142021443314024330023130000000000004000000000000435123320
1125233244444342413113110123042214123103201020232013000400000000000002100000000000142533407
1125243120410214129323420003414933333214100294422321113140000011101032020100000000412533407
1105141224211112002920409331433999400922004419124010340230000011007020420000000000253143741
1105941224219292001920409141433999400991004419929010990230000010005010410000000000253143483
1105443949001414030114431402402119133003202399999101043431010101005020320000100000245132990
1125249142334134413030132120311949133122202200409403422010000000105012110000000000412354748
1125343120401322009331412013421944202432040241030231304120000011001022120000000000132544742
1105393102002112043102004313213931034121400292304441343220000101101030420000000000243153416
1125204090124343039333303222434993204312221199040121100210000011102032121000000000412353655
1125200223030141149333140231431911041242323293012002410320000011101032421100000000512343570
1145211103491000439234011424104912002993124392134499224240000001108024320000000000345124108
1145911103491009439224011424104912002992194092134499294940000000110014310000000000345124013
1145311133240144429241219999144113494413003099994203300330000001005014310000000000453122961
1105442930312311412144342203333944130209040142403211200000000001009010310000100000235144021
1105442930312321412144342203333944130209040942403299900000000000107030130011100000235143896
1125031241020430303021133010210244321432402414112402413230000000000002300000000000132453146
1115323213022144412033204034031902011401431491123020024310000001101021421000000000425313123
1135304401122313224044134240222320143023134411143123300000000000000003300000000000351244335
1125213444112434121332301002933911202440291290024013231300000011011022020100000000152344292
1125213494112434129332301002933914202440291291024013231300000100004012110000000000152344100
1135441440201242331910333322243991043103103294011434402120000011002023220100000000531244165
1125339133311100243942002130422912123241300493442014440220000110002022120000000000152433454
1125994423149301224420321920432314140931020291220034103410000110008022120000100000142533794
1125994423949391224420321920432314141939120291220934193410000001009012010100000000142533993
1105990193023123049114941903340912020299103419409429111000000001009010410000000000253413701
1145333310110124339404303021444932214210000492242020424330000011101034120011000000345123986
1125291100342404143402420134142913310243322193313142203210000101101032020100000000512434600
1125149022000492114490401239021190993233322199342910422010000110010022121000100000312543154
1135121230003201232433344034214944221101393120942023104310000001011013110010000000413253282
1135121239003201932433344034224944221101393920942023114311000100012013110010000000413253263
1135024239003201932933344034224944221101393929942023114310000010102023120010000000413253119
1105430433402243400231213041222003311124201431144421310000000000000000400000000000243513979
1145331412104311329009140430442902204124312301090041234430000010104024320000000000534123957
1115041240100120333434240012110219901332120994329491443910001000107011411000000000123454096
1115113233413101322341230324210104401424003040222031402410000000000001400000000000123544288
1115021339104143112194392230004099232232130144312224140410000011003021020000000000123544010
1115012231412110200324232144001132232013044243331304400410000000000001400000000000123543649
1145430412312212330003031114443404034314204121400102232230000000000004400000000000543124433
1145403141034432009110022132423904441404200093141131333230000011101034220001000000354122937
1135340302014122134234413333141229003043021420901231041410000001103023220000000000514233868
1135101490320334134210342211422100942310133244024024032330000101004023120010000000513244653
1105043411113413442131914302304213490010234123400423220000000011005020220001100000245314278
1115339244144202013320013402111992414402231299323130112300000100002011010000000000123454774
1135243312242103412432313210301934134023430141402000401120000001001013210000000000413252406
1125004333003411101434241224140241142200323124003223113200000000000002000000000000142533815
1145424443102303302293312002413999234190144024249999034130000001008014310000000000345122688
1135144022243303102402314401113941314141042092300203312330000001101023220000000000315243658
1135393003101434019434223241221944040433131390040011911320000000109113210000000000314252224
1105219141222403021102013241440999020143301029201414340440000100102020320000100000243513924
1105194239141023001141091403442932102434211094043922103001000100005010410000000000234514200
1105194219191023009141094403442939902934211094043922103000000010007010410000000000234514054
1105322421400211002313232214310933440430040420214130143110000001001010410000000000235414538
1105093324212014112023920340041991439400031440223114312400000001002010410000000000234513865
1125221313103030142341200141300224034330404104222244211130000000000002000000000000132544968
1135340110341331214204903444203900101403042224241312233320000010005013210000000000531244859
1135903239439201349242231230341934031190102492902329302100000001008013110010000000415232093
1135903239439291399249930230304934932190192492909329302100000010105023220000000000415231935
1135090414319122329440431303121420202144233203210139421330000100108023020110000000431254209
1135990904319122329440431303121499202194233293240139441331010101008023220000000000431253809
1135303240111123224440440210342331402423431213020014203130000000000003100000000000341254387
1115420414149294144999911033301912211024223122001020320041000100010011010000000000124532939
1115420212149294144999911033301919911024223122991020320090011001104021020000000000124533096
1125211404200210234040011404343999242201213340421213131200000001001032331100100000142353824
1145494091321341040442102001204914934103022211403343313221010101004024320000000000531422757
1145494091321341049442102001204914934103022211400343313220000010001014310000000000531422947
1125110323043420122043130043232243002441240133024134111120000000000002000000000000512344513
1125323932334044202192004020411130330423121423421142010040000110003022120000000000142532582
1135392320201231440122200430443901101123413391031330424220000101101033421110000000451233894
1135294122249102240041333931033914140201023340403310444320000110008023220000000000451234352
1135999192249109240041333931033914120201093320903319422320001000108013010110000000451234419
1105223192314201042331903434044921403943041322100412010100000001007010410000000000235413881