0215929934902949909499392494020929344000329490219043319020000000000001900000000000333334851
0215999919994999094999929999992999999149900999999299999990000000000001900000000000531242018
0245999139099993991190930991933919099909911930433040939090000000014104900000000000452133918
0205992999999949929999049999999909999999999199999994999990000000000000900000000000354121682
0205949944094199999199999049949949999919999999199941914990000001007010110000100000352142808
0215999199919999999999999999999999999999999999999999929990000000000001900000000000134521513
0215994999999994999999499199999949999419999999999999999940000000000001900000000000235412000
0235929399999292999999399999999999999999999999999999929990000000000003900000000000425311496
0215991992900909999999999999999999992299001992999299999990000000103011010000000000333333000
0215999993299190992320999999920999920000990122999990299990000000110011311010000000435124000
0214999999999499999994999194999999999991999999949999999990000001007011011000010000234152000
0215999099990999990901994919999990994999999999999999999990000000000001900000000000531243000
0205999999909999999999999999929949992999999999299999999900000100011010410010000000315243000
0205909992499994999999499099999999299994999999229929499990000000000000900000000000325142445
0205919941991199999499099019949949999419999999499941944990000000000000900000000000352142815
0205999999999999949090999999999999999999999999999999999990000000000000900000000000312451497
0214999999929923999992929999229999999999999199999999919900000010008011010000100001431524000
0235999490909999999999499499994994094999939949999999990390000000110013010000100000512343000
0234999099099999990999999943999999999999999999993990999990000010004013110100001000512343000
0245999199929129999199992992949919991991439991212929929990100010005014110011000000154234000
0235090991490941994019999999499940093999999190999499993940000000000003900000000000521344000
0204999999199940999990999919949999499999999999999999999990000100007010210010100100345123000
0204909999994999999999494909999999999999999999919999999990000010004010310001100010342153000
0215999999999999999999299909201999999990099999290999099190000000000001900000000000435213000
0215999300399993913930099993919999999999999990999999999990000000000001900000000000534213000
0215999999999939999999999999919999999919999999999999993990000000000001900000000000532412000
0205999992929999999910999992299999909992999999999999999990000000000000900000000000345212191
0215939999999999999399999999999999193999999999999999199990000000000001900000000000531422000
0225999999293999999339999999399999939399392999999999999990000000000002900000000000143522000
0245999924992229299999999999999999992499999999999999999990000000000004900000000000415231518
0235999499999999999999999999999999999999999999999999399930001000108013410000000000214352000
0225999999992344999199299499999199999191911999999199999990000000000002900000000000143522610
0245230909099929239039929492931939999339330402092939922930000000112014110011000000514235000
0225939999999920993993393999999999399399099299999999999990000000000002900000000000423513000
0225909199392999009003329909999999999994339900319919939990000000000002900000000000413525000
0214994919999949999499999999999994449999999999991999949990000000101011011000010000432151799
0245999999999993999999999999939999999999993939999499999490000000000004900000000000142532000
0224999999991494299499993999999999999399991299999949999990000100007012111000010000213454000
0235999949999993999919949999999999999999999999999999999390000000000003900000000000142353000
0224999190099911999929099990919999099999991999999311199020000100012012411100100001423514000
0205990999999049499999999999999999999999929994999999999990000000000000900000000000315241818
0245099999999419999992991194399999999999931999999999999990000100007014310000000000452133254
0205993999199299921191921993001999399999919919399199999990000000000000900000000000342513538
0225999999991999999191119219919999919999992999999999999990000000000002900000000000243512000
0205991912112099999999299199229999121999299999999999190990000000000000900000000000354212852
0245999939999333999993999999999993994999999939399499399990000000000004900000000000215432000
0225939999993999993939999999999999939999392999939299939990000000000002900000000000213542000
0235999999990319919999999199999999999913999999999999999990000000000003900000000000521343000
0235999999992299299999999999999939992939999299999999999990000000000003900000000000451321243
0235999999999099999999999999930999999999999993999999999990000000000003900000000000521341503
0225911229999999991011999999999919999999999910991999999990000000000002900000000000453122699
0215999209909901999999994999909999999994949999999999499910000000000001900000000000532144000
0205999999931999994999999993990999949993314499994910991990000000000000900000000000321544000
0235919923929932999999991999921999999999199999299199999290000000000003900000000000154322627
0245999299919999999999199299999999919992194499999999999990000000000004900000000000245133000
0204999920929992999999999999999992929999999999992992909990000001004010410000100001314521940
0245949999999999999999999990999949999999999999999999999990000000000004900000000000514231505
0214999199990999999949909999992999999909909199999999499990000001009011010001100010234154000
0235992999999939999922119921991929399992929991999999999990000000000003900000000000145322697
0215999929929994929999399999140999999919993939939999994990000000000001900000000000532413916
0235999919339999999999919999991919999999999999991999999990000000000003900000000000451322000
0205999939999999999993939999039999939999999999993990939990000000000000900000000000324511850
0245999909999999999099999199994909999499199999990999999990000100011014010100000000451233000
0245999999919014993990999999999999909190999909999499019990000000000004900000000000541234000
0215999992999902992929921999099990929992299999009909199990000000000001900000000000435212789
0225999311199990909900992912999999990019999999911909919990000000000002900000000000253413847
0225900999900919991999921999999919999999099201101999199190000000000002900000000000453213000
0225999909099193939910904929309904110244113301410149419430000000000002900000000000453123898
0225999999999999999939999299999999199992919999999999999990000000000002900000000000243512501
0245999919999191199399999999199993499929919999919999993940000100012014110011000000214534000
0205922929999999919199931909929911929993999929299191099290000000000000900000000000345214000
0244999999999999999919999999999999991999419919999999999490000001009014111000010000452132000
0235999909999999999099099999909930093999999999099999999990000000000003900000000000512342000
0225901999999492999299099999991999909990999999099999909990000000000002900000000000413253097
0205999939399994999919101903919999199394499999999399999940000001003010410000000000341254000
0235999449399999999999999999999949999999494994999999999930000000000003900000000000124352000
0245911009994999999999999999199999499999991991999099229910000000000004900000000000245133028
0245993999099349999939939990322999999399929499993999999990000000000004900000000000241534000
0225933913999911999394919394999999129999994199939999439210000001003012410100000000243514000
0245994919999392099999999992999999992999019299999999499990000100008014310000000000154231790
0245990999999949499929990999919999999991999999999999919990000001008014010110000000245134000
0245991991992999919919999929994999999999194991999999999190000000000004900000000000245133000
0245999929999999999999192999299999911922992999999994949990000001004014210000000000254132876
0205999993949949994919990999994999999999999990999934999990000000000000900000000000321543218
0245999933391939949999999999999999399999999999914391939990000000000004900000000000421533000
0205909999999499999949939999999999999290999499999993999990000001013110410000000000351244000
0235994499999999999999903992999992999292299399999999929990000001011013010010000000215344000
0235999992999999999999299999999999929993999999999999939990000000000003900000000000125342000
0205929909999292999999942299990999999999994929999999992990000000000000900000000000345213000
0205999209999999999993999999999999999390999999999299999990000000000000900000000000324513000
0235991939999991992911919921999999919999999999211399999990000000000003900000000000254313000
0235999999999929999999299999999999993923999999999999999990000000000003900000000000254312000
0215999939999919999999999399999999399999999999993919999990000000000001900000000000235412000
0235999993929999990999099949099909990999242909999390049090000000000003900000000000514324000
0235999299999929999999299999999999393999999999929999999920000000000003900000000000215342000
0205999299999990999929929999999999999299999999929990999990000000000000900000000000325142000
0225990909999999999999999999999999099990999999999999229990000010008012010000000000453122000
0225999999999439909393999992929939993999993999339999949990000001009012010000000000243513511
0245999999999999949929999999999999999999999949999999999990000000111014210000000000245132000
0215929949929399999999914499999999994932999922999999399910000000000001900000000000134524000
0215999399934193999399999999999999399994999999399939331990000000000001900000000000231543000
0235919999944193199919194939499994999199999999999119999990000000103013110000000000142352909
0245039993929999249993909299199922932191099231109499992910000000000004900000000000251435000
0235994999199199999999949229934299991999991994999229993940001000110013410110000000245313433
0225999999911994021099499990994999909992090999911999999990000000111012111000000000543124000
0245999999990999999990999999999999999999499099999999999490000010007014010000000000542131749
0215939991493999399399941999399999939999999999939949999990000000000001900000000000135422363
0235990999999993999993999990999999099999999999999999999990000000000003900000000000541322000
0225999999029999999999999999999999999999999999990999999290000000000002900000000000513422000
0225919934101103104993143042924999099991934949994193909090000000000002900000000000243154809
0215999499199999999999999999994949999999999999999999199990000010001011410000000000235142000
0235999991993999999991993999999999999999999999999999999990000000000003900000000000251342000
0215999939919929929939399999299993999293999999999399919990000000000001900000000000135422402
0215999943439099992929919949049299949993949993934399134440000000000001900000000000134525000
0205999902999999999909999299999992999929299999999999992990000100005110210000000000354212000
0245929904992999949999999999909999999999999999999999999990000000000004900000000000425133000
0245992999999999242929999999929999299999994999999999999990000000000004900000000000524132000
0245999999919999999999999999999999999949419999999999999990000000000004900000000000142531507
0205913903999999999999999191999999331991999919991091999990000000000000900000000000352413000
0205999999339999991339319999999999333909909999331999999990000000101010310000000000341523000
0205999909199999991199309999999999999993991919991993391990000000000000900000000000342513000
0235999999909099999999999399999999999999939999999999999990000000000003900000000000521342000
0235999194999999999999999909399991994991939094499909099990000010108023020100100000541324000
0235999932999999999999992919999999999999993999999999999990000000000003900000000000145323000
0235449999099999009999499999020999999999993992994399999990010001009013010010000000145323117
0214923229949449992199999949994939929999291992999999999990000001008011011000010000234154000
0235929291290499914949990919093929921991129491422409490130000010008013111010000000425315000
0225990990999939999999909999399999929990992999999999939990000010010012010000000000523413000
0245991323120023049391999929309912993922929991311999094300000000000004900000000000452135000
0205990299092929999999999999999999999993999992999999999990000000014100900000000000354123000
0205999399999999099999939344394999939940991939999933419990000000000000900000000000351423395
0225999999999994929999929999999999999999999999999999999990000000000002900000000000123452000
0235919992199999991299129922199999999991999312291929423990000001007013110010000000145324000
0205919199991199099091999939999999919999999919919199993990000000000000900000000000352413000
0205991999999939999999999190919999999999999991999999919900000000000000900000000000351423000
0205939939999911991939919929909993493990999931391991312990000100009010410000000000341525000
0205999999919999999999099393099999999999999919999999999990000000000000900000000000342513000
0205993919991099419993393499149999999309999993939999999990000000000000900000000000342513260
0205199999999194999999999099999999949949499999999949999400000000000000900000000000351422428
0225999199299991999999199999999999999929999199999999999990000001012112110000000000423152000
0235999090922931040920010991292911009102911199221929919930001000111013411110000000425315000
0225999990099099999999099999029999299999999999999399999990000000000002900000000000543213000
0225933099909099999930999990999909992999929909399909990990000000000002900000000000523413000
0215999999999900909090920999999999299929999199929199299990000000000001900000000000534123000
0215999999939999942349990919939999999999999199999299093340000000107011411000000000534215000
0225999999999999219999999499999999999494919999999999992991000100008012110000000000153422498
0225999999999939993999999929999999999939999239999999939390000010007012310000000000253412000
0235994999999999999499999999999999999999993999999949999930000000000003900000000000214352000
0235900929299299990002299990999920299999999909009999399390000000000003900000000000412353000
0225993333999999219499399299993999991991993999999913999990000010003012110000000000153243769
0204999939339049393943999939999939393999999999999999990990000000110010210011100100312543000
0215993999009291230993999092199900999999939930303939929920000011005021020000000000531424000
0235993999999994499999999999993999999999999999999999999990000000000003900000000000152342000
0215999944999919999999999949919999499999999999999999949990000000000001900000000000132452000
0235999492299992999999399999929999999999999999399229994990000000102013210000000000214351615
0245999993499999993399929999999939999299999929493329999991000100004014310000000000214533000
0225999999929909929999999999999999999999999999999999999990000000000002900000000000453212000
0215999999999999990999993391199999999399099999999999999990000000000001900000000000431523000
0225991999999919999999929919299999999999999999919199999990000000000002900000000000543212000
0225999913993991991991311929999199999992933933999999939990000000000002900000000000253413000
0225999999999999999129191199999911999992999999199199999990000000000002900000000000253412000
0245999999999999919999099999999999949099499999999999999990000000014104900000000000245133000
0225929099999999993994943304394994999400931294999944931910000000000002900000000000523145000
0235999999990999999999999993999999999992999999999999239900000100007013210000000000425312225
0215929499949991999999999419999994499949999944499929999990000000000001900000000000234153000
0215999999999992999409942992099949491914290920994229290990000001007011010000000000234153539
0235999999999999999939999999992239999999999999999999999990000000000003900000000000245311495
0235999944999999499991191999999991943999139299994199994990000000104013210000000000254314000
0235999949999999399949999999999999999994999399999999999990000000000003900000000000124352000
0245939999990131949999093993993999199199340911139919339090000000000004900000000000451234000
0225999929999999999999949999999999999999999999929999999990000000000002900000000000413252000
0224449999099099294990990900909999494090909299949999099990000100010012110100001000123542960
0225949419094949920144949914409999990902909999390949999910000000000002900000000000423155000
0215999099909999999909999909919909999900999999019994999990000000000001900000000000431253000
0205999949499999999994999399909994999999999999999909399490000000000000900000000000312453000
0205993994994199994999449999999999999094199919999949419900000000000000900000000000321454000
0245992992099922929999909099419929999099994999999299999990000100008014110010000000452134000
0205911911229344431999093939290929421991932192944229999990000001007010410000000000354125000
0235941994910210919499449409021939940929021999991991091930000001004013210000000000124355000
0235999999999991999999919919993999993991999999999999991990000000000003900000000000214352000
0235909999999909399999119991009119999199909911139999999990000000000003900000000000452313000
0224999319999999993919999199939991919199399939311399122990000001002012011100010000253412947
0225999191993999999999999999992999999993339999992339993990000000104012110000000000253413000
0225999399939992999991339390919939929999339999999999999990000000000002900000000000243513308
0215999999199999999999999949999999999999999999999499491990000000000001900000000000234152000
0225999921999999999919949499999999199999992999999949991990000000000002900000000000243153000
0245999992329999399999239999999999924929999999992499999990000011003024320000000000215433000
0245049999994999999999999999999999099990999999990999999991000100007014010000000000214531750
0225999999999991499992499949999999999994919299999999199990000000000002900000000000253143000
0205992999999919999901999999194999911992999199992999190290000000108010410000000000345123495
0245999099991319939909999940909990999991994999009999939990000010008014310000000000451233546
0245999999499999999999999909991999909999999499999999999990000000107014110000000000451233000
0245090999919999993000999993999901999309394999939914911990000000102014310000000000521433852
0245999991999999299999949919999999999999999999999999949990000000000004900000000000245133000
0225999999999994293139993999999993999993299999934999993990000001007012110000000000143524000
0245949999939909949999999999909999999999999999939999999990000010005014010001000000142533000
0244999999999919999999999999999949991999199999999199994990000001001014210010000100245132000
0233994449499999939999999999999909999999900999499993909991000100012013211110001100421353000
0235940909040994939900999999499999999999949999993944999990000010001013010000000000512343000
0225991991999199992999999919999999999199999999999999199290000000107012110000000000243152000
0225949999994090929999999009999999299999990999999999999990000000000002900000000000423153000
0225999929999994999999992999999999999999999999999999999990000000000002900000000000523141496
0225099992999999999999999999990999999999999999909290999990000001009112010000000000253412000
0215999999992999999991991999999999999999999999999999999990000000000001900000000000132451504
0204999999994914999919199999099991999949990914999119999990000000111010210010100100351243000
0205999999199999999999999999999990919999999990999999999990000000000000900000000000352141345
0235999910909999999991990999999099199999999999999903939990000000103013110000000000541323000
0245999999999999499999994999999999999990999999999999999990000000000004900000000000514232000
0235999199999939999999999919199999999999939999999999999990000000000003900000000000154322000
0225999499991999999999299199999999999199339999949999999920000010010012410100000000153424000
0235919999999999949999999999939919999391999999499919999990000010007013410100000000152343000
0245999999999099999099199099999994999990029990999099999940000010010014110010000000145234000
0245999949999999399999999999999999999999399999999999994990000000000004900000000000512431497
0205999929999949999999949949994290929992999999992999449900001000108010210000100000315243000
0205999092999999494993909999929999994999999999999999994990000000000000900000000000315244000
0205990999299999992999999999999999099992999999999999999990000100003110210000000000315242000
0235942924392239499999999944099949999994999099999999999990000000000003900000000000215344000
0205991119999999099999999999999919999919099999199999999990000000000000900000000000345122000
0225999999299999999949999999999992499999999999999999999990000000000002900000000000253142000
0235992999999991999999329919991999922199999999999329919990000100001013210000000000145323000
0235999999999994999999993949994999999299999999999999999390000010011013210000000000154321999
0214299929999499912949999299999994999999949999499419999990000100003011011000010000432152747
0215999999929999999919999999999999999929919999999999999990000000000001900000000000234152000
0215944499999991999949999999999949999994499994499991999990000000000001900000000000134252000
0245920092299094499122999999029919991999909922999299999090000000000004900000000000415234000
0245990999909990990999999999949929999009999900999499999990000000000004900000000000415233000
0245999999992949999099999292999999994992999999999999999990000000102014210000000000415233000
0225919999449999999919499999939999991939939999919999992230000010011012110000000000123453478
0225993999999499999499399999499933949949942999999299499990000000000002900000000000123543000
0225939999999999939999994999499399999499942944999249994490000000000002900000000000123543000
0225990919990099929999999999999999099199099999999921999990000000000002900000000000453123000
0215993994923999919933493429499999332499999999399199924990000000000001900000000000132544000
0215949999199993993949399999999099934939990990994093199990000000000001900000000000132454000
0205992999224999293999999999999999999999909999099999992990000100008010410000000000354123384
0235999024944299932399299209209999299909992999999929999990000000000003900000000000514324000
0235999999349999949999999999999994999999999999999999999390000000000003900000000000152342000
0234919199999911999999999991909919990999993391999990119990010001010013210110000100245313000
0205991999991199999999999999199999990991999999999999999090000000000000900000000000351422000
0245321939999239249999993911992299999391423299999999999990000001008014310000000000241533796
0235909494099900939999909999999999999949993999999904999990000000000003900000000000412353000
0215999999999999149999999999999999999991999999999994999940000000107011410000000000235141494
0205939999999939993399999993999933999999990993999909993990000000000000900000000000325412000
0224999930399999099999099999992390039999399999909999990290000001012012411001100001423513000
0225999999909999999992999909199099909009999999199999299990000000000002900000000000513422508
0234999999999999990999909999999900999999909990999999399930000010010013010100001000521342000
0225999092199999999999909949999999910991999299990041909940000000103012110000000000523414000
0245999349994999999999999999999999999999999999993993999990000000000004900000000000142532000
0225999219999999999999999919999999999999999999999999129990000000014102900000000000123542000
0245999999992990909999910923329919911999229219999139941490001000109014310000000000154235000
0205999994929949999099999999999994990299449999999999929990000000000000900000000000315243000
0205994941999939999139193329399949093993099999931999999290000000014100900000000000314253810
0235941192902241994991149492392949919422292149991994939990000000000003900000000000152344832
0234999922922999139991199999999999221232999991119929992991000100012013110010100001145323000
0235922929999999949299999991999912992999992992991393429990000000104013410110000000145324000
0225999999999999994949199999199999999929194999991992199990000000101012110000000000253142686
0245199919992499199912999999119499999999991999999911999990000000000004900000000000214532610
0245909209029092919229992039094999931193390292049929339990000100012014311010000000415235000
0205943999499930999999999999993999999991999999990999994490000000000000900000000000312543055
0205999999999990999999999999991999999999999999999999909990000000000000900000000000321541508
0215909934994232929099932203293999992990939119299994929920000000000001900000000000531425000
0225914194919129914904049900919911499911099994494900490920000000000002900000000000523144000
0205994949993939999994999999099999999999999999999999993900000000000000900000000000321453000
0225909929993933999999399999999939999099999939993999999920000100009012010001000000523413000
0225990403399939920999099030990994939499940994993399949290000100012012411001000000513424000
0215992219999949992249992942299999999999299192999999942990000000000001900000000000134253000
0215999999912299499949929999991999999992999949999949949990000000000001900000000000234153000
0215999999499999299999999199293994939991999999994992399390000000000001900000000000134252729
0214909330999002122229999023293992009990999999909999192990000001011011411000100001534123696
0215929990999009192929999022299992299990999999929999199990000010002011010000000000534123000
0215999999999999999999292909199999999902091999999992099990000000000001900000000000435213000
0205999994499999999999990999919999499919999999999099999990000000000000900000000000352143000
0205944994999990999499999994909494999999499999949999999990000000000000900000000000342152000
0205999994999991199999499999999999929999990994999999199040000010007010210000100000352144000
0245999192193909443000999911092932012119099200919299932990000000105014310000000000451235000