0945999942902939029999494090493909429034039290099024439410000010002014310000000000333332207
0935292020323404431119390004144932010324442090119432223130000110001023120010000000542313653
0905949922094133200199009040034929240114229399194143112940000101003020320000100000352143248
0915401904241223440133220200431930124499100391932009914130011001109021421000000000435212772
0915001904241223449133220200431993124499100391932009914130000001002011010000000000435212933
0915032292322144409341231421134903393900412343219291004100000100004011010000000000235413752
0915993291444193999999299191999949993419919919991999129940000010004011410000000000235412351
0925991121239900291339342193193941432102320094924020104000000000000002900000000000123544085
0925941221994211194323141499999994343413323942123919234920000000000002900000000000123452940
0945944099001999499099909999949949090949949999999949949190010001009014111000000000521431762
0905429303033911012344302092210914129132320903432232019110000110009020420000000000315423534
0905129303033999092321302092990911129132320903132232099910000000000000900000000000315423797
0915422999202431110299220330413912199390094400221033411431100110004021020000000000534123184
0915422999202431112299220330413912199390094499921033411430000000101031030000000000534122745
0915922999202431112299220330914912199990094499921043411990000010011011411000000000534123120
0914922999209091112299220909919912199990992999921099911990000000107011411000100001534122376
0945903943220909029099494390412929432024111290399394409400001000107014310000000000333332386
0915044949920013014440132132244919123331223039142240010330000001003011010000000000234152341
0905999990909944919029999499919949992999090190409999902900000010010010110010100000315241530
0904999990909944999029999499929949992999090990409999909900000000111010110110101000315241559
0905209102140394499909499099399990229904091399229912421030000000000000900000000000325142356
0905919942091132900499009030042949410433129399292141142420000101003020320000100000352143059
0905304333320402214411134432202949099110232201130142341400000000000000900000000000341253312
0905909390013021429090994214993913993103333091949409993920000010011010210001100000312451498
0935141022014312249003403413321994094942031109939093022310000000103013210000000000512343557
0935990099112394110932999943991903091239134039993291349940000100010013211000100000512342184
0905339399919310009339194229402903092201944499939132100241000100008010310000100000351423206
0905400313099341119103409990399999990999999992304999013930000010009010410000000000341522062
0905000101923104429294443904010934991132323292919999332020000010108020420000000000342152882
0905000101923903429993443903010992991239923292919999392020000011002020420000000000342153023
0915991901121099339392394249231933214922010491320999409100000010101021020000000000435213486
0915929300313113913920099913119999199999999390999999991990000001107021221001000000534213663
0915919990909939499992999919119991110919939919399999990390000100009011010000000000532411630
0935099939034919002992941932920999994343309009930941913930000010008013210000000000125342294
0905099049294920323400929334209994332299993940049424433090000000000000900000000000312453145
0905939011219940341940909492430909909242022399339044994940000100008010310000100000345212371
0925424003214321022330041434114932113339022090440032901140000000000002900000000000143524298
0925911199392343224449229429149132993333431919949424929990001000109012110000100000143522997
0925902199392203049003321319092922999314332100319944214440000000000002900000000000413523741
0925294990933034212499990092433922993349011291999201999920000000000002900000000000213454208
0935992201331343209909909213104990410334401099999394499300001000111013210000000000142353045
0935992241331343109909929993104999991334401099999394499390100010009013210100000000142352519
0905290322193043319994299391103994020913034094323904410310100010009010110011100000315242838
0945900119429093121001440193330904194401939999409944911990000101005024320000000000452132621
0905493333110390222191942202004929334014914414339400131020000101010020420001000000342513879
0905493333110390222191942202004999334014914412339400131020000001002010410000000000342513818
0925019992924494149191330202040999939919922209992991021410000100010012010100000000243512923
0905421033142034402101239191440091124029232439122393300430000011009020420011000000354213093
0905221033142034409101239191440091123029232499122393300430000010101020420000000000354213593
0925433924414110909293932110290943020443344023099332342210000000105012110000000000213452104
0944993439299333994922949994399992294349999939294499343990000001009014211001010000215432271
0925949342211393014032200919400299013139442434932239132300000101002022120000000000213542880
0935919034242121424093444292202930200130314200413110133340000000000003900000000000451323560
0905241440321320329992002032140991112142144011990490392240000000104010410000000000351423657
0945990909292941331109491409133949112219400401940492991420000100005014310000000000451233024
0915999294249939014993329993000999931144391119231414410321010101011021221001100000132452434
0915299241902331319920190112932999040133193429204940239410000001003011010000000000235143461
0925311229090321244031332444334949900201032314901923921940010001003012110000000000453123214
0935212923243132139132994340340999999312000032194414102440000001104023120010000000154322255
0925099920999014422099490933211940299102444320099420431320000010008012411100000000543122118
0945944219919949994192199249999999219992194449114999199990000000000004900000000000245132845
0945323300044303342420310141430992201149114312221202024130010001009014110011000000145233848
0945393300044303349420310141430992291149114322229002024130000001105024220001000000145233801
0925409999943141041909932230024409120900243329992322013390000000000002900000000000543122149
0905991999130101192199293909090919229299099031099339219091000100004010310000000000325413387
0945949490994939999994939322499943002999999999999434349230000100004014310000000000514231424
0935914331431139929223434299199999944229939911293123999190000000000003900000000000152342922
0915900004429424029331412204134991112411034230302309143040000100108021321000100000532412759
0935491319331923291393119000002909994999092931191441309340000001008013210000000000451321686
0934191319339903291393119099992909990999092931191901309390000010009013211100100001451321834
0934991319339993191393119099990909990999099931191901309390000100010013210010000100451321785
0935991319339993191393119099990909990999099931191901309390000000000003900000000000451322008
0905999913919929909993039210021999013919920909993390339090000010003010310000000000324512615
0925424904323190004193431109202924341323213392214144010300000000000002900000000000153242797
0945999909499193394301903099994900490490191349110994499340000000000004900000000000451232799
0945949131939324392901999910319041009112443302023440114430000010007014210001000000541233803
0925999311142394009933992912492922910419022099931909019200000010012012411101000000253412735
0925999311142394009933992912992922910419022099931909019200000100011012411100000000253412924
0925900212100114441934321032342911031339322201044920001340000001009022421100000000453213878
0925900212100114941934321032992911031999322201043923009140010001008012010100000000453213915
0925229901092193932210004221302904113244133301410341444031000100012012411100000000453122246
0945929400043293992942390399993949999903433244202344322990010001005014010011000000215431633
0925011332203112443039340214300912300042412424931094929490000000103012110000000000243513078
0905922929099130019199031003929911929993990929290192099290000000000000900000000000345213308
0945999999990491949919999491499999990490401419999949990490000100004014110000000000452132364
0935229302312392119400441913442930223944341009032199290230000100102023120010000000512342842
0925103943040322233229394929191492440041320909009999334290000000105012110000000000413253509
0935943209329913109309909343104924994294420944099094313930000100009013210000000000124352882
0935943209399913109309929343104924994994492944099294313930000101007023020110000000124352727
0945911009494490499419299999119940499099940991909292224210000011008024120010000000245132426
0915240013329343023413410313431991091992990410199299294940000100008011010000000000431522375
0925003013394111443134910324240911320040424103234222019210000000111012010100000000243513582
0925033013394111449334910324240991320040424199234222019210000010102022120000000000243513039
0924933913994911949394913324299991429999124199239222449210000001008012111000010000243512709
0945390023942444449932901909419994022201240999001999911990000000112014310110000000245133997
0945991941022994919021949909994299042040144491919292999190000010012014010110000000245133440
0945099432390311920292140232094994913432030413994194243000000110012024320000000000254132695
0945099422390311920992140232094994913432030419994194243000000010102024320000000000254132910
0945949133390419349999999399949999399949949994914311939940000010010014110001000000421532231
0905929901920402431099922429090049991942944912940409193920000010012010310010100000345212032
0905929902990202999099922299090099999929994929940909994990000100007010410000000000345211517
0905092422033012239349919029911923122401201291330401313030100010004110410010000000314252988
0905092422033012239949919099911923122201201291330401313090000010009110410000000000314253017
0915341402241491323494442300423903132493131021204010320120000100010011311000100000531243210
0915391402241491329994342393423990192499131941409010320100000011009021020000000000531242483
0915391402291491329994344993943990192499131941409010399100000000110011010000100000531242295
0915491904991991999999949999939990190099131941999019999190001000108011411000000000531241600
0935993290193913901399022190919993303203900999399902999990000000000003900000000000254311703
0935190113923003340423499243004922394232242400029390211110000010107023120010000000514323407
0935933294999941943249499393499929393999993999944224939910000000000003900000000000215342133
0915322404190003134022214403401929109142434032319214241330000100007011010000100000235143859
0915992404194003134322219404401929109192434093319219441390000001008011010000100000235143820
0905902200022440330320919143419999901244343392921390921310000000000000900000000000325142191
0925094929920013439909992210133944199000244322393934234240000000000002900000000000153241905
0925302439141909249994999490241949299922490429992909992100000000000002900000000000143251963
0945994999499999449419999999499999999499299949499999992990000000000004900000000000245131766
0915129031209399191914210429142999394234999932339939321911000100013011411011000000134523545
0935312304144003023142422030423911941209993034442120131210010001011013010110100000142353356
0934934299199143992419949229934139991393414921999123313940100010014013411110010000245312615
0925999210244143121093429234434992949332030311011240320930000011002022020100000000543124280
0925122013042133144200204433213949992912301404004233334010010001007012110001000000523142445
0915394041003391909432090943310940129192939193411021332000000000014101900000000000135242464
0915923391440123412299001310301124143299094132934249029000000001111021020000000000135423193
0915923991440123412299341310301129143299094132934249029000000101003021020000000000135423033
0925499999429992994049209944329933392399924339294994492290000100009012311000100000513422895
0915099344149994104112294999110942249999942999941919133940000010108021020000000000235142739
0914999244149994194112294999114942249999999999941919194990000101011021021000010000235142616
0915999244149994194112294999114942249999999999941919194990000000000001900000000000235142789
0945949102993102039041144230342941102042103399909940423300000100007014310000000000254132003
0915301943942030420932244100433999223014101219109139032130001000108011311000100000532142061
0915391999942030429932299100433999292914101219109139039190000110001021020000000000532141815
0915011139912922909331319990229990139293909992990290919910000001007011211001000000135421980
0925923233323411441121299322404999149349240431312131400400000000000002900000000000243512649
0915992223401294412139913909009211243042104193934309134440000000000001900000000000134523601
0904999902909990499909490290099994902949209992999999922990000000109110410110001000354211857
0945992243240131342020333014131902390442214999040022104110000000101014310000000000524133626
0905290902139330001193309240294999211094214419331992404910000010107020420000000000342513253
0935999943920230113939409329022999439044939999994200339411001100102023020110000000521341804
0935411032301412232232312111020901444403403119229234040030001000105013010110000000145323709
0935012342124044102132043930104911043302421322131223019040000000111013010110000000145323029
0935029322424044102132093930104991023302429399131923019010000100002013210000000000145322869
0914299994933123191149994219929999939432321993941931922120000010010011011000010000132452011
0915499994933123191149994219999999999932321993991931922120000010007011410000000000132451853
0915499994933122191199994219999999999932321999991931929120001000103011410000000000132452043
0935443923190901009949490439440939439410223992390309322100000101003023220000000000145322527
0915123021949430932144929941990931929949001092101299149090000000000001900000000000234153384
0945411323300023042391940124309912943923024901311421044300100010013014210101000000452134731
0935911231199993401044113322130929210441293312240223423440000001011013010110000000145323925
0905404413304012029403293441331991002213231494439401113020000000000000900000000000321452360
0905919199914403040091909130999129919199909329019119904340000001010010310000100000352412691
0904919199991109090091909130999919919999909919019199903990000101107030420000100001352412006
0905293399023434240031929100042994194042304291422119912900001000112010410100000000351422893
0905293399023434240031929100042994192042304291429119912900000000105010410000000000351423149
0905949930919214441339011920902943403900114031391091324220000000000000900000000000341524199
0945999094049994994039999404339940903499909099009393499990000001004014310000000000521431773
0905913944301004423933294490124093994209220433919901122010000011009020420000000000342513267
0905913944301009423933294490124093994209210433919901999010001000110010410001000000342513323
0905913949301009413993394490124093994209210433919901999090000001005010410001000000342513230
0935993090322234440320010040434911003102111193221123412930000101101033421110000000425314331
0925233324019122442011401940022309223901991300199110344490000100013012411100000000543213077
0925133499244010113913404303412904242322020400391902124310000100004012110000000000523414157
0925933342329920209434993220939909949999993290309920999920010001009012311000100000513423448
0915999914139934342329190010231999439003101191999233024340000101002021020000000000534212727
0915999914139994342329190913231999439900121191999239094340000010004011010000000000534213225
0945493223140994914990294300410999919449309299429011393020000011003024320010000000152432568
0925429323191904209993149190430920232313104022039499312990000010001012110000000000153421640
0934991329121193399242919419419934449312223323999912499230000000111013011110010000214353092
0934900023293239990002299990993920299992999903023399399390100010009013411010100001412352684
0905234332320042144223311242111932301399402134400430140100010001009010210001100000312543601
0945212109192113249920919392140994043433033214142214940000000000000004900000000000251432139
0915992314113239999294939999999992213999121919921129994940000000000001900000000000135242402
0915249943919919999911922949919314492999999991941149922990000000000001900000000000132452394
0925999911939999292299999932199999933999919922911992229990000001010012110000000000143521666
0925999919939999292299999912199999911999999922919992229990000100105022320100000000143521572
0935340431229902331442329902000930194999094032314222934210000100109023121010100000214352453
0945444323430404113222211210023939999094304013413320212110010001008014110011000000214532660
0925991919990913999292022032299900102932939999912093331990000100001012110000000000543212575
0925429310393120991990314323209499041992033933922292101190000000000002900000000000253413858
0944940411440099999110949192920949009490999991011909940140000001012014310001000010452132208
0945940411440099999110949192920949009490999991011909940140000000000004900000000000452132561
0925229030992323293320133104413944009400231290244444131431000100013012111001100000523143225
0935909999422149339991999333402099099994099093493992233940000000107013110010000000425312790
0915024029143011103029421014103902443122923044434433312300000001010011311000100000234154407
0915914010292232339011090132221900499023442494119999212930000100007011411000000000531241693
0915919010490232339911090199221900499043242499119999319930000110102031221001100000531241845
0935341924042132431991121900494941323213033222340090991490001000113013010110000000254314107
0935993943121300319944010024100439223244124303949122100930000101003023220000000000124353068
0935993943921340319944191499900439223294124303949122921930000000109013110010000000124353023
0935993943921342319944192499900439223294124303949192999930000000107013110010000000124353042
0945249400034423319424331219102903919402931249990931042210000000000004900000000000512431678
0925149999124000224990901930209949494093139224241221310000000011003022120000000000123543368
0925942439004144220144042000331921320332012302393441401930000100005012110000000000423153465
0915204032349110010423031049912904433042223141013344122320100010011011411000000000431253451
0915993099339110019409931049912903033944223191019394122320000001107021020000000000431252957
0935349123431134042499439110944912320931000093232400112400100010011013010110000000254312221
0935329923431134042999439910949999300931000093232409111400000010108023221000000000254311852
0905992104043113222034419392292992334014300319944014412000000000103010410000000000321454204
0915940221919214990124949909900942199119299994129991424490000000000001900000000000235142448
0945419909302492910430294330942992104399990249190024949920000100011014211001000000541233194
0945499999393492999499394390940999914999999949990094949990000010009014310000000000541231705
0935144442012210113412443403021931200323022039241091031930001000112013010110000000124352378
0935144494910210113491443403021939240323022039191991031930000011003023220000000000124352523
0925329139394421399141244340003911222240023939949423310390000000000002900000000000253142839
0935093203094432119191202949993990903231413194091030411230000000000003900000000000214353820
0935903339399909399999119991009113193199909911133999999990000000000003900000000000452312222
0925939319013242240910134499133901010103321419310022022240000110102032421100000000253414078
0925939319013292240919930099139901019193321419311022022230000100010012010100000000253413787
0925329390132202002911303041442139320134444199991940242040001000104012411100000000243512855
0915449441103403014224909049103911203422201213293332041300100010010011311000100000234152571
0925929414999442999294499999999929291229499299921999499990000000000002900000000000153241829
0925322344440911024932123940930941413994912293199924429930000000112012010100100000253142775
0925931114110334224232144022002949199413001443339024423330000000000002900000000000253143914
0945291490411433131109421330232940020294343400112009412230000001108024221101000000451233015
0945293042210403312300419393992931942009344490209314911340000000000004900000000000521434029
0945999992199999299942449419249944999999999999194999949990000000000004900000000000245131828
0925393939929941293133494304912991229130290291944994213120000011011022020100000000143523439
0945943903312003041199192993920944439044210090911014101420000100103024220001000000142532337
0945944193149914429499990933314929410933319990391094193110000010010014310000000000412531703
0944944193149914499499999933314919410933319990399094199910000010007014310010000100412531680
0945910949099214099149199994099149091924119999994129924940000000000004900000000000245132233
0945999190909249244309490944992994909409123194390939993920000000110014210001000000521431725
0945999290909249244309490944992994909409299994990939993990000000103014310000000000521431772
0925393344499391219329420039110949402204410033492229334020000100007012110000000000123543232
0925393344999991299329429039110949402243940133492229334020000001010012110000000000123543121
0925399349999999299329429339191939302213991939992229939920001000109012010100000000123542915
0925393199012909399431901412912930994413431232112440922920000110011022020100000000123543949
0925393199012909399131901112992930994413139232912494922920001000107012010100000000123543526
0925993194413033332199103042130932924432041392291114040220000000000002900000000000243151985
0905349419133432113490032042021909103294029949049314209310000100105020420000000000321451845
0905349499233422119490099042091909103994029939099921209910000010001010410000000000321452011
0925399902909992929932499009923999904294439999939220024990000000014102900000000000253411795
0905300104412424231240430921043991911934220942119133233000000010008010410000000000351242697
0905909199112019930921214992149990211292330290900212934400000000103010410000000000352141529
0935999344903993999991490949919439130943999399110043034991000100009013110000000000541322611
0945949394900293432994924949939999999033449999994932903920000010008014310000000000514231615
0934921134499934199191132422499929499994939324313232932140000000109013011110010000154322913
0925009094994901203349299191333922243304000199449220320420000000105012110000000000153422737
0935913391199493949139314119939919949344999991493919993990000000000003900000000000152342255
0935999413129231409044334330122999193494230144999129944030010001008013210000000000421352616
0935999413129231409049334334120999193499239944999149944030000010004013210000000000421352673
0944994949399994394939999934949993994999399994399999994990000100009014011001010000512431351
0905303033311244110202924410411420934941423399203021232100000001007010310000100000315242010
0905303023311244110209924410411420934991429399203024232100000010004010310000100000315242112
0905992009999009439224290949999949999491999090229920299090000000014100900000000000324151782
0935942920330039499202290340009944399332990094929393499490000010001013210000000000215343295
0905321429290034001940992002324431199421013419319092311330000000000000900000000000345124265
0934922323919991999329319313391922912199921992992313912990100010009013110010100001145321986
0935929339199942999399913944924923299492232943299999943390001000109013110010000000154321790
0915349990309933303211021232110992243939910031202091212340010001010011010011000000234152246
0915349992309933303211021232110999243939910031922091212340000001103021020000000000234152075
0915309999309992303211991239110999999939910031922991212320000001004011010000000000234152003
0905412243190931033043030214032942041394341222022403411110000100009010310000100000314252441
0905312242990931099043030214032922041394341192029103411910000010101020420000000000314252044
0915944201140421339949149912233949999990099914291491123300101010107021020000100000134252239
0945430210304411132921220403241922341221301300994400349930001000112014311010000000415233679
0945430990904431132999990403243929949322301300994400349990000111003034220001000000415233444
0925143104313030021312002344112932941204419944010403322210000000000002900000000000123454492
0925393392012120003430312314100934904142102423430224411040000000000002900000000000123542976
0925139499119942402991994492402399921129332034239239944100000000000002900000000000123542810
0915913920303119119233012424494939302422099244391102024210000011012021020011100000132543961
0915913920923119119233012424494939322499999244391132224910000000112011010000000000132544114
0915949999192992913941332941130219934139030990994092120010000000000001900000000000132453747
0935999393309900901399924932493991999993490039199999449340000110008023220000000000152341706
0935911134309424013191034991304940092991133331229440142040100010009013010110000000245313644
0935911139399404013194034991304940494991133331299990142040000100107023220000000000245313330
0935911139399904913194939991304940494991133331299990444940000100009013210000000000245313222
0935919139399904913991939991304910494991133331299990449940000110002023421110000000245313321
0905993020221210199311900921299999920393922903211290999090000010005010310000000000351422450
0945011113104232242949123431040293933212423029999499499420000000000004900000000000241533616
0935344494093941932990329290990439903049393249499924931000000000000003900000000000412353452
0935109939923344214924994212144933000320212394903011023110000000000003900000000000512342454
0925999999199112992922212299999999999929999999999929199990000001103022120000000000253411089
0915914424912310109414212929333999924911204391999943394030000001007011010000000000235141960
0925992930113324419902013020242191119399300299909911234240010001009012411101000000423513253
0925992930193929499902019023292191119399300299909993234240000110007022120000000000423513344
0925912213009090912242009339103492332303299939133199299190000000000002900000000000513422450
0925110002121314210094903432942902010441242230101344333430100010011012111000000000523413749
0925909092129314210994941932942992910491242209091444333430000100102022020100000000523413064
0945949343994199993399939122394999249944931994493991299190000000000004900000000000142531618
0925129242424012029333312139301993491394900039939029021990000000103012110000000000123542744
0905903042029943990002909290494994290299429999999999932990000001102020420000000000315241883
0905994041022930309144403129110943013293011999431999931200000100009110410000000000314252749
0904199099209990109999099999912999990919990999099999902990000000112010410000100001321541097
0905199099209990109999099999912999990919990999099999902990000000000000900000000000321541166
0925993339322929999990390232999939430033299920939920902990000000000002900000000000513423633
0905994944093939099994993990099904993339999909940909993901000100009010310000100000321451990
0905994944093939099994993990099909999339999909940909993900000001003010410000000000321452171
0905092942213442329399103212320919134311249490940200010110100010012010210101100000321453169
0925101929941104340190022442314930332040130312933204424020000010103022120000000000523413518
0915101440300404124229139033214912002324334499909931122130000010007011411000000000534122996
0915114201299992199201422331194904924002091992029404031000000001013011411011000000435213596
0915110201299992199201422331194909924902091992929494031000011001107021020000000000435213351
0915112201299992199901422331194929924902091999929494031000000010102021020000000000435213679
0905999994211990099993910204422904409940102241993094992390000100109020320000100000352142718
0905999994219990099993910204422904409940102241991094992390000100008010310000100000352142630
0905944994009910990499999944009194999999409999040999999990000000000000900000000000342152569
0945494143343209443000111913023932032130091200412249232340000000000004900000000000451234411