0615990910192990999002219999999909299192099992299199909190010001004011211000000000425312932
0625999999241411449099491099912993993310002294111304132120100010011012411100000000432514898
0625999999231411449099990099912993993910002294119394132120000001107022121000000000432514853
0624999999231093919099990999992993993910002291119399192920000000112012411100100001432513915
0625999999231093919999990999992999993910002291319399192920000001003012110000000000432513950
0625492009321493419009190439292903999913112400231999091430000000000002900000000000542313437
0625949941493131909119399449000919929342229299999941944200000010010012010100100000352143911
0635999029114410424421313344034999231919921990099922032090000101002023220000000000135243914
0635922999993394292929939993293999949929999329999499941290000000000003900000000000154232913
0635991929199923099129923939990999993999293991931999919190000000000003900000000000435212417
0625993001209192439312444999123909499990214499999949191290101010110022421101000000532143531
0625340301234139111442209244992943094013394290001010190490000000000002900000000000532144365
0605993999240940031339992209939434223949033299999249992091001100105020420100000000214534434
0614999299129191199299929991944999999999942999999299991990000100010011011000010000425312082
0615029242333090139909992099199992239140440092241201442010000000000001900000000000325144229
0615929494224319314999949922013492924991391309299492140230000000000001900000000000523144458
0625192919121449929999339944299994999991012099299999319990000000000002900000000000352413156
0615930029129904942992243190949199991990090300990199999910000000000001900000000000523414250
0625930031104304410199929241249909901999934331931290032920000010107022120000000000542314815
0645099922420234009939992401144993999113912493902909300210000001010014110011000000134524517
0635119990909099999999034039339999099993491999949399149990000000000003900000000000531243695
0615993391334040003999924999012299991193919499391293999030000001005011010000000000423512811
0645993911102490399339444201099939311021009910991304124020000100010114310000000000341523301
0625992129009093219499903999202329999993399099439999399990000000000002900000000000412533724
0605994334910949019313903402221949290919431194322342940290000001003010410000000000213454311
0604999099399039919929099999339990999990903999299993939990000010004010410000100001215431833
0624999902199999219199000991909192109921999909290291919990000100010012311101000010452312376
0645049499929333490992992940999999994292039999920039304990000000000004900000000000435123177
0625940004219999299190929191942941494991299499990012994990001000104012110000000000352143918
0625994419299040134992919993121901443000342303921309933020000100001012110000000000432154555
0615294999999939909322319901003901229434030190143339129900000000108011010001100000123454005
0625993494404000009249939321020993342111010299433311342030000000000002900000000000142354184
0625914341394942209114333291102934142949900234111040193330000001110022020101100000152344410
0625914341394942209114933291102934142949900234111349093330000000108012110000000000152344588
0604992233999994099929929490994934930039444093999999909990000010011010210101101000214533604
0605939223041094413922343324134223343942901139224012411000000000000000900000000000215434784
0645993204323911449020400324114993920902931029993229992190000100109024121011000000315424130
0645993204323921449020400394114993920902931029993229992190000010009014110011000000315424340
0625099990093924493333121920929909991992944999993399349920000100102022421100000000142534288
0625990099099394990199090124091931119429491390903322022300000001009012111000000000542313726
0635990992393009439990999999999993492999443090999999904930000000000003900000000000315243424
0625929199402449332991929494239999999109913299999999999940000000000002900000000000452133368
0625991243133291421393903090012999311034904432329441199900000000000002900000000000342513687
0605902992921190099991224401494991929909992309991992341130000000000000900000000000243513387
0635499909999493939999999993939949909999994999999933990990000000000003900000000000514232008
0635994394991041934144903090319999931999490194999999309910000000000003900000000000431252776
0645929911099999199491299992942949999194919999999209494190000000000004900000000000435123456
0625209330949911319931340433311931144999242299990424999210000001007012110000000000312544806
0635941049303491324009120123493912091119193004444494910920000000112013211100100000341254342
0605903999333929090449949990909999949992994333499999909990000000000000900000000000213453604
0605949444033312119191332939231999924409101199424140042200000010010010310000100000213543724
0605949444033312119191932939431999924409102199424340099200000000110010210001100000213543573
0605949444033312919191932999431999924409302199424340099200000010009010110011100000213543662
0645490090032990990322012429941921992343921493009112910410000000000004900000000000415324966
0645999920999441432099999910914902099992349120299429200910000010005014310000000000543123480
0605914399911249109434903210440913392904031399293939229420000010008010210001100000231544688
0605312990913320349992292434110919319302343992921991300310000010002010410000000000245134151
0615949919499413019949919939291994999999022949099494491990001000107011010000000000321453759
0645999939999499994900030449094999999090999049932399999990000000000004900000000000415323267
0645900902229999999903494994292933409929043499992990922990000001001014310000000000314523434
0645999333439099993009039091999991393999449909009499490140010001009014311000000000341523755
0605999399999999019999909999090999999900919299499994399990000100011010410000000000234152306
0615994941094990199094419199001944990999499992219949099990000100003011010000000000423153622
0615939499992343114491420903410949392322299199949149293440010001012011311010100000523144543
0625943092399444419049300230421999090049093201323049994420000000000002900000000000532414070
0615939139499910999139999494344994109194049199039999493990000000000001900000000000521342471
0635909224391200139923291090929924224194203499440249993310000000000003900000000000514234668
0635999032439994330409941114992949191999949994924134219310000001103023220000000000415234671
0625994932099939149429244009921939314999923994412190914190000001009012110000000000432153118
0625994932099939949929244019929939314999924994442190919190000010002012110000000000432153494
0605199222199902923999910130499999290990944449913392093220010001008010410011000000234513262
0605999999090192909991990299999999999992999999099999990990000000000000900000000000243151932
0645990192499999249919999929944999990919992999909490399940000000000004900000000000453125000
0645930390311322243939344100422190014330203219019291311940000000000004900000000000351424724
0635914911301110902939412999990923013999192004100993149230000000107013210000000000453214480
0635999292999443099929439994003992329999990399299424994390000001008013010010000000314253493
0635999990299004999939499229439999923992090399392392994990000010101023220000000000415233879
0635999099991093439029491490033991909939449999929391129910000001102023220000000000513244529
0635999099990993439029991990033991999939949999929390949910000001010013210000000000513244379
0605921392399393999392010319919912923991990013222933099100010001010010110011000000235413696
0605921393129399099039902999244912032424929094399249492040000000000000900000000000234514408
0605999929344994993922392299990099993909934399229934000990000100003010410000000000215433423
0605990919999099939999099139939999299021909999999909939390000010104020320000000000254312426
0635909920109941099292241932223992994444390390230193999110000110003023020110000000315243499
0635909929199949099292241932223992990994390390230193999110010001011013110010000000315243297
0645092290031914909204290949999929999190914994499993999990000000112114310000000000315422812
0635909092044942292909220234909310443099392924002399499230000000000003900000000000513244719
0625994499490343394944302231193093992209310404409432921930000001005012110000000000432153518
0634990101994109499190944343499909991131499300939300901110000001012013210010000100431253387
0635990101994109499190944343499909991131499300939300901110000000000003900000000000431253593
0635919341194494911009100941939991391394499999490399999930000000000003900000000000341253602
0635102492120194341099343999113909294400914194091929993430000110008023120010000000514234276
0635009499120994342099343999113999194499914194999929993430000100105023220000000000514233592
0634009499490999392099343999493999299499949994999949993431000100011013210100001000514233495
0635929999999093312909009399200999993993914049449999904930001000112013111010000000315243238
0635929999999093312909009399200999993993994049449999904930000001011013110010000000315243180
0635949999999293399999499399299999993993999999949999944930000000103013210000000000315242577
0615942309439410319229911003120940990493429134499494303230010001008011010000100000124354494
0605999921113430039299913442031929204430111299999234304230000100101020420000000000234153440
0644999949999449949199999499949999999939999999999999999190000001011014111001010000143521707
0645222490139320143912333941331992994130203091229103414000000000000004900000000000513424345
0605929911999934021921109231930999939220929219113022044120000000000000900000000000241534529
0635919991904390102919141302240990233149219019921940390320000011002023220000000000154233757
0635923990999093999999999999999992990993999992931309993990000100007113210000000000314252169
0605943342999913012233290393401929494111991999944343040031000100009010210101100000215344427
0625999999919999999999999990102999192219122999999999920990000010002012110000000000542312409
0615992912222394192003993392319939933949942249019903939110000000000001900000000000425314949
0605992290912219019999290913099993933319390999399999990110000000000000900000000000234513528
0605913999249103113993313994129930094990492031139294919900001000112010410000000000243513023
0615994003499499499994393141411943993399394993419199994390000001005011010000000000321543716
0625149120991444213493120999921940912413393013090293149430000001111022020101100000512344850
0605991142029219329313333220490934441902190031341224134320000010012010210001100000231454781
0644992994292490422999019142904999009991199499991010921990000100010014310001000010543123693
0625999999949999239994921192334029909442030999999199999420000000000002900000000000542133329
0604999099903949999993939990499990994999949990099999999990000000108010410100001000241531306
0605999099903999999993999990399990999999999990099999999990000000000000900000000000241531369
0615900929909949949333922219412903330241324443103042001410000000000001900000000000521434698
0625914333442012331430010300033949921444210414300110421230000000000002900000000000542134300
0625910920490494994299411999494904291492991911999092994290000000000002900000000000352143285
0614999123232939199992294499194999419199442999939992993130000000107011011000010000123452643
0615999123232939199993299499194999419199442999999999993130000010007011410001000000123452454
0645319194999999943943100019399991394194939930099901099941000100012014010101000000541323413
0645919233102414392292310939440922311202940929219491199110000111010034020111000000145324513
0645029020301244042111393930034991122022039399092921139440000000104014310000000000145324952
0605213349303999209131991904320914390994344413324199114011000100011010210101100000241534043
0605213349303999209131991909940914390994344413324199113010100010011010410001000000241534180
0604913349303999909131991909940914390994344413314199113090000100012010210011100100241533847
0645993092092112932009919934349909291124992492010201449920000000000004900000000000534124821
0645029090499929399999399999004999999949990994999399949940000010109024320000000000145322191
0645029090499929399999999999004999999949990994999399949940000000103014310000000000145322556
0605322021919129994139909944990999319900293294991099919240000000000000900000000000234154066
0615194222413040102299049394013924902939213024990293430190001000113011311000100000124354269
0605923432302130009993311939022444231142103244449432939420100010010010210001100000231454726
0645992194193202332319910020034990220903493099210104349140000010005014310000000000354124660
0635099999949099939999990999934999993999999994930499331990000000107113110000000000145231348
0634499999949999939999990999934999993999999999939499330990000000105113110100001000145231345
0635499999949999939999990999934999993999999999939499330990000000014103900000000000145231406
0625999999913391924999904911393999099221309999102921191210000100102022020100000000412354278
0624939999903901291992099092102993999901099999193922110990000001011012411100100001342513210
0625904949003119143921491490302093912439434203949930219020000000000002900000000000342514873
0615999919920233110399200029093999099291104399999999093910000010010011411000000000325143283
0615999299910999919992910999199992209222910099290929919990000000104011010010000000425312837
0645933302439920249330493204922910209393921291304924993210000000000004900000000000513424163
0645901990992929219922924914994999404191999992911092999140000001009014110010000000415323704
0625439421210993929433190449030991939439409099149002423120000001102022120000000000152434073
0625939421200993929491199049030999999939409099149392423120000000107012110000000000152434198
0645329904191902019994129499990999201414420022929999910990000000109014310000000000153422077
0635399449930991302949992921139444929940200999299493912390000001013013010110100000135244053
0605999992999940002939923914402993441231244433390399140340100010008010410000000000253414467
0635292900202423939200999999399991099949299193049024493320000000014103900000000000543212438
0605341930499122999099029491002319394919419993999299144100000000000000900000000000231544106
0605292911991021099939399444249933190999999999919033014400000000000000900000000000231544804
0634994349399093999049994939493949449093999944999999099990000001003013210010000100413252859
0625043311140092429113994394930930003120224131440999039420000010011012110001100000152434818
0625939431039142123424449219302934430099909939343149329900000000000002900000000000312544227
0645993009119922392002394223034900309140312433232934104120000000000004900000000000531424830
0635922923124439999113419919311992141999244929212139994930100010008013210100000000135243110
0645921999429429211291999994349929991942993499999999999990000000000004900000000000134523195
0634992999399499999949939399439999999499499999399994399990000100010013211000010000314252074
0605999391999229329199101299990911990903930999191299029990000000101010310000000000253413542
0605931212992924999992909120909929999199190939929099391200000001105020320010100000254314742
0645913291190013102319012221400929194034234092349392310410000000000004900000000000145324537
0605129492339994399999299434190994120939999044499049090910000100104020420000000000234154171
0605992999949991999299909992099929192020290944994249490990000000000000900000000000234153453
0635910402194203329042293291212944099201033191209999411930000010009013211100000000531244868
0635909492099003329999093499912944099290033199999999411930000101008023220000000000531244315
0635922912214209232144013010300999931949019392942014349440010001003013110010000000154234267
0615099939993999429493911229121303931029194290999430232040000010101021421000000000423513948
0615992944933222409942494199911439403294331033929112999930000000000001900000000000124354130
0645913220190393429001992130034933291392424291903112944320000100010014110011000000351424960
0625940031333914029339939299449940093992992293129999399990000100009012110000000000432514334
0625999999924099999499422299992099999909949999999992999990000000105012010000000000512432572
0615049999290419403990910922009499294492409091021099299110000000000001900000000000123544342
0615944499991923329044419224219903990944122930399400910910000100109021020000100000423154455
0625994042399999993441443902412934130049930243322103390300000000000002900000000000312454424
0605999499919140023149991499900999499102333099999941312930000100008010310000100000241354529
0635922210310031990990024122234900490404433129999299499930000000000003900000000000534214894
0605939939991390403994390420149999399999499919991931990010000000110010410000000000243513898
0645991333094349199134994099999901931999919990499090131490000000000004900000000000431522911
0635249912344094901021190134943994002249992209033420943920000000000003900000000000541234430
0625211491301004223149413940102144932490392431413339091300000000000002900000000000132545000
0605999199934314999991999900909999994909999999999034314090100010008010310000100000251343463
0614999322493999413394244333224939339449124219199192291440000000110011211001110000423513014
0635111299903240330190491420130911949424012494243499320210001000108013010110100000145234458
0635909214114442042992919431040092320242330090922991203310100010005013110010000000154233954
0605939119391299101929909399039901019292399039311132213990000101011020220101000000253413355
0605939119399299101929909199039901019392399039311192213990000100008010310000000000253413474
0605999193902909199199999039992999990992211191933330923300000100002010310000000000253413030
0605939999232993091903323990924030923999111099999992999940000000000000900000000000243513413
0635011119194243939199994999019941924342904999341319490320000000000003900000000000154233793
0605939444049039993114400339999943190999499913341199131100000000000000900000000000241353962
0605943442011024244332142992902993314942911213340123034300000000000000900000000000231544758
0625990903244212039493342924299999000499139099993493919090000000000002900000000000512343960
0635992990440004909213492190990912924919930093931223919300000000014103900000000000135243516
0645393301344294023090391040122993991032421299931991902240000100010014210001000000531423758
0645993301344994223090399040192993991013411999991999903240000000108014310000000000531423469
0645900033992309143990949000291999994230191439399224313940000011005024121011000000531424916
0645902910429041402240009219199919331020949091149399909990000000000004900000000000354124503
0645922199992421101499099999994991999191449014929299122990000000000004900000000000435122902
0645994919919914292131993431909993999393299994914999392490000000108014310000000000143522256
0645994919999914292931993431999993999393199994914999392490000100007014210001000000143522019
0625943190419214129323420903414933333914100294492391113140000110008022020101100000412533637
0625943193419214129323420903414939333914100294492391113940000010012012110000000000412533525
0605919229919992909919409919491999190999904999929019990490000000000000900000000000253143864
0604944949099414099119419992402119419901209499999109942990100010008010410001000010245133223
0615314443219301334294919319029949999999032919494993930390000000000001900000000000421353141
0625443399401322009931499013421994999492041299009901309920001000112012010100000000132544683
0625443399491322909931499013420994999492049299009991309920000101012022120000000000132544703
0625443399491322909934499013420999999492049299009991309920000001003012110000000000132544770
0625900990990993949999949993999930040202323293992909994420000000000002900000000000512343206
0645099129099499039912249439923999199492303099910449999900000000000004900000000000154323211
0645911192499999999229091994104992019992194992109499199940100010009014010110000000345123977
0644991999249144999293399999994919499499991999999999991111010101003024121011010000453122836
0605942939992924442994299909233944320999090944404299909990010001011010310010100000235143190
0625991999199139919994991991293949929992132999912992993990000001103022120000000000132452990
0615929019992903910999309990099993011009031499199999999090000000000001900000000000425313586
0645303999094499110999392119229490301290442409909202190290000001008014310000000000514323484
0625913494119493929339301002933914902440291291094013231310000000000002900000000000152344888
0635491440109992391910939991243991943903403294091999442121000100010013110010100000531244346
0625999999144992999414499091929941299000994299291920909940000010007012110000000000452132721
0625994493949391294920924990439394043939129299299994393410000000000002900000000000142534400
0605933399114903139949034220110943941413449039499404922910000001112020220001100000231543549
0605933399114903139949034120110943941493429039499404929910000000111010410001000000231543525
0605933399114903199949094130110993941493439099499404919990000001002010410000000000231543517
0645333320130129339409309021944992914220000492992090429330000001004014310000000000345124616
0625991009499404943409423934142913930949322193399949233290000100005012110000000000512434721
0615302440091143019999999999419440099990949909991910999490000100007011411000000000523143693
0605212992242910944993919130011199990949344099999293909110000100012010210001100000215344196
0604922992999990944993999930049299990949244099999293909990000000112010310110101000215343491
0605922992999990944993999990049299990999244099999293909990000010009010410000000000215343426
0635994499093924939999344939229994929999399999922923494990000000000003900000000000413253184
0605430414402991209999999941429902921122991931199941399000000100110120220101100000243512082
0605430414902991209999999941999902921122991931199991499000000010012110410000000000243512252
0645339990009933399009990930442999999104999301999042234490000101004024120011000000534124099
0615994999999141999999499399219942931994423999993491392910000000104011410000000000123543483
0614929399149993919994292394494399999239132144919229942410000010012011011000010000123543772
0615999999912114499929393199991999999319994999939932949490000000000001900000000000123543145
0645930919192212330000009114443409024119204121909192232230000000000004900000000000543124297
0645993199914432009010992132423909949404209093199090933290000100105024320000000000354122791
0635340302009422134234429993241229003949091420901999049490100010013013111010100000514233996
0635991999329999934120349924992990944920493994949040092331000100012013111010100000513244834
0635909939132299999999191000109991199302990999199303309990000100003013210000000000453212480
0615399244194999919920313429919993499422221299339149999900000000000001900000000000123454715
0635949999940493992439329909994994934043939942999209900990000010004013210000000000413253109
0624914499999492924110120020499190190019949219490142914900000001109022321101100010352143872
0625911499999492929119920020499991091019949299499142914900000010004012110000000000352143751
0645929993102303302293312002413999234190194924249999034100000000000004900000000000345123966
0635944022249903992402309490293944394499049992300299900390000000000003900000000000315243785
0635999993999939299999193199999999999993939999999999999390000000014103900000000000314251139
0605219919224403039102912941440999990193999919299949340440000000000000900000000000243514158
0635999994133939999999999919999999491999119999933999319990000010002013110000000000143252025
0645929393223094942934243903311900024290331009399900242920000001008014110011000000314523879
0605999929299099009443994403942939999992999994049929293090000000000000900000000000234513798
0605932903142423232492132211014029043313211141431033444200000000014100900000000000214534711
0605922322490111902323932294399933440390049129919430943910000000000000900000000000235414380
0605993923299099432929929340929999339900099949293249399900000101003020420000000000234513819
0615944909110191219499994409940144999909930290909099999990000001009011010000000000321452600
0625921313103030142341200141300224034330404104999944211130000000014102900000000000132544992
0625990904142900019440124919099949221999994904120041912410000000000002900000000000532143379
0635909239039992999999990939399992939299992099999929399990000010102023220000000000415231860
0625930999440124421013132340412999311309199101332943014240000000000002900000000000542314691
0615992000493334413220944940213922121940112392003390430301000100008011311000100000324154139
0615943430392302309490913992201904133049991949909940130140000011009021221001100000321454502
0625911404200291234040011434343999949901213340491213191200000100110022020101100000142354348
0645994099021941949492102001204919994903022211909191333020000001007014310000000000531424052
0605929299099234499992924309909992909299909942999920999490000000000000900000000000214533073
0645102092143343109999993399949994094312003919999130241200000000000004900000000000314523468
0644994040999999999999999949999994909499040990099099999990000010008014310001000010513421465
0645994040999999999999999949999994909499040990099099999990000000000004900000000000513421585
0625331214034929329441441390040993120319210494301414031320000100011012311100100000452133619
0625331214014929329441449390040993120919210494301414031320000011007022321100100000452134034
0635994219319929922091194942433919949929233192939994922190000001009013010110000000134254818
0625923932933011902199099329911130390993921023991139090990000000000002900000000000142533342
0625999999199999992999919999999999942919999229991191229190000000000002900000000000342152667
0635309229419494090011000103314999929013492491904999403230000000000003900000000000354214886
0635414114299301439202002324141901924024024490103200211331000100008013111010000000435214563
0635991920201291490122209090493901101109413399031339424240000000102013210000000000451234678
0635911019399494491911033921044999939000421299319999099930001000112013211100000000543212701
0635999140399094439109934421044991909494224094109993223230000000000003900000000000453214802
0605923992313999042331903434044921293949941322909112920100000000000000900000000000235414548