0925919299999990992929219990099091292092909919999929299090000001102022120000000000345211529
0915099199992314039210409144312920990911023392291294142340000010007011411000000000354122167
0935419434103002103913013900244993902041013419322193142140000010008013210100000000134521545
0935419439103002103993013900244993922041993419394193112140000100005013210000000000134521448
0915422911113312333939924994100999291299929029192319943020000011002021020000000000154232488
0935992999229932993309992399949933932949939999999329999990010001010013010010000000214531194
0905302999001342412299011331234930299390492400021213142140000000000000900000000000534121985
0905404934441202330039394431241939991020042990139332012230000001105020220001100000541231865
0905409934441202230039394499919939991020012990139393012230000100002010410000000000541231930
0935449990041212013030292323201993421341134130923412400040000100003013210000000000124532085
0935993339349921909993913499992933394999290299999929929990000010005013210000000000431521205
0904900119101990190099199999999909999999919900919999999990000000110010410000100001542311251
0905900119101990190099199999999909999999919900919999999990000000000000900000000000542311882
0905144420034131213004322131323940023944149040130432212320010001012010210001100000521341980
0905494990034931393009994119319940043949149090990439991931001100104020420000000000521341504
0905299202133314431012020412344990003203424410311421334241010101002020120011100000542312123
0925992999920190449399900219143930993042441022329922943040000100005012110000000000425311548
0925924212121041302314319221033932190442330349909143040990000110007022020100000000345121905
0925929212421141302994999221033992199442940349919943190990100010005012110000000000345121391
0935929911132199992233424913919934914431922243339919422990000001004013210000000000124531860
0925192401414939430294921232901929293003003413340234920310000000000002900000000000125343788
0935292214930022009339943941090913334994192142139990329940000000000003900000000000412532007
0935990031133309999301991990999939199003199993099191939990000011005023020100000000243511898
0915233341231243029241321444044920999011032131401243230400000010001011010000000000351422804
0935933919994499042294909499190923314313910493994930030220000010005013210000000000234511368
0935933992393299992399999999999999999939929933999932299990000100007013210000000000243511167
0945041442220203319094992214331949104001111099901234341030000000000004900000000000214351998
0915919199992129993299299129399299929119339912299210190920000100105021020000000000154231884
0905203092319241112439143202101924143902909402091391049490000001107020420000000000523142706
0905901092219921992299112209109991999909909902091999099290000000000000900000000000523142671
0945042444423230112344201300010911109302330221142413232010000000000004900000000000123452384
0935994331199913002309930434094943230493012024099299940910000011004023220000000000214531909
0925041299294199333929913243900492042432144022194110440330000110005022020100100000235141740
0925941299294199404929949241909992042412949922199910440990000000105012110000000000235141634
0905999199399099290999213030999910039099192991910939093910000001108020220101000000542311617
0905999199399099290999313030999910039099192991910999093910000000107010210001000000542311644
0905999199399099190999913090999910099099999999910999099930000011005020320000000000542311624
0905999494990992949990499994929999944909999990900000922990000110007020220000100000513241351
0905299923930114449100922300431190399132100422933312022330000100103020420000000000523143024
0915310412311444003919342431020999913142300949914332202200000011004021421000000000251341628
0945234939324440909394919909193923024144230020339241231010000000000004900000000000213453052
0925922043292440944922930933299993394302940939334499432990000000000002900000000000215432351
0945999994290392409924429029402994003919014490202233191040000010110024320010000000234152776
0945999994290392409924429029402994092919014490202903191040000001005014310000000000234152797
0905141009234043434431043141223930402942122219034310120231000100007010310000100000521342449
0904941009349014434931049999139990404999994319034390990190000000110010410010000100521342118
0905409994344491999090900393999994041949119309004939939990000101102030320000100000521431194
0925924294949129999993992923493991919329949329929924319390000000000002900000000000145231859
0925902939331914103999332314910923222929394092992999199190000100003012110000000000135421679
0945920949342303023344949990931999949999390104499492939010000000104014310000000000213451681
0945323449300392294204939099290943390249490239394990994990000000000004900000000000213451835
0915919999919499991999911999939991199119399999999999299991000100005011410000000000152341059
0925942914431410013322332402001949932901291394292049319300000001007012110000000000215342124
0925942949431410013322332902900949932901299394292049499190000100005012110000000000215342287
0925199244902231139944492902923999091999199329212930399330000010008012110000000000235141959
0925199244902231939944492992923999091999399929212939399130000010009012110000000000235141997
0915311309294344441319020223203911302343240211931902940940000001001011010000000000453121200
0905314109092412349300119440313921194101044420230422213430000110007020320100100000543212340
0905391109099411349900199290313991992109044410190429491930000011002020420000000000543211957
0905393000032332119239300221234939441411221190990243044320000110001020420000000000532141660
0904909999999990999099019919099909919999999990009199999990000001010010410000100001523141088
0905909999999990999099019919099909919999999990009199999990000000000000900000000000523141200
0905930939444029919993093903212909329990249290900244439910000100112120420000000000521434549
0925993392120901999922092929191920990290991999309203993900000010102022120000000000415321986
0925199293949914444333229242991923923994934039922909440090000010007012110000000000425311943
0924922293329233990902903993299009309999399999923399929990000001009012110100001000425311862
0925922299329233999902993993299009399999999999923999929990000001005012010000000000425311970
0925392211149292409331429343100991299299941024439233933000000000109012110000000000145231876
0925992214149292999931929943393991299299991323439233939990000001011112110000000000145233148
0935991399914239022143943910320913394941240099193934249200000010008013210000000000231541822
0935999399914239492113993949322993394999999999993934249990000101002023120010000000231542108
0935443424112140043103023224020931323101011242032930104140000000000003900000000000134522336
0905909999919999919909922200919909290999200929999999990990000000000000900000000000543121703
0925922919333210190299293219390909239299099001199102019190000010104022020100000000325411548
0944949999499290999949999909499994999999929949499494099990000010010014310001000010321451157
0944949999499999999949999929499994999999999949499494299990000100009014011010010000321451058
0945199043493142211934192432131492329213433102003400040221000100007014310010000000324153175
0905930300031412239493900021233943104424244149939140224110101010105020320000100000523142128
0935242331104320222343134423002911199124142034002140134000000000000003900000000000142532660
0935993131230191949190004999914919314239991193933349999100000001010113210000000000324514179
0925993010209324331919133314994942412291239090221234449440000010004012110000000000415232889
0925909142132310340223229190319999993199321022041099991900000000110012010100000000345211446
0925909902132310390223229190199999993199321922191099999990000000104012110000000000345211576
0925922313302100311012909034441909913023149232233102441040000000000002900000000000235412329
0925942034191200034999929494493942004210093342209490499220000010012012110000100000235142263
0925942014190204034999929494999942004290099942209499499220000001012012110000100000235142252
0925992414190204399999929494999942404290099942209499499220000110001022020100000000235143123
0915999999912949999999999999119911319219944091109399922240000100011011010000000000254311395
0914999999919929999999999999119911219219944091109499992290000000110011411001000010254311268
0945242010012001334412221231322991944100104399090410423430011001104024321110000000432152253
0945942449010042909941911242999992099990999992949992440900000000000004900000000000243152225
0915929229913232931133321030392999291011299319099190999990000001005011010000000000254311809
0915990999199923931991229399900999390999212919102991191990000000000001900000000000354211696
0935030219044344200439331421322911030210142200931493949490000100005013210000000000243512278
0905290112143200419934021342401991992942990209140029999210010001011010210001100000521342254
0945342043310140311924039941321493102991220102242140420330000011008024320110000000423152425
0945342042310140311994039941321499102991220102242140420330000011003024320000000000423152489
0905442921234413331302132044324949220090320191414109032040000001108020320010100000542133920
0945949922300011309399934142303949422201244149999343131120000000000004900000000000234151780
0925091041012413939202100322404944102410204394124114923390000110101032321100100000245132831
0925091941402414939202909022404949112410204394129194923390101010107022120000100000245132364
0905990999920933399099233999999999903299999900900029999990000000000000900000000000523411253
0945940922323091912094209249001949494939949902943439020090010001008014310000000000413251962
0935999993304909209314149310420911944340132234990490133120000010107023220100000000142532188
0935999993300999209314149319020991944340932231990499133120000001010013110010000000142532059
0935999993301999209314149319099991944329932231990499933120000001109023020110000000142531947
0935999930993999193933119339991933299199929992992129991990000000000003900000000000143521439
0914999999299992991921919911999919919999999999911999999990000100004011310001000010254311072
0905990999029999490329939993004923099920992490290993392320000010009010410000000000523411697
0905990999099999990329939993009929099920992990390992399390000100007010310000000000523411624
0904999299999999990999099999099909990099929909999990029990000010009010410000100001514321090
0935020102999994942331042911944992934392994193313139149390010001010113210000000000243513364
0915929019491423102999194134403199232294900233219199391020000100107021020000000000153242773
0925992393202991492232993243109929903929991439999931933400000100104022120000000000425311506
0925421923011923099932292194993909023309909999992299100390000001003012110000000000135421603
0945049949944909109914999291292949299922494439992009992100000010012014310000000000143251477
0945049949944909199914999992299949299929494409992099992120000000000004900000000000143251789
0925390429431143109024033222040929444319410000423493212330000001009012010100100000245132115
0915990021092313432901239221944934110913219429100393449440000010107021020000000000254312401
0915990021392313432901239221944934113919219429100993449440000001009011010000000000254312500
0914994421392319932941239221944934113919219429143993499990000000110011011000010000254312557
0915994421392319932941239221944934113919219429143993499990000000000001900000000000254312928
0905190909029490990911942191999999912449099200099929249190000000104010410000000000543121436
0935999994993999993999999939399943999999999939399934499391000100005013410000000000123541546
0905902909999991929024903430144930344433291442901930313020000100007010210001100000521431646
0905909909999991929023903930194990344433494922901930313090000101002020420000000000521432384
0945393244139441299429991199231943999199123999949243993490000000105014310000000000243151606
0915229999411449939299193240200999319044120321299131013320000100105021020000000000153242117
0945391349241901321441432040320930193429320490411190331020000000107014310000000000243152056
0945991049249909191441412142122999991499320490419999139020000000105014310000000000243151940
0945299440399209039421424303499992099239390049123394994910000110001024320000000000413251404
0945299442399209099429424303499999999239390949390994994930000010004014310000000000413251193
0944999220122920090429999949910910120041191944449990944190000000105014310001000010314251920
0945999220199909090499999949910910120242191944449990944190000100003014210000000000314251814
0925113303030343104221399042220911309292101092931344041240000001008012110000000000135423254
0925111393030340104221399042220991309292911992931304041240000001010012010100000000135423102
0925111099030910999221399992229991309292919992933300919210000100005012111000000000135422791
0935294934940941913333314400042919399919409931931999141940000101103033020110000000142532084
0935999143009009499999399931149093341304934939993911199040000000110013010100000000341521236
0935999943009009499999399931149193341304934939993991199040000000107013110000000000341521178
0935999943909009499999399931149993341399934939993999199040000001001013110000000000341521104
0935499319414294999393993439944199393939994299941491139990000001007013210000000000341521522
0934999319414499999393993939944199393939994199941494939990000010008013210010000100341521450
0935999399914499999393993939944999393939999199999991939990000001001013110000000000341521101
0915911929292993041299931311999992999991919999999933230140000010103021020000000000153422130
0945949194099929292941199994909999999999229244949949499990000000000004900000000000143251543
0945041099909141204044943243310191999192122329339103441330000000000004900000000000243153014
0914929921999199999002199929999299010912199999112292999190000000110011411000100001354122369
0905230930119920999309900990014999313310223991999999213940000110009020420000000000523412126
0905930930119920999309900990012999313310223991999999219930000000000000900000000000523412324
0935999131399049111222249922014933333999999939299999243900000000000003900000000000234514606
0914919199999199999991999939399999919999999919919199991990000010002011011000010000352411055
0945999401129942099409412294990901941991149199999294994990000001107024020110000000243152018
0945999241499499994440900094999194010292490099099099999990000001002014210000000000324152009
0905929903999011229903399929299900911292191300092999039210000001011110310000000000531423934
0945934391312941409349023291910934191919949931494029990410000000000004900000000000132453146
0915411499099902249911913493004994431039910919229993941930000101009021221001100000251431490
0945003944933910324499194991223999039394342199932234034210000110009024220001000000421351787
0945213944993913334499194993999999399994949199933394394990000001010014210001000000421351593
0945193944993913934499194993999999399994949999933394394990000100001014310000000000421351397
0915914991999931991934999999933913999499939999991114194990000000000001900000000000152341641
0925932399949939993212342219944499939332329191293941429990000000000002900000000000125342482
0945994299090499299999909393239990449493493949993994399490000000104014310000000000314251353
0945123403221100313244342200101932493194313202214443002310010001008014110011000000214352563
0925443130302439442923119322900931142900404092403324102030000010002012110000000000145322618
0915440211443103430211903291302900114024232243144034002330100010009011311000100000452132325
0915940011444103439411904991399909114020230290144039902320000000109011411000000000452131976
0915940011444199999011909991099999114040999290144099902990000000107011010000000000452131814
0915949011444199999911909991299999114000999299144099999990000110102031020000000000452132133
0915410122110202430903939923349919220114932341001093443420000000107011010000000000452131583
0915942924001934341924199941033921040902329312921132991490000100009011010000000000254312198
0915942924931939991924199991439921949992929412921129991990000000000001900000000000254312447
0915021943413439240114432140022931921919010493902300209240010001009011010000000000154232186
0915921943413409243114432140022991921919019493902300209240000001002011010000000000154232350
0945924423949949119344999909990299439930900393903043943010000000109014310000000000213451843
0944934439949949309344999909999399499990900993903049949090000001108024320100001000213451783
0945934499949949309344999999999999499999930993999949949390000100004014310000000000213451319
0945943334009994999999242929229940949990923309900294940490000000103014310000000000413252325
0915999199919099999149929099999990101999099919109129100990000000000001900000000000453211588
0905990999990949999999249949994900009400999999999209999990000010003010410000000000543121398
0935999933993990993999990099339999193390399099999199999990000000000003900000000000431521384
0915009414391413231124921922034910930349030021212434424030000001009011010000100000254131638
0915999014291414201124991922999910949949949921212999924040000001007011010000000000254131509
0915999010291414201192991942999919949999949921212999929040000011003021421000000000254131700
0905399009492244331300210219119914102942103210229194094230000100002010410000000000542131777
0935032929992499903999993914912999929313290033399391999100000100003013210000000000123541388
0935119904901042443991390334112999399939192939933940400420000010003013210000000000243511480
0935993113190304393044994099499910944999949933199390311190000000000003900000000000431522873
0945041494901220319291209441010929113903341099494992413910000010101024320000000000124352386
0925099922930204093349234421311990430411144933922342200430000100103022120000000000125342958
0925042192943324001190434224400911919132144292241900130330000001004012110000000000145232326
0924029233299942933030999493003499243204909990322203449990000001010012110100001000215342081
0925029299299942999993999993009399233244909990022203449991000100005012010000000000215341813
0924992993229999999949329999999924923929299999293399999990000100009012411001010000215431669
0945049422203220321343029111433919140300221144419410903230000000109014310000000000412351558
0945949409903220391341029111433919140200221244499410903230000000104014310000000000412351677
0935099333999999299399399139292939991493999939999199929990010001008013111010000000123541115
0935992919919224409393993429104939399131422939903394140000000100005013210000000000124531106
0905930990994993929999909999999934000943020293994909992230000000110010410001000000512341785
0905930990994999999999909999999993000949030993999909999390000001002010410000000000512341998
0905199039940092922990994433293999029344923109909390901290000011103030420000000000523141706
0924942949993904390922233043440923223449433002432499909990000010002012110100001000235141528
0925092200003939002991390449999992122334904029211243939040000010003012110000000000245311414
0905909999999992290999999999999999090992990909909904990990000001011010410000000000514321126
0904909999999992290999999999999999090992990909909909990990000100008010410000100001514321151
0905410224122104349439230410313930934102230422903129944010001000109010410010000000534212621
0905910292929904349439230210313930931102240122903129991090000100004010410000000000534212684
0925349233144291309999413991140939922394232322921999991410000010008012110000000000215341486
0925999293144291939999433991943999922994212322921999991410000001007012110000000000215341121
0925999299149299939999934999943999922994212322923999991110000100005012110000000000215341104
0925402320203409239409449011930999920032223393992393999000000001003012110000000000345122435
0945222443411201100340411924302919042911933930333092404310000010008014310000000000231452811
0945222443411291910349401904301919042919933939333092494390000100010014210001000000231452642
0945103443419191999349401904399919041919939999333099494990000110001024320000000000231452874
0905200100091494319999999994439100499919949909994919099490000100007010410000000000523141393
0905900100091499499999999999499900199999949909999949099990000001001010410000000000523141315
0925929192299291439221119000004909291394141429999194291130000001103022321100100000315241166
0924993229299299409044999399993930490292004332992499024990000010009112110100001000315242501
0944944234232929239934940909999999999900449344339330299020000000110014210101001000213451260
0945944334232929239994940909999999999900449344399330299020000100004014310000000000213451248
0945314231121330323231344130442904401220090103924103214220000001011014110011000000413252752
0945324299121330923939344130442904411220093909924103214220000110004024320010000000413252387
0945994399292330929999344939449994432990093999904023294290000010003014310000000000413251597
0915299949209099349919390142303219343112132219144201224340000100005011010000000000451231367
0925049999412203314922432222003999949491199349923999943130000001009012110000000000135241748
0924999999992293999922492222993999999999999999929999999990000001005012110100001000135241021
0924919293412949492292431491999992439492933992994499929990000001008012111000010000125341185
0924949293432999992292934494999992439492949992994999929990000010005012110100001000125341223
0924949299942999992292994994999992449492949992994999929990000100005012310001100010125341170
0925999299942999992292994994999992449492949992994999929990000100001012410000000000125341138
0925919939999329992239921999991999999399299922999992293990000011005022120000000000125341627
0945049904444402239919001313113919091322332342499120402320000001105024220001000000341251832
0945049904444402939919009291113999099999212949499920492930000010007014310000000000341251692
0935933399944309993399999493999999990999949943999999439990000000103013010000000000421531493
0935992333290204240993030093024323923411242109442110114110000100007013210000000000421531829
0935992333299004240993030093024323923011249109442119114110000000108013210000000000421531728
0935991333099904490993030093014343943019149909999119191190000000000003900000000000421531856
0935290299433324411442113123212903193200024140391030044010000101005023221100000000421533104
0945344009021493919349139992992941191432941999449012200230000001005014310000000000432151512
0905390410001014299014349341232944339410392190414409332930000010007110210001100000541234524
0904349990049399099009993990933299999392999990999093409391000100011010210101101000534121884
0905349990049399099009993990933299999394999990999099909390001000109010310000100000534122374
0904999990099499099009999990999299999994999990999099909990000000112110410001000010534121346
0905990290909093999399999333999992993999099993099039009990010001004010310000000000523412007
0905900911999999999221919019992909992909004992909094212290000010101020120010100000543121879
0905199004121229429991990194322904494392099400009139929930000000000000900000000000512341548
0945992120149931209421433949491921441491431099912032399020100010010014210101000000123452135
0945942999944493920403039203093934024220939344909329990990000010007014310000000000413251703
0945949999944493990409039903993994994229909344999229990990000001005014310000000000413251526
0945044990329943934999249094993299900949093949099994939930000100008014310000000000412352079
0945944990029943934999949094999299900949093949099994939930000010005014310000000000412352030
0915433244134010222322413033244921944041320412199109193990000001104021020000000000253413036
0915433249144012922322414033244921994041329412199199193990000001007011010000000000253412973
0915422249144912922922414349299991999441929419199199193990000011102031320000100000253412292
0914999929129912992922212299999991999921999919199199199990000010009011410000100001253411721
0915999929129912992922212299999991999921999919199199199990000000000001900000000000253411878
0925939202920914143399212191190933319209290033213900001210000001011012411100000000325412341
0925939292920910103399212191199933309209290033293900091290000100104022120000000000325412490
0905391399994091190319900310933900943991309490339949399990000100008010410000000000521341688
0905999144319394999309191914349991901403309004011900914940000000000000900000000000531422559
0925329019324942042940994092414910120940203429999093201010000001107022120000000000325411994
0925329019324942042940994092904910920940299429999090201940000001004012110000000000325412436
0925022324219494032230994394310991134034341329011939491220000010009012010100000000145321768
0925022324219494992230994399313991134034341329011939491220000010010012010100000000145321779
0924422324219499992233994399399991134134391929311939491220000100011012011100010000145321634
0925422923219499992239994399399991134134399929331939191220000010004012110000000000145321641
0925422923299399992239991399399991111993999929339939991220000000109012110000000000145321563
0924322923299999992299991399399999911993999929999939991220000100009012410100100001145321339
0935913343110111224030041033010443313424201444999990910200000000014103900000000000132544344
0945244999499990390440190414122910111222439031432929110000000000108014310000000000341251943
0945944999499990190441191494122999911299499921432929112090000010009014310000000000341251764
0945944999499991191449199494992999911299499921411999199990000001007014210000000000341251621
0945093299113004311049402204210942223133321320149113444200000100105024320110000000234152189
0945092299113004211949402204213949299133391992049313444290000000101014310000000000234152362
0945949941199929999194999999991949199999194144929999449990000000000004900000000000234151667
0945994999940990999499999499999999494490009999949999499990000000000004900000000000423151036
0905920099223934249309903311914920990249143233239340909400000001009010410000000000523412739
0905900999999199999090999199999909909009994990999999999990000100003010410000000000512341094
0945240324310033430992419949919999922120149223413313124430000000000004900000000000342153911
0925929923934149099912423392410499392914190093129322431190000010009012010100000000135242050
0925929923994449999912423392410499392919190993129322431190000001009012110000000000135242108
0924929929993199999912929992991999992919999999329922999990000100005012110000100001135241601